code,internal_code,name,manufacturer_name,manufacture_country,manufacturer_item_description,unit_qty,quantity,unit_of_measure,weighted,qty_in_package,price,unit_of_measure_price,allow_discount,status,item_id
18,false,"תבשילים ""חמים וטעים"" 29.90 ש""ח",,,"תבשילים ""חמים וטעים"" 29.90 ש""ח",יחידה,1,יחידה,false,0.0000,29.9,29.9000,false,1,
24,false,לחמניה פרח קצבורג,,,עיתון ידיעות,יחידה,1,יחידה,false,0.0000,6,6.0000,false,1,
46,false,פיתה,,,פיתה,יחידה,1,יחידה,false,0.0000,1.8,1.8000,false,1,
110,false,מי עדן 1.5 ליטר מארז שישייה,ביכורי השקמה,,מי עדן 1.5 ליטר מארז שישייה,יחידה,1,יחידה,false,0.0000,17,15.2000,false,1,
154,false,משלוח עד 4 ארגזים ערד,,,סלרי אמריקאי קצר,יחידה,1,יחידה,false,20.0000,9.9,9.9000,false,1,
199,false,שורש פטרוזיליה,ביכורי השקמה,,סוכריה על מקל,יחידה,1,יחידה,false,0.0000,2,2.0000,false,1,
200,false,"ירקות סוג ב' לק""ג",,,אבוקדו,"ק""ג",1,"ק""ג",true,0.0000,24.9,24.9000,false,1,
201,false,אנונה,ביכורי השקמה,,אבטיח,"ק""ג",1,"ק""ג",true,0.0000,10.9,10.9000,false,1,
203,false,קרמבולה,ביכורי השקמה,,אגסים,"ק""ג",1,"ק""ג",true,0.0000,22.9,22.9000,false,1,
206,false,אפרסמון,,,אפרסמון,"ק""ג",1,"ק""ג",true,0.0000,24.9,24.9000,false,1,
211,false,לחם אחיד 750 גרם,,,בטטה,"ק""ג",1,"ק""ג",true,0.0000,12.9,12.9000,false,1,
213,false,חציל בלאדי,,,בננה,"ק""ג",1,"ק""ג",true,0.0000,11.9,11.9000,false,1,
214,false,בצל יבש,,,בצל יבש,"ק""ג",1,"ק""ג",true,0.0000,6.9,6.9000,false,1,
215,false,בצל ירוק צרור,ביכורי השקמה,,בצל ירוק צרור,יחידה,1,יחידה,false,8.0000,7.9,7.9000,false,1,
216,false,שקדים ירוקים,ביכורי השקמה,,בצל אדום,"ק""ג",1,"ק""ג",true,0.0000,9.9,9.9000,false,1,
217,false,עגבניה תמר,,,ברוקולי,יחידה,1,יחידה,false,4.0000,16.9,16.9000,false,1,
218,false,גזר ארוז,,,גזר ארוז,"ק""ג",1,"ק""ג",true,0.0000,8.9,8.9000,false,1,
220,false,אפרסק,,,דלעת,"ק""ג",1,"ק""ג",true,0.0000,13.9,13.9000,false,1,
222,false,דלורית,,,דלורית,"ק""ג",1,"ק""ג",true,0.0000,9.9,9.9000,false,1,
223,false,חסה עגולה,ביכורי השקמה,,חסה עגולה,יחידה,1,יחידה,false,6.0000,9.9,9.9000,false,1,
224,false,קישואים עגולים,ביכורי השקמה,,חסה ערבית,יחידה,1,יחידה,false,8.0000,8.9,8.9000,false,1,
225,false,"ממתקים ב 1.5 ש""ח",חוות פטריות תקוע,,חצילים,"ק""ג",1,"ק""ג",true,0.0000,9.9,9.9000,false,1,
227,false,כרוב אדום,,,כרוב אדום,"ק""ג",1,"ק""ג",true,0.0000,9.9,9.9000,false,1,
228,false,כרוב לבן,,,כרוב לבן,"ק""ג",1,"ק""ג",true,0.0000,5.9,5.9000,false,1,
229,false,כרובית,,,כרובית,יחידה,1,יחידה,false,6.0000,14.9,14.9000,false,1,
230,false,תפוז ברשת,ביכורי השקמה,,לימון,"ק""ג",1,"ק""ג",true,0.0000,14.9,14.9000,false,1,
232,false,מלון,,,מלון,"ק""ג",1,"ק""ג",true,0.0000,14.9,14.9000,false,1,
233,false,קישוא זוקיני צהוב,,,מלפפון,"ק""ג",1,"ק""ג",true,0.0000,12.9,12.9000,false,1,
234,false,מנגו,,,מנגו,"ק""ג",1,"ק""ג",true,0.0000,19.9,19.9000,false,1,
238,false,סברס,,,סברס,"ק""ג",1,"ק""ג",true,0.0000,39.9,39.9000,false,1,
239,false,סלק אדום,,,סלק אדום,"ק""ג",1,"ק""ג",true,0.0000,6.9,6.9000,false,1,
242,false,עגבניות,,,עגבניות,"ק""ג",1,"ק""ג",true,0.0000,12.9,12.9000,false,1,
243,false,עגבניות שרי עגול,,,עגבניות שרי עגול,"ק""ג",1,"ק""ג",true,0.0000,19.9,19.9000,false,1,
245,false,ענב אדום/שחור,,,ענב אדום/שחור,"ק""ג",1,"ק""ג",true,0.0000,34.9,34.9000,false,1,
247,false,פומלה,,,פומלה,"ק""ג",1,"ק""ג",true,0.0000,12.9,12.9000,false,1,
250,false,סטארקיסט 85 גר' פרוק 5287336,,,פלפל אדום,"ק""ג",1,"ק""ג",true,0.0000,12.9,12.9000,false,1,
252,false,פלפל ירוק,,,פלפל ירוק,"ק""ג",1,"ק""ג",true,0.0000,12.9,12.9000,false,1,
255,false,לוף פרסה,,,לוף פרסה,"ק""ג",1,"ק""ג",true,0.0000,22.9,22.9000,false,1,
257,false,ענב לבן יבוא רמי לוי 500 גרם,,,קולורבי,"ק""ג",1,"ק""ג",true,0.0000,9.9,9.9000,false,1,
258,false,ענב שחור יבוא רמי לוי,,,קיווי,"ק""ג",1,"ק""ג",true,0.0000,29.9,29.9000,false,1,
259,false,"תפו""ע ברשת",,,קישואים,"ק""ג",1,"ק""ג",true,0.0000,14.9,14.9000,false,1,
260,false,אפרסמון קרמבו,,,קלמנטינה,"ק""ג",1,"ק""ג",true,0.0000,12.9,12.9000,false,1,
261,false,רימון,,,רימון,"ק""ג",1,"ק""ג",true,0.0000,16.9,16.9000,false,1,
262,false,שום טרי,,,שום טרי,"ק""ג",1,"ק""ג",true,0.0000,39.9,39.9000,false,1,
266,false,שזיפים שחורים,,,שזיפים שחורים,"ק""ג",1,"ק""ג",true,0.0000,29.9,29.9000,false,1,
270,false,תות שדה,,,תות שדה,יחידה,1,יחידה,false,0.0000,22.9,22.9000,false,1,
271,false,תירס,,,תירס,"ק""ג",1,"ק""ג",true,0.0000,16.9,16.9000,false,1,
273,false,"תפו""א לבן",,,"תפו""א לבן","ק""ג",1,"ק""ג",true,18.0000,3.9,3.9000,false,1,
274,false,תפוז גדול,,,תפוז גדול,"ק""ג",1,"ק""ג",true,0.0000,9.9,9.9000,false,1,
275,false,תפוח חרמון,,,תפוח חרמון,"ק""ג",1,"ק""ג",true,0.0000,12.9,12.9000,false,1,
277,false,פלפל שושקה/רומרו,,,תפוח מוזהב,"ק""ג",1,"ק""ג",true,0.0000,12.9,12.9000,false,1,
278,false,תפוח אדמה ירושלמי קסביה,,,תפוח סמית,"ק""ג",1,"ק""ג",true,0.0000,16.9,16.9000,false,1,
279,false,תפוח קריס ליידי,,,תפוח קריס ליידי,"ק""ג",1,"ק""ג",true,0.0000,24.9,24.9000,false,1,
283,false,פלפל חריף,,,פלפל חריף,"ק""ג",1,"ק""ג",true,0.0000,14.9,14.9000,false,1,
303,false,אגס אדום,,,אגס אדום,"ק""ג",1,"ק""ג",true,0.0000,24.9,24.9000,false,1,
305,false,משי טישו בודד פרוק של חמישייה 4932305,,,גויאבה,"ק""ג",1,"ק""ג",true,0.0000,26.9,26.9000,false,1,
306,false,תפוזים למיץ,,,תפוזים למיץ,"ק""ג",1,"ק""ג",true,0.0000,6.9,6.9000,false,1,
309,false,"תפו""א אדום",,,"תפו""א אדום","ק""ג",1,"ק""ג",true,0.0000,5.9,5.9000,false,1,
375,false,תפוח עץ פינק ליידי!,,,אספרגוס,יחידה,1,יחידה,false,0.0000,35,35.0000,false,1,
379,false,סלרי ראש,,,סלרי ראש,יחידה,1,יחידה,false,10.0000,9.9,9.9000,false,1,
381,false,ג'ינג'ר במשקל,,,ג'ינג'ר במשקל,"ק""ג",1,"ק""ג",true,10.0000,59.9,59.9000,false,1,
442,false,תפוח חרמון ברשת,ביכורי השקמה,,נבטים סיניים,יחידה,1,יחידה,false,0.0000,7,7.0000,false,1,
563,false,אוכמניות,,,אוכמניות,יחידה,1,יחידה,false,0.0000,16.9,16.9000,true,1,
626,false,משלוחים לבני ברק,,,ברוקולי,יחידה,1,יחידה,false,0.0000,16.9,16.9000,false,1,
784,false,פלפל כתום,,,פלפל כתום,"ק""ג",1,"ק""ג",true,0.0000,12.9,12.9000,false,1,
844,false,לפתניות צבעוני לבן ר.שמאי 25 יח',,,פלפל שושקה,"ק""ג",1,"ק""ג",true,0.0000,22.9,22.9000,false,1,
846,false,מלפפון מיני,,,מלפפון מיני,יחידה,1,יחידה,false,0.0000,14.9,14.9000,false,1,
850,false,אבוקדו אס,,,אבוקדו אס,"ק""ג",1,"ק""ג",true,0.0000,24.9,24.9000,false,1,
999,false,"שרי תמר חו""ל",,,שום אריזה,יחידה,1,יחידה,false,40.0000,14.9,14.9000,false,1,
1500,false,"עיתון ידיעות סופ""ש",,,"עיתון ידיעות סופ""ש",יחידה,1,יחידה,false,0.0000,20,20.0000,false,1,
2066,false,אפרסמון בצורת קרמבו,,,אפרסמון בצורת קרמבו,"ק""ג",1,"ק""ג",true,0.0000,24.9,24.9000,false,1,
2259,false,זוקיני קישוא כהה,,,זוקיני קישוא כהה,"ק""ג",1,"ק""ג",true,0.0000,14.9,14.9000,false,1,
2260,false,דלעת ערמונים,,,דלעת ערמונים,"ק""ג",1,"ק""ג",true,0.0000,24.9,24.9000,false,1,
2333,false,פלפל מתוק/חריף יבש,,,מלפפון פקוס,"ק""ג",1,"ק""ג",true,0.0000,14.9,14.9000,false,1,
2422,false,עגבניה מגי\טעם,,,עגבניה מגי\טעם,"ק""ג",1,"ק""ג",true,0.0000,29.9,29.9000,false,1,
3332,false,עגבניות שרי תמר/מנומר/צבעוני,,,עגבניות שרי תמר/מנומר/צבעוני,"ק""ג",1,"ק""ג",true,0.0000,29.9,29.9000,false,1,
8677,false,שזיף אדום,,,שזיף אדום,"ק""ג",1,"ק""ג",true,0.0000,29.9,29.9000,false,1,
8848,false,לימון ליים,,,לימון ליים,"ק""ג",1,"ק""ג",true,0.0000,14.9,14.9000,false,1,
303030,false,פיקדון 30 אג',,,פיקדון 30 אג',00000,1,00000,false,0.0000,0.3,0.3000,false,1,
644783,false,מנות פילה סלמון קפוא דגי תנובה,דגיים קפואים,,מנות סלמון קפוא תנובה,"ק""ג",1,"ק""ג",true,0.0000,119.9,119.9000,false,1,
748532,false,ברוקולי,,,ברוקולי,יחידה,1,יחידה,false,0.0000,16.9,16.9000,false,1,
1111555,false,"מימוש נקודות צבירה ללא מע""מ YELLOW",,,"מימוש נקודות צבירה ללא מע""מ YELLOW",יח,1,יח,false,0.0000,0.01,0.0100,false,1,
1111666,false,"מימוש חייב מ""עמ נקודות צבירה YELLOW",,,"מימוש חייב מ""עמ נקודות צבירה YELLOW",יח,1,יח,false,0.0000,0.01,0.0100,false,1,
1230331,false,סיגריות כאמל בוקס בודד,,,כאמל צהוב בוקס,יחידה,1,יחידה,false,10.0000,31,31.0000,false,1,
1230739,false,סיגריות כאמל כחול לייט,,,כאמל כחול,יחידה,1,יחידה,false,10.0000,31,31.0000,false,1,
1231233,false,סיגריות וינסטון בוקס בודד,,,וינסטון אדום,יחידה,1,יחידה,false,10.0000,33,33.0000,false,1,
1231932,false,סיגריות וינסטון כחול בוקס בודד,,,וינסטון כחול בוקס,יחידה,1,יחידה,false,10.0000,33,33.0000,false,1,
2767824,false,תותים ארוז,,,תותים ארוז,יחידה,1,יחידה,false,0.0000,24.9,24.9000,false,1,
3400500,false,ריזס חטיף קרמל וחמאת בוטנים נאטרייג'ס 47ג',ליימן-שליסל,,ריזס נאטרייג'ס קרמל בוטנים ושוקלד,00000,1,00000,false,0.0000,6,6.0000,false,1,
3402809,false,ריסס Reese's שוקולד לבן במילוי חמאת בוטנים,ליימן שליסל,,חטיף ריסס שוקולד לבן 1.5,00000,1,00000,false,0.0000,6,6.0000,false,1,
3423909,false,הרשי- קוקיס אנד קרים- חטיף בטעם שוקולד לבן עם שברי עוגיות,ליימן שליסל,,הרשי- קוקיס אנד קרים- חטיף בטעם שוקולד לבן עם שברי עוגיות,00000,1,00000,false,0.0000,6,6.0000,false,1,
3444009,false,ריזס חטיף שוקולד במילוי חמאת בוטנים 42 גרם,ליימן שליסל,,ריזס חטיף שוקולד במילוי חמאת בוטנים 42 גרם,00000,1,00000,false,0.0000,6,6.0000,false,1,
4014407,false,M&M אריזה קטנה's חמאת בוטנים אריזה קטנה 46 גרם,M&M אם אנד אם,,MM שוקולד פינאטבטאר,יחידה,1,יחידה,false,0.0000,5.9,5.9000,false,1,
5697494,false,"תום כמהין ""גלילי""",,,"תום כמהין ""גלילי""","ק""ג",1,"ק""ג",true,0.0000,229.9,229.9000,false,1,
7933624,false,נרדס תות ענבים 36 יח',,,נרדס תות ענבים 36 יח',יחידה,1,יחידה,false,36.0000,8.9,8.9000,false,1,
30112902,false,נייר גלגול קטן+פילטר,Unknown,,OCB נייר גלגול+פילטר,יחידה,1,יחידה,false,0.0000,6,6.0000,false,1,
40052403,false,קיט קט 4 אצבעות שוקולד חלב,נסטלה Nestle,,קיט קאט אצבעות,יחידה,1,יחידה,false,36.0000,5,5.0000,true,1,
40084077,false,קינדר מקסי שוקולד בודד 21 גר,קדבורי,,קינדר קאונטרי,יחידה,1,יחידה,false,36.0000,3,3.0000,false,1,
40084107,false,ביצת שוקולד הפתעה קינדר,פרדי קונדטוריה אס פי,,ביצה קינדר של פעם,יחידה,1,יחידה,false,72.0000,6.9,6.9000,false,1,
42101666,false,"מסטיק בטעם מנטה ואקליפטוס איירווייבס 35 גרם לל""ס",ריגלי,,ריגלס HP מנטה,יחידה,1,יחידה,false,0.0000,7.5,7.5000,false,1,
42138105,false,סיגריות וינסטון סלימס כחול בודד,גיי טי אינטרנשיונל,,וינסטון ס.ס כחול,יחידה,1,יחידה,false,10.0000,33,33.0000,false,1,
42306788,false,מסטיק בטעם אוכמניות ומנטה איירווייבס 35 גרם,ריגלי,,ריגלס HP אוכמניות,יחידה,1,יחידה,false,0.0000,7.5,7.5000,false,1,
50312719,false,קדבורי חטיף טווירל 43 גרם,,,חטיף טווירל קדבורי 24 יח',יחידה,1,יחידה,false,0.0000,6.9,6.9000,false,1,
54013681,false,ריזלה נייר גלגול אפו,ריזלה נייר גלגול אדו,,ריזלה + כחול,יחידה,1,יחידה,false,0.0000,3,3.0000,false,1,
54013698,false,ריזלה נייר גלגול כחו,ריזלה נייר גלגול אדו,,ריזלה כחול,יחידה,1,יחידה,false,0.0000,3,3.0000,false,1,
54051140,false,מעדן סויה טעם וניל אלפרו רביעיה * 125 ג',הנסיך- מפעל לייצור ט,,אלפרו מעדן סויה בטעם וניל * 4,יחידה,1,יחידה,false,0.0000,19.9,19.9000,false,1,
59039549,false,סיגריות ווג פריזון מנטה בודד,Unknown,,ווג מנטה,יחידה,1,יחידה,false,10.0000,36,36.0000,false,1,
59068914,false,סיגריות פאל מאל סילבר דמי סלימס,Unknown,,סיגריות פאל מאל דמי סילבר,יחידה,1,יחידה,false,10.0000,26,26.0000,false,1,
59455240,false,סיגריות ווג ליידי לילך בודד,Unknown,,ווג לילך,יחידה,1,יחידה,false,10.0000,36,36.0000,false,1,
66666200,false,אבוקדו וולט,,,אבוקדו וולט,יחידה,1,יחידה,false,0.2000,6,6.0000,false,1,
66666203,false,אגסים וולט,,,אגסים וולט,יחידה,1,יחידה,false,0.2000,4,4.0000,false,1,
66666210,false,אשכולית אדומה וולט,,,אשכולית אדומה וולט,יחידה,1,יחידה,false,0.3500,4,4.0000,false,1,
66666211,false,בטטה וולט,,,בטטה וולט,יחידה,1,יחידה,false,0.3500,4.5,4.5000,false,1,
66666214,false,בצל יבש וולט,,,בצל יבש וולט,יחידה,1,יחידה,false,0.1500,1.5,1.5000,false,1,
66666216,false,בצל אדום וולט,,,בצל אדום וולט,יחידה,1,יחידה,false,0.1500,2.5,2.5000,false,1,
66666218,false,גזר ארוז וולט,,,גזר ארוז וולט,יחידה,1,יחידה,false,0.1200,1,1.0000,false,1,
66666220,false,דלעת וולט,,,דלעת וולט,יחידה,1,יחידה,false,0.3700,9.99,9.9900,false,1,
66666225,false,חצילים וולט,,,חצילים וולט,יחידה,1,יחידה,false,0.3300,4,4.0000,false,1,
66666228,false,כרוב לבן וולט,,,כרוב לבן וולט,יחידה,1,יחידה,false,1.3000,6,6.0000,false,1,
66666230,false,לימון וולט,,,לימון וולט,יחידה,1,יחידה,false,0.1500,2,2.0000,false,1,
66666233,false,מלפפון וולט,,,מלפפון וולט,יחידה,1,יחידה,false,0.1200,1.5,1.5000,false,1,
66666234,false,מנגו וולט,,,מנגו וולט,יחידה,1,יחידה,false,0.3500,8,8.0000,false,1,
66666238,false,סברס וולט,,,סברס וולט,יחידה,1,יחידה,false,0.2500,6,6.0000,false,1,
66666242,false,עגבניות וולט,,,עגבניות וולט,יחידה,1,יחידה,false,0.1500,2.3,2.3000,false,1,
66666243,false,עגבניות שרי וולט,,,עגבניות שרי וולט,יחידה,1,יחידה,false,1.0000,14,14.0000,false,1,
66666245,false,ענב אדום/שחור וולט,,,ענב אדום/שחור וולט,יחידה,1,יחידה,false,1.0000,29.9,29.9000,false,1,
66666250,false,פלפל אדום וולט,,,פלפל אדום וולט,יחידה,1,יחידה,false,0.2400,4,4.0000,false,1,
66666252,false,פלפל ירוק וולט,,,פלפל ירוק וולט,יחידה,1,יחידה,false,0.2400,3,3.0000,false,1,
66666255,false,לוף (פרסה) וולט,,,לוף (פרסה) וולט,יחידה,1,יחידה,false,0.2000,5,5.0000,false,1,
66666257,false,קולורבי וולט,,,קולורבי וולט,יחידה,1,יחידה,false,0.2500,4,4.0000,false,1,
66666258,false,קיווי וולט,,,קיווי וולט,יחידה,1,יחידה,false,0.1300,4,4.0000,false,1,
66666259,false,קישואים וולט,,,קישואים וולט,יחידה,1,יחידה,false,0.1500,2.6,2.6000,false,1,
66666260,false,קלמנטינה וולט,,,קלמנטינה וולט,יחידה,1,יחידה,false,0.1700,4,4.0000,false,1,
66666261,false,רימון וולט,,,רימון וולט,יחידה,1,יחידה,false,0.4000,8,8.0000,false,1,
66666262,false,שום טרי וולט,,,שום טרי וולט,יחידה,1,יחידה,false,0.1600,4,4.0000,false,1,
66666263,false,שומר וולט,,,שומר וולט,יחידה,1,יחידה,false,0.2200,4,4.0000,false,1,
66666266,false,שזיפים שחורים וולט,,,שזיפים שחורים וולט,יחידה,1,יחידה,false,0.1500,3.9,3.9000,false,1,
66666270,false,תות שדה וולט,,,תות שדה וולט,יחידה,1,יחידה,false,0.0000,14.9,14.9000,false,1,
66666271,false,תירס וולט,,,תירס וולט,יחידה,1,יחידה,false,1.1000,14.5,14.5000,false,1,
66666273,false,"תפו""א לבן וולט",,,"תפו""א לבן וולט",יחידה,1,יחידה,false,0.1750,1.5,1.5000,false,1,
66666274,false,תפוז גדול וולט,,,תפוז גדול וולט,יחידה,1,יחידה,false,0.2500,4,4.0000,false,1,
66666275,false,תפוח חרמון וולט,,,תפוח חרמון וולט,יחידה,1,יחידה,false,0.1800,3,3.0000,false,1,
66666277,false,תפוח מוזהב וולט,,,תפוח מוזהב וולט,יחידה,1,יחידה,false,0.1800,3,3.0000,false,1,
66666278,false,תפוח סמית וולט,,,תפוח סמית וולט,יחידה,1,יחידה,false,0.1800,3.5,3.5000,false,1,
66666279,false,תפוח קריס ליידי וולט,,,תפוח קריס ליידי וולט,יחידה,1,יחידה,false,0.1800,4,4.0000,false,1,
66666283,false,פלפל חריף וולט,,,פלפל חריף וולט,יחידה,1,יחידה,false,0.0500,1.3,1.3000,false,1,
66666303,false,אגס אדום וולט,,,אגס אדום וולט,יחידה,1,יחידה,false,0.2000,4.6,4.6000,false,1,
66666309,false,"תפו""א אדום וולט",,,"תפו""א אדום וולט",יחידה,1,יחידה,false,0.1750,1.5,1.5000,false,1,
66666381,false,ג'ינג'ר במשקל וולט,,,ג'ינג'ר במשקל וולט,יחידה,1,יחידה,false,0.1400,8.5,8.5000,false,1,
66666784,false,פלפל כתום וולט,,,פלפל כתום וולט,יחידה,1,יחידה,false,0.2000,4,4.0000,false,1,
66666844,false,פלפל שושקה וולט,,,פלפל שושקה וולט,יחידה,1,יחידה,false,0.1500,3.5,3.5000,false,1,
66666850,false,אבוקדו אס וולט,,,אבוקדו אס וולט,יחידה,1,יחידה,false,0.2000,6,6.0000,false,1,
72940754,false,"מילקי מעדן וניל עם קצפת שטראוס 133 מ""ל","שטראוס גרופ בע""\מ",,מילקי וניל,יחידה,1,יחידה,false,0.0000,2.9,2.9000,false,1,
72940761,false,"מילקי מעדן שוקולד עם קצפת שטראוס 133 מ""ל",מיוצר עי קונדיטוריית,,מילקי שוקולד,יחידה,1,יחידה,false,0.0000,2.9,2.9000,false,1,
72940952,false,מעדן מילקי בטעם שוקולד עם אקסטרה קצפת,"שטראוס גרופ בע""\מ",,מילקי פי 2 קצפת,יחידה,1,יחידה,false,0.0000,4,4.0000,false,1,
72945308,false,קוביית שמרים טריים לאפיה שמרית 50 גרם,"פאקא תעשיות בע""\מ",,שמרית קוביות שמרים,יחידה,1,יחידה,false,0.0000,4.5,4.5000,false,1,
72964422,false,יוגורט פרחים 4.5% שומן 200 גרם,מחלבת תנובה,,"4.5% יוגורט פרחים 200 מ""ל",יחידה,1,יחידה,false,0.0000,3.9,3.9000,false,1,
72986370,false,"גלידת בן & ג'ריס פיינטים וניל 500מ""ל",מוצרי איכות אמריקאיים,,וניל,יחידה,1,יחידה,false,0.0000,24.9,24.9000,false,1,
72986424,false,"גלידת בן & ג'ריס פיינטים קרם עוגיות 500מ""ל",מוצרי איכות אמריקאיים בע,,קרם עוגיות,יחידה,1,יחידה,false,0.0000,24.9,24.9000,false,1,
72986455,false,"גלידה בן& ג'ריס ניו יורק סופר פאדג' צ'אנק 500 מ""ל",מוצרי איכות אמריקאיים בע,,ניו יורק סופר,יחידה,1,יחידה,false,0.0000,24.9,24.9000,false,1,
72986479,false,"גלידה שוקולד אגוז עם בננות בן וג'ירי 500 מ""ל",מוצרי איכות אמריקאיים בע,,צ'אנקי מנקי,יחידה,1,יחידה,false,0.0000,24.9,24.9000,false,1,
72989425,false,"גלידת בן & ג'ריס פיינטים שוקולד בראוניז 500מ""ל",מוצרי איכות אמריקאיים בע,,שוקולד בראוניס,יחידה,1,יחידה,false,0.0000,24.9,24.9000,false,1,
72991374,false,סיגריות טיים רד חפיס,דובק,,קופסה TIME אדום,יחידה,1,יחידה,false,10.0000,28,28.0000,false,1,
72991381,false,סיגריות טיים 100 RED בודד,דובק,,קופסה TIME ארוך אדום,יחידה,1,יחידה,false,10.0000,28,28.0000,false,1,
72991404,false,סיגריות אירופה חפיסה,דובק,,קופסה אירופה,יחידה,1,יחידה,false,10.0000,29,29.0000,false,1,
72993637,false,מעדן חלב בטעם שוקולד 125 ג' דני,"שטראוס גרופ בע""\מ",,"מעדן דני שוקולד ""שטראוס""",יחידה,1,יחידה,false,0.0000,2.8,2.8000,false,1,
72994061,false,חטיף פסק זמן GOOD גלילית לבן 40 גרם,שולן צ'\יקולטה גידה סאן.,,פסק זמן to good,יחידה,1,יחידה,false,20.0000,5.5,5.5000,false,1,
80001799,false,לואקר טורטינה שוקולד לבן,"כד בני דרום בע""מ",,"טורטינה לבן 24 ג""ר",00000,1,00000,false,0.0000,5,5.0000,true,1,
80042563,false,רסק עגבניות 700 ג' (צהוב) MUTTI,"איי, בי, אינבוו",,רסק עגבניות 700 גרם - מוטי,יחידה,1,יחידה,false,0.0000,13.8,13.8000,false,1,
80050025,false,סוכריות טיק טק תפוז 16 גרם,פררו - אלבה,,טיק טק תפוז,יחידה,1,יחידה,false,24.0000,5.5,5.5000,false,1,
80050124,false,סוכריות טיק טק מנטה 16 גרם,פררו - אלבה,,טיק טק מנטה,יחידה,1,יחידה,false,24.0000,5.5,5.5000,false,1,
80050278,false,פררו רושר חטיף כדורים שלישיה 40ג',פררו - אלבה,,רושר -חטיף,יחידה,1,יחידה,false,16.0000,8.9,8.9000,false,1,
80052487,false,חטיף+ציפוי קוקוס רפאלו30,פררו - אלבה,,רפאלו חטיף 16/3,יחידה,1,יחידה,false,16.0000,5.9,5.9000,false,1,
80052760,false,קינדר בואנו Kinder Bueno עם חלב ואגוזי לוז,פררו - אלבה,,קינדר בואנו בודד,יחידה,1,יחידה,false,30.0000,5.9,5.9000,true,1,
80052883,false,סוכריות מנטה חזק 16 ג' טיק טק,פררו,,טיק טק מנטה חזק כחול 16 גרם,00000,1,00000,false,24.0000,5.5,5.5000,false,1,
80176732,false,קינדר הפי היפו 28 יחידות,פררו - אלבה,,הפי היפו חדש,יחידה,1,יחידה,false,28.0000,4.5,4.5000,false,1,
80177180,false,שוקולד קינדר קאונטרי 23.5 גרם,ליימן שליסל,,קינדר קאונטרי,יחידה,1,יחידה,false,40.0000,3.5,3.5000,false,1,
80177609,false,אצבעות שוקולד קינדר Kinder ארבע יחידות,פררו - אלבה,,קינדר 50גר',יחידה,1,יחידה,false,20.0000,5.9,5.9000,false,1,
80177616,false,אצבעות שוקולד קינדר Kinder שמונה יחידות,פררו - אלבה,,קינדר אצבעות שוקולד 100 גרם,יחידה,1,יחידה,false,0.0000,9.9,9.9000,false,1,
80310549,false,הפי היפו חטיף קינדר שוקולד לבן 20.5ג',קריות זול,,הפי היפו חדש,יחידה,1,יחידה,false,28.0000,4.5,4.5000,false,1,
80761761,false,קינדר בואנו לבן בודד 39 גרם,ליימן שליסל,,ק.בואנו לבן חדש,יחידה,1,יחידה,false,30.0000,5.9,5.9000,true,1,
80773429,false,מנטוס בקבוק מעוגל - מסטיק ללא סוכר בטעם תות 60 גרם,"פרפטי ואן מלה ג'\ידה,סאן",,מנטוס בקבוק מעוגל - מסטיק ללא סוכר בטעם תות 60 גרם,00000,1,00000,false,0.0000,10,10.0000,true,1,
80773443,false,מנטוס בקבוק מעוגל - מסטיק ללא סוכר בטעם מנטה 60 גרם,"פרפטי ואן מלה ג'\ידה,סאן",,מנטוס בקבוק מעוגל - מסטיק ללא סוכר בטעם מנטה 60 גרם,00000,1,00000,false,0.0000,10,10.0000,true,1,
80780595,false,מסטיק מנטוס ביג בבקבוק מעוגל טעם מנטה-עדינה 90 ג',פרפטי ואן מלה הולנד,,מנטוס - גומי לעיסה ללא סוכר בטעם מנטה עדינה,00000,1,00000,false,0.0000,19.9,19.9000,false,1,
80790990,false,מסטיק מנטוס בבקבוק מעוגל בטעם פירות -מנטה 60 ג',"פרפטי ואן מלה ג'\ידה,סאן",,מסטיק מנטוס מנטה עדינה 30 יחי',00000,1,00000,false,0.0000,10,10.0000,true,1,
80794233,false,מסטיק מנטוס ביג בבקבוק מעוגל טעם מנטה 90 ג',פרפטי ואן מלה הולנד,,מנטוס - גומי לעיסה ללא סוכר בטעם מנטה,00000,1,00000,false,0.0000,19.9,19.9000,false,1,
80831402,false,סוכריות מנטוס מנטה עדינה 30 יח' ללא סוכר CLEAN BREATH,פרפטי ואן מלה,,ממתק לרענון ללא סוכר בטעם מנטה עדינה,00000,1,00000,false,0.0000,8,8.0000,false,1,
80874652,false,קינדר קארדס 120 גרם - בודד,פררו,,קינדר קלפים שוקולד,יחידה,1,יחידה,false,0.0000,6.5,6.5000,false,1,
80896081,false,מנטוס בקבוק מעוגל - מסטיק ללא סוכר בטעם אבטיח 60 גרם,"פרפטי ואן מלה ג'\ידה,סאן",,מנטוס בקבוק מעוגל - מסטיק ללא סוכר בטעם אבטיח 60 גרם,00000,1,00000,false,0.0000,10,10.0000,true,1,
80913467,false,מנטוס בקבוק מעוגל - מסטיק ללא סוכר בטעם מנטה,פרפטי ואן מלה הולנד,,מנטוס בקבוק מעוגל - מסטיק ללא סוכר בטעם מנטה,00000,1,00000,false,0.0000,10,10.0000,true,1,
80945468,false,סוכריות פיור וויט טעם מנטה מתוקה 60 ג' מנטוס,"פרפטי ואן מלה ג'ידה,סאן",,מנטוס גומי לעיסה ללא סוכר בטעם מנטה מתוקה,00000,1,00000,false,0.0000,10,10.0000,false,1,
80982470,false,מסטיק מנטוס פיור פרוסט בטעם מנטה חזק 60 גר',פרפטי ואן מלה ברדה,,מנטוס מסטיק פיור פרוסט בטעם מנטה חזקה,00000,1,00000,false,0.0000,10,10.0000,false,1,
80986348,false,סוכריות פיור וויט טעם מנטה 60 ג' מנטוס,"פרפטי ואן מלה ג'ידה,סאן",,מנטוס גומי לעיסה ללא סוכר בטעם מנטה,00000,1,00000,false,0.0000,10,10.0000,false,1,
87108538,false,סוכריות בטעם תות מנטוס 37.5 גרם,הדקלאים אגודת שיתופי,,מנטוס גליל תות,00000,1,00000,false,40.0000,5,5.0000,false,1,
87311396,false,מנטוס ריינבאוו סוכריות לעיסה בטעמי פירות,פרפטי ואן מלה ברדה,,מנטוס ריינבאוו סוכריות לעיסה בטעמי פירות,00000,1,00000,false,0.0000,5,5.0000,false,1,
90162602,false,רד בול משקה אנרגיה פקדון 30 אג,רד בול ג'י.אם.בי. אץ,,רד בול משקה אנרגיה,יחידה,1,יחידה,false,0.0000,7.5,7.2000,false,1,
108508963,false,euro גבינת קשקבל מגורדת חצי קשה 25%שומן,,,euro גבינת קשקבל מגורדת חצי קשה 25%שומן,יחידה,1,יחידה,false,0.0000,15.9,15.9000,false,1,
666662422,false,עגבניה מגי\טעם וולט,,,עגבניה מגי\טעם וולט,יחידה,1,יחידה,false,0.1000,4,4.0000,false,1,
666663332,false,עגבניות שרי תמר/מנומר/צבעוני וולט,,,עגבניות שרי תמר/מנומר/צבעוני וולט,יחידה,1,יחידה,false,1.0000,9.9,9.9000,false,1,
666668848,false,לימון ליים וולט,,,לימון ליים וולט,יחידה,1,יחידה,false,0.1500,2,2.0000,false,1,
16000185517,false,דגני בוקר פייבר וואן עתירי סובין FIBRE1,בטר אנד דיפרנט,,"פייבר וואן דגני בוקר, 555 גרם",יחידה,1,יחידה,false,6.0000,29.9,29.9000,true,1,
16000281684,false,חטיפי גרנולה קראנצ'י עם פקאן נייצ'ר ואלי 5*42 גרם,ליימן מותגים,,חטיף שיבולת שועל מלאה עם שבבי פקאן,00000,1,00000,false,0.0000,22.9,22.9000,true,1,
16000548503,false,חטיפי גרנולה קראנצ'י עם מייפל וסוכר חום נייצ'ר ואלי 5*42 גרם,ג'נרל מילס סאן אדריאן,,חטיף שיבולת שועל מלאה עם סירופ מייפל קנדי,00000,1,00000,false,12.0000,22.9,22.9000,true,1,
16229924263,false,"ארוי-די קרם קוקוס 250 מ""ל",תאי אגרי פוד פובליק קו'\,,"קרם קוקוס 250 מ""ל",יחידה,1,יחידה,false,0.0000,12.9,12.9000,false,1,
18000701223,false,"פילסברי, עוגה בטעם שוקולד, תערובת להכנת עוגה בטעם שוקולד. 500 גרם",הדקלאים אגודת שיתופי,,"פילסברי, עוגה בטעם שוקולד, תערובת להכנת עוגה בטעם שוקולד. 500 גרם",00000,1,00000,false,1.0000,20,20.0000,false,1,
18000703494,false,"פילסברי, עוגה בטעם וניל, תערובת להכנת עוגה בטעם וניל. 500 גרם.",הדקלאים אגודת שיתופי,,"פילסברי, עוגה בטעם וניל, תערובת להכנת עוגה בטעם וניל. 500 גרם.",00000,1,00000,false,1.0000,20,20.0000,false,1,
18000766413,false,"פילסברי, עוגה בטעם שוקולד, תערובת להכנת עוגה בטעם שוקולד. 550 גרם.",הדקלאים אגודת שיתופי,,"פילסברי, עוגה בטעם שוקולד, תערובת להכנת עוגה בטעם שוקולד. 550 גרם.",00000,1,00000,false,1.0000,20,20.0000,false,1,
21200513152,false,"שלישיית ספוגי קרצוף עדינים ""סקוטש ברייט""",3M קנדה,,"שלישיית ספוגי קרצוף עדינים ""סקוטש ברייט""",יחידה,1,יחידה,false,0.0000,21.9,21.9000,false,1,
22200956949,false,דאודורנט ג'ל כתום לגבר ספיד סטיק 85 גרם,קולגייט-פלמוליב,,"דאודורנט ""ספיד סטיק"" ג'ל כתום",יחידה,1,יחידה,false,0.0000,34.9,34.9000,true,1,
30000315958,false,קוואקר פרוטאין בננה אגוזים 366 גרם,קוואקר אוטס קומפני,,קוואר נוט בננה,00000,1,00000,false,0.0000,29.9,29.9000,false,1,
30000315989,false,קוואקר פרוטאין חמוציות ושקדים 372 גרם,קוואקר אוטס קומפני,,קוואקר דובדבן,00000,1,00000,false,0.0000,29.9,29.9000,false,1,
30100125211,false,סנדויץ קרקר ענק צ׳דר ירוק,,,סנדויץ קרקר ענק צ׳דר ירוק,יחידה,1,יחידה,false,0.0000,5.5,5.5000,false,1,
34000442652,false,ריזס טבלה בטעם שוקולד ממולאת קרם בוטנים 120 גרם,ליימן מותגים,,ריזס טבלה בטעם שוקולד ממולאת קרם בוטנים 120 גרם,00000,1,00000,false,0.0000,9.9,9.9000,true,1,
34000446001,false,ריזס מיניאטורס- חטיף שוקולד במילוי חמאת בוטנים 150 גרם,ליימן מותגים,,ריזס מיניאטורס- חטיף שוקולד במילוי חמאת בוטנים 150 גרם,00000,1,00000,false,0.0000,10.9,10.9000,false,1,
34000470228,false,ריזס מיניס חטיף שוקולד במילוי חמאת בוטנים 70 גרם,הרשי,,ריזס מיניס חטיף שוקולד במילוי חמאת בוטנים 70 גרם,00000,1,00000,false,0.0000,6.9,6.9000,false,1,
34000544028,false,סוכריות ארוכות בטעם תות טוויזלרס Twizzlers,ליימן מותגים,,טוויזלרס ממתק בטעם תות 198 גרם,יחידה,1,יחידה,false,12.0000,12.9,12.9000,false,1,
37600207188,false,חמאת בוטנים קלאסי סקיפי 462 גרם,חברת המזון אלגוד,,חמאת בוטנים קלאסי 462 גרם,יחידה,1,יחידה,false,0.0000,22.9,22.9000,false,1,
37600207256,false,חמאת בוטנים עם שברי בוטנים סקיפי 462 גרם,חברת המזון אלגוד,,סקיפי חמאת בוטנים עם שברים 462 גרם,יחידה,1,יחידה,false,0.0000,22.9,22.9000,false,1,
37600207287,false,סקיפי חמאת בוטנים בטעם דבש 462 גרם,חברת המזון אלגוד.,,סקיפי חמאת בוטנים בטעם דבש 462 גרם,יחידה,1,יחידה,false,0.0000,22.9,22.9000,false,1,
38000138638,false,חטיף צ'יפס פרינגלס פיצה 158 גרם,פרינגלס מנופקצ'ורינג קונ,,פרינגלס פיצה 158 גרם,יחידה,1,יחידה,false,0.0000,11.9,11.9000,false,1,
38000138720,false,חטיף צ'יפס פרינגלס ראנץ 158 גרם,פרינגלס מנופקצ'ורינג קונ,,פרינגלס ראנץ' 158 גרם,יחידה,1,יחידה,false,0.0000,11.9,11.9000,false,1,
38000232152,false,פרינגלס חטיפי תפוח אדמה בטעם ברביקיו 158 גרם,פרינגלס מנופקצ'ורינג קומ,,פרינגלס חטיפי תפוח אדמה בטעם ברביקיו 158 גרם,יחידה,1,יחידה,false,0.0000,11.9,11.9000,false,1,
38000232169,false,פרינגלס מידי אורגינל 67 גרם.,פרינגלס מנופקצ'ורינג קונ,,פרינגלס אורגינל 71 גרם,00000,1,00000,false,0.0000,5.9,5.9000,false,1,
38000232176,false,פרינגלס ביג שמנת בצל 158 גרם,פרינגלס מנופקצ'ורינג קונ,,פרינגלס שמנת בצל 158 גרם,יחידה,1,יחידה,false,14.0000,11.9,11.9000,false,1,
38000232183,false,פרינגלס ביג אורגינל 149 גרם,פרינגלס מנופקצ'ורינג קונ,,פרינגלס אורגינל 149 גרם,יחידה,1,יחידה,false,0.0000,11.9,11.9000,false,1,
38000845253,false,חטיף צ'יפס פרינגלס מידי שמנת בצל 71 גרם,פרינגלס מנופקצ'ורינג קונ,,פרינגלס מידי שמנת בצל 71 גרם,00000,1,00000,false,0.0000,5.9,5.9000,false,1,
38527591053,false,קואקר דגנים מרובעים שיבולת שועל וקינמון,קוואקר אוטס קומפני,,קוואקר ריבועים קינמון,יחידה,1,יחידה,false,12.0000,24.9,24.9000,false,1,
38527591060,false,דגני קוואקר מרובעים Quaker Squares עם סוכר חום,קוואקר אוטס קומפני,,קוואקר ריבועים סוכר חום,יחידה,1,יחידה,false,12.0000,24.9,24.9000,false,1,
40000513568,false,סוכריות אם אנד אמס M&M שוקולד חלב,M&M אם אנד אם,,מארז שוקולד חום M-M 156 גרם,יחידה,1,יחידה,false,0.0000,17.9,17.9000,false,1,
40000513629,false,M&M's חמאת בוטנים אריזה גדולה 152 גרם,מארס,,M-M מארז אדום חמאת בוטנים 142 גרם,יחידה,1,יחידה,false,0.0000,17.9,17.9000,false,1,
40000514480,false,M&M אריזה קטנה's שוקולד אריזה קטנה 48 גרם,M&M אם אנד אם,,אם אנד אם שוקולד 48 גרם,יחידה,1,יחידה,false,0.0000,5.9,5.9000,false,1,
40000514510,false,M&M אריזה קטנה's בוטנים אריזה קטנה 49 גרם,M&M אם אנד אם,,אמ אנד אמ בוטנים,יחידה,1,יחידה,false,0.0000,5.9,5.9000,false,1,
41390000010,false,"רוטב סויה קיקומן 148 מ""ל",קיקומן פודז אינק,,קיקומן רוטב סויה,יחידה,1,יחידה,false,0.0000,11.9,11.9000,false,1,
46214382259,false,עוגיות בראוניס שוקולד 225 ג',בנקטבקריי מרבה בי.וי,,מרבה עוגיות בראוניז 200 גרם,יחידה,1,יחידה,false,22.0000,11.9,11.9000,false,1,
46214731552,false,עוגיות שוקולד צ'יפס 37% גודיס 225 גרם,קריניציה ויטמינה אס,,מרבה עוגיות 37% שוקולד ציפס,יחידה,1,יחידה,false,24.0000,11.9,11.9000,false,1,
55369902557,false,אפלסנקס רביעיות רסק תפוחי עץ ממותק בסגנון ביתי עברית,ליייהי אורצ'רדס,,רסק תפוחי עץ,יחידה,1,יחידה,false,18.0000,17.9,17.9000,false,1,
55369902564,false,אפלסנקס רביעיות רסק תפוחי עץ ללא תוספת סוכר עברית,ליייהי אורצ'רדס,,רסק תפו'ע ללא סוכר,יחידה,1,יחידה,false,18.0000,17.9,17.9000,false,1,
58449860020,false,"גורחלה מאנצ' דגני בוקר natures path לל""ג 284 גרם",נאטשר פאת פוד,,גורילה מאנצ' 284 גרם ללא גלוטן,יחידה,1,יחידה,false,12.0000,26.9,26.9000,false,1,
58449860037,false,"קואלה קריספי דגני בוקר natures path לל""ג 325 גרם",נאטשר פאת פוד,,קואלה קריספ 325 גרם ללא גלוטן,יחידה,1,יחידה,false,12.0000,26.9,26.9000,false,1,
70177077563,false,תה ארל גריי 25 שקיות טוינינגס 50 גר,אר. טווינינגס אנד קומפני,,תה ארל גריי טווינינגס,יחידה,1,יחידה,false,0.0000,19.9,19.9000,true,1,
70177077693,false,תה אנגליש ברקפסט 25 שקיות טוינינגס 50 גר,אר. טווינינגס אנד קומפני,,תה שחור אינגליש ברקפסט טווינינגס,יחידה,1,יחידה,false,0.0000,19.9,19.9000,true,1,
70221011116,false,טובלרון - שוקולד חלב 100 גרם,טובלרון Toblerone,,טובלרון - שוקולד חלב 100 גרם,יחידה,1,יחידה,false,20.0000,14.9,14.9000,false,1,
70970471261,false,מייק לייק - סוכריות ג'לי בינס קרטונית טרופי אדום 141 גרם,גאסט בורן,,מייק אנד אייק אדום טרופי 141 גרם,יחידה,1,יחידה,false,0.0000,12,12.0000,false,1,
70970471285,false,מייק אנד אייק רד רייג'רס 141 גר',גאסט בורן,,מייק אנד אייק אדום ג'לי 141 גרם,יחידה,1,יחידה,false,0.0000,12.9,12.9000,false,1,
70970473609,false,סוכריות ג'לי מייק&נייק מגה מיקס חמוץ 141 גר',ג'\אסט בורן,,מייק אנד אייק מגה חמוץ 141 גרם,יחידה,1,יחידה,false,0.0000,12.9,12.9000,false,1,
74570004003,false,גלידה בטעם וניל 473 ג' האגן דאז,האגן-דאז,,גלידה בטעם וניל 473 ג' האגן דאז,יחידה,1,יחידה,false,0.0000,24.9,24.9000,false,1,
74570024001,false,גלידה בטעם תות שדה 473 ג' האגן דאז,האגן-דאז,,גלידה בטעם תות שדה 473 ג' האגן דאז,יחידה,1,יחידה,false,0.0000,24.9,24.9000,false,1,
74570174003,false,גלידה בטעם אגוזי מקדמיה 473 ג' האגן דאז,האגן-דאז,,גלידה בטעם אגוזי מקדמיה 473 ג' האגן דאז,יחידה,1,יחידה,false,0.0000,24.9,24.9000,false,1,
74570274000,false,גלידה בטעם קרם עוגיות 473 ג' האגן דאז,האגן-דאז,,גלידה בטעם קרם עוגיות 473 ג' האגן דאז,יחידה,1,יחידה,false,0.0000,24.9,24.9000,false,1,
74570610051,false,גלידה בטעם שוקולד בלגי 473 ג' האגן דאז,האגן-דאז,,גלידה בטעם שוקולד בלגי 473 ג' האגן דאז,יחידה,1,יחידה,false,0.0000,24.9,24.9000,false,1,
76840001774,false,"גלידה עוגיות חלב עם חתיכות פאדג בן וג'ירי 500 מ""ל",מוצרי איכות אמריקאיים בע,,גליתגת עוגיות חלב חתיכות פאדג'+עוגיות,יחידה,1,יחידה,false,0.0000,24.9,24.9000,false,1,
76840002542,false,"גלידת בן & ג'ריס פיינט נטפליקס וצ'ילד 500מ""ל",מוצרי איכות אמריקאיים בע,,נטפליקס & צ'לד,יחידה,1,יחידה,false,0.0000,24.9,24.9000,false,1,
76840100156,false,"בן אנד גריס גלידת צרי גרסיה 500 מ""ל",מוצרי איכות אמריקאיים בע,,גלידת בן אנד ג'ריס דבדבן וניל,יחידה,1,יחידה,false,0.0000,24.9,24.9000,false,1,
76840100583,false,"גלידת וניל עם בצק עוגיות בן וג'ירי 473 מ""ל",מוצרי איכות אמריקאיים בע,,בצק עוגיות,יחידה,1,יחידה,false,0.0000,24.9,24.9000,false,1,
76840102051,false,גלידה בן&ג'ריס פיינט עוגת קינמון 500 גר',מוצרי איכות אמריקאיים בע,,"קינמון באנס, 500 מל",יחידה,1,יחידה,false,0.0000,24.9,24.9000,false,1,
76840400218,false,"גלידה בן&ג'ריס תות שדה ועוגת גבינה 500מ""ל",מוצרי איכות אמריקאיים בע,,עוגת גבינה ותות,יחידה,1,יחידה,false,0.0000,24.9,24.9000,false,1,
77245110610,false,סוכריות מאסט ללא סוכר בטעם מנטה 80 ג'עלית,MIESZKO S.A - MS. JO,,"סוכריות מאסט לל""ס בטעם מנטה",יחידה,1,יחידה,false,12.0000,9.9,9.9000,false,1,
77343000233,false,נרות חימום אורה 50 יחי',"מנורה שי נר בע""מ",,נרות חימום 50 יחידות,יחידה,1,יחידה,false,10.0000,12.9,12.9000,false,1,
77975094631,false,סניידרס סנדוויץ' בייגלה במילוי קרם בטעם צ'דר 226 גרם,סניידרס לאנס,,סניידרס צ'דר סנדוויץ,00000,1,00000,false,0.0000,18.9,18.9000,true,1,
77975094761,false,סניידרס חטיפים על בסיס קמח חיטה בטעם גבינת צ'דר,סניידרס אוף האנובר,,סניידרס חטיפים על בסיס קמח חיטה בטעם גבינת צ'דר,00000,1,00000,false,0.0000,18.9,18.9000,true,1,
79200558338,false,נרדס - סוכריות צבעוניות בטעמים 141 גרם,,,נרדס ריינבו (12),יחידה,1,יחידה,false,0.0000,16.9,16.9000,false,1,
400001234150,false,כרזת יומולדת ממותגת,,,כרזת יומולדת ממותגת,יחידה,1,יחידה,false,0.0000,10,10.0000,false,1,
413900010558,false,"רוטב סויה קיקומן מופחת נתרן 296 מ""ל",קיקומן פודז אינק,,רוטב סויה 296 דל מלח,יחידה,1,יחידה,false,0.0000,22.9,22.9000,false,1,
613008742409,false,בקבוק אריזונה אפרסק 1 ליטר,"נטורלה גטרנק בע""\מn\",,אריזונה אפרסק בקבוק 1 ליטר,יחידה,1,יחידה,false,6.0000,15.9,15.6000,false,1,
613008753290,false,"בקבוק אריזונה אפרסק 450 מ""ל",אריזונה Arizona,,"אריזונה אפרסק 450 מ""ל",יחידה,1,יחידה,false,12.0000,10.9,10.6000,false,1,
613008755461,false,בקבוק אריזונה אוכמניות 1 ליטר,"נטורלה גטרנק בע""\מn\",,אריזונה אוכמניות בקבוק 1 ליטר,יחידה,1,יחידה,false,6.0000,15.9,15.6000,false,1,
657872213337,false,מג'יק סוכריות קופצות רגל תות/ענבים/קולה,,,מג'יק סוכריות קופצות רגל תות/ענבים/קולה,יחידה,1,יחידה,false,0.0000,3,3.0000,false,1,
686412282984,false,נתחי טונה לבנה בשמן זית 220 גרם ORTIZ,אורטיז ORTIZ,,טונה לבנה בשמן זית {צנצנת} 220 גרם,00000,1,00000,false,0.0000,49,49.0000,false,1,
693493057929,false,"חלה ויז'ניץ, 500 גרם",,,"חלה ויז'ניץ, 500 גרם",יחידה,1,יחידה,false,0.0000,20.9,20.9000,false,1,
693493198585,false,חטיף בננה ברביקיו,,,חטיף בננה ברביקיו,יחידה,1,יחידה,false,16.0000,19.9,19.9000,false,1,
728229123590,false,טרה אורגינל חטיף על בסיס ירקות שורש בטעם טבעי 110 גרם,הונדורס צ'יפס יצור א,,טרה אורגינל חטיף על בסיס ירקות שורש בטעם טבעי 110 גרם,יחידה,1,יחידה,false,0.0000,16.8,16.8000,true,1,
728229124764,false,טרה חטיף על בסיס בטטה עם מלח ים 110 גרם,היין פיוצ'ור נטורל פ,,טרה חטיף על בסיס בטטה עם מלח ים 110 גרם,יחידה,1,יחידה,false,0.0000,16.8,16.8000,true,1,
728229124771,false,טרה חטיף על בסיס בטטה בטעם ברביקיו 110 גרם,היין פיוצ'ור נטורל פ,,טרה חטיף על בסיס בטטה בטעם ברביקיו 110 גרם,יחידה,1,יחידה,false,0.0000,16.8,16.8000,true,1,
728229130444,false,"חטיף על בסיס ירקות שורש עם בטטה, תפו""א כחול וסלק",היין סלסטיאל גרופ,,טרה צ'יפס מלח ים,יחידה,1,יחידה,false,0.0000,16.8,16.8000,true,1,
732494000500,false,קרטורס חטיף פופקורן קרמל 227 גרם,איגל פודס ווקיגאן מפ,,קרטורס חטיף פופקורן קרמל 227 גרם,יחידה,1,יחידה,false,12.0000,27.9,27.9000,false,1,
732494000524,false,קרטורס פופקורן שיקגו קרמל 213 גרם,איגל פודס ווקיגאן מפ,,קרטורס חטיף פופקורן שיקגו 227 גרם,יחידה,1,יחידה,false,12.0000,27.9,27.9000,false,1,
757528005276,false,טאקיס-חטיף תירס צילי חריף וליים 56 גר,,,טאקיס טורטיה צ'יפס חמוץ חריף 56 גרם,יחידה,1,יחידה,false,36.0000,8.9,8.9000,false,1,
757528023027,false,טאקיס טורטיה צ'יפס חמוץ חריף 35 גרם,,,טאקיס טורטיה צ'יפס חמוץ חריף 35 גרם,יחידה,1,יחידה,false,0.0000,5,5.0000,true,1,
768404001640,false,"גלידה בן&ג'ריס קפה משפחתית 500מ""ל",מוצרי איכות אמריקאיים בע,,גלידת בן אנד ג'רי בטעם קפה 425 ג',יחידה,1,יחידה,false,0.0000,24.9,24.9000,false,1,
769904000997,false,שקדי מרק ללא גלוטן200גרם,משובח תעשיות מזון,,דגש- שקדי מרק 200 גרפ,00000,1,00000,false,0.0000,15.9,15.9000,false,1,
788434108515,false,חטיף חלבון וואן ללא גלוטן בטעם שוקולד בראוניז,מדיטרנד,,חטיף חלבון וואן ללא גלוטן בטעם שוקולד בראוניז,יחידה,1,יחידה,false,0.0000,17.9,17.9000,false,1,
800020472712,false,קיט קט צ'אנקי פופקורן 42 גרם,,,קיט קט צ'אנקי פופקורן 42 גרם,יחידה,1,יחידה,false,24.0000,5,5.0000,true,1,
804066020091,false,הרו-קונפטורה תפוזים 340 גרם,,,הרו-קונפטורה תפוזים 340 גרם,00000,1,00000,false,0.0000,15.9,15.9000,false,1,
818570001606,false,"וטקינס פיור אלמונד 59 מ""ל","ג'יי אר ווסקינס בע""מ",,"פיור אלמונד אקס' 59 מ""ל",יחידה,1,יחידה,false,0.0000,29.9,29.9000,false,1,
832544000525,false,חליטת צמחים 44 גרם CHAI FIVE,קליפר,,חליטת צמחים 44 גרם CHAI FIVE,יחידה,1,יחידה,false,6.0000,17.9,17.9000,false,1,
833949000264,false,"סירופ מייפל אמיתי 100% אורגני 250 מ""ל",דיקסר קוויבק,,סירופ מייפל אמיתי 100%,יחידה,1,יחידה,false,0.0000,32.9,32.9000,false,1,
835811000242,false,כפות מסיבי עץ 20 יח`,,,כפות מסיבי עץ 20 יח,00000,1,00000,false,0.0000,14.9,14.9000,false,1,
835811000273,false,כפיות מסיבי עץ 20 יח,,,כפיות מסיבי עץ 20 יח,00000,1,00000,false,0.0000,11.9,11.9000,false,1,
835811001157,false,צלחות גדול מדקל עגול 10 יח,,,צלחות גדול מדקל עגול 10 יח,00000,1,00000,false,0.0000,16.9,16.9000,false,1,
835811001164,false,צלחות קטן מדקל עגול 10 יח,,,צלחות קטן מדקל עגול 10 יח,00000,1,00000,false,0.0000,12.9,12.9000,false,1,
835811001652,false,כוס לשתיה קרה 330 סמק` 40 יח` )בירה(,ווינפאק סחר בעמ,,"כוס לשתייה קרה ""הנמל""",יחידה,1,יחידה,false,0.0000,11.9,11.9000,true,1,
835811001676,false,"תבנית אלומיניום גדולה 32*26 ס""מ - 9 יח'",הנמל,,"מגש הכסף 9 יחידות ""הנמל""",יחידה,1,יחידה,false,0.0000,11.9,11.9000,false,1,
835811002215,false,מאפינס צבעוני מס' 4 הנמל 200 יח',יונק,,מאפינס צבעוני 200 יחידות,יחידה,1,יחידה,false,0.0000,14.9,14.9000,false,1,
835811003502,false,כפפות לטקס M ללא אבקה 100 יח' הנמל,,,כפפות לטקס M ללא אבקה 100 יח`,יחידה,1,יחידה,false,10.0000,24.9,24.9000,false,1,
835811005322,false,"פחם דרום אמריקאי הנמל 2 ק""ג",הנמל,,פחם דרום אמריקאי,יחידה,1,יחידה,false,0.0000,18,18.0000,false,1,
835811005339,false,זוג שקיות אוכל ארוז בקרטון הנמל,,,זוג שקיות אוכל,יחידה,1,יחידה,false,0.0000,10.9,10.9000,false,1,
835811005933,false,מגש הכסף תבנית אלומ` ענק 5 יח`,ווינפאק,,תבניות ענקיות 5 יח,יחידה,1,יחידה,false,0.0000,11.9,11.9000,false,1,
835811005957,false,מגש הכסף תבנית אלומ` 90 + מכסה 8 יח`,יבוא ושיווק: הנמל אר,,תבניות מלבנית,יחידה,1,יחידה,false,0.0000,11.9,11.9000,false,1,
835811005964,false,"הנמל תבניות אלומיניום מוארכת מארז, 20 יח'",ווינפאק,,תבנית מאורכת 20 יח,יחידה,1,יחידה,false,0.0000,11.9,11.9000,false,1,
835811006213,false,קערות מתכלה מקנה סוכר טבעי 25 יח,"איטיליאן פוד, אס.פי.",,קערות למרק מקנה סוכר,יחידה,1,יחידה,false,0.0000,15,15.0000,false,1,
835811006220,false,צלחות ענקיות מתכלה מקנה סוכר טבעי 25 יח,הנמל,,"צלחות חד""פ ענקיות מתכלות",יחידה,1,יחידה,false,0.0000,17.9,17.9000,false,1,
835811006770,false,תבנית אולמניום עגול 5 יח',הנמל,,מגש כסף עגול 5 יחידות,יחידה,1,יחידה,false,0.0000,11.9,11.9000,false,1,
835811007494,false,גלטין טהור מדגים 2 יח` 14 X גר`,גואנגדונג מיניאנג,,גלטין-לעוגה,יחידה,1,יחידה,false,0.0000,11,11.0000,false,1,
835811008927,false,כוס ויסקי הנמל 10 יח,בי רייט,,כוס ויסקי גבוה,יחידה,1,יחידה,false,0.0000,14.9,14.9000,false,1,
835811008934,false,מזלגות 50 יח שקוף/קרם עבה במיוחד,"גרנג יוניברס , הונג",,מזלגות 50יח שקוף עבה,יחידה,1,יחידה,false,0.0000,19.9,19.9000,true,1,
835811008958,false,כפיות 50 יח שקוף/קרם עבה במיוחד,"גרנג יוניברס , הונג",,'כפיות שקוף עבה 50יח,יחידה,1,יחידה,false,0.0000,19.9,19.9000,true,1,
835811008996,false,"כוסות חד פעמי קרטון 295 מ""ל",הנמל,,כוסות קרטון 50יחידות-נמל,יחידה,1,יחידה,false,20.0000,19.9,19.9000,true,1,
835811009023,false,"כוסות משקה חם קרטון 235 מ""ל",הנמל,,'כוסות קרטון 0 OZ85יח,יחידה,1,יחידה,false,20.0000,13.9,13.9000,false,1,
835811009030,false,כפיות 100 יח לבן חדש,,,כפיות 100יח,יחידה,1,יחידה,false,0.0000,11.9,11.9000,false,1,
835811009429,false,צלחות גדולות צבע 25 יח` מעורב,הנמל,,צלחות גדולות25,יחידה,1,יחידה,false,0.0000,19.9,19.9000,false,1,
839762000641,false,משקה איילנד מנגו נקטר 1 ל',"פאראגאלה,דה אג'יפשן",,איילנד מנגו 1 ליטר,יחידה,1,יחידה,false,0.0000,14.9,14.6000,false,1,
839762000658,false,איילנד גויאבה המשקה של חופי סיני 1 ליטר,The Egyptian Co. for,,איילנד גויאבה המשקה של חופי סיני 1 ליטר,יחידה,1,יחידה,false,0.0000,14.9,14.6000,false,1,
839762002379,false,משקה נקטר מנגו איילנד 350מל,"פאראגאלה,דה אג'יפשן",,"איילנד מנגו 350 מ""ל",יחידה,1,יחידה,false,12.0000,8.5,8.2000,false,1,
850668000856,false,חטיף ציפס ללא גלוטן בטעם בצל,,,חטיף ציפס ללא גלוטן בטעם בצל,יחידה,1,יחידה,false,0.0000,22.9,22.9000,false,1,
850668000993,false,חטיף צ'יפס ללא גלוטן בטעם שמנת ובצל,בארל אופאן סנאק,,חטיף צ'יפס ללא גלוטן בטעם שמנת ובצל,יחידה,1,יחידה,false,0.0000,22.9,22.9000,false,1,
884912116505,false,דגני בננה נאט קראנץ' Banana Nut Crunch,פוסט ארצות הברית,,בננה נאט פוסט 453.59 גרם,יחידה,1,יחידה,false,0.0000,34.9,34.9000,false,1,
884912359155,false,דגני בוקר האני באנצ'ס האני רוסטד פוסט 340 גרם,פוסט ארצות הברית,,האני באנצס האני רוסטד 340 גרם,יחידה,1,יחידה,false,12.0000,25.9,25.9000,false,1,
884912359162,false,האני באנצ' דגני בוקר עם שקדים פוסט 411 גרם,פוסט ארצות הברית,,האני באנצס שקדים 340 גרם,יחידה,1,יחידה,false,12.0000,25.9,25.9000,false,1,
884912365200,false,דגני בוקר אוראו שחור ולבן 311 גרם,פוסט ארצות הברית,,דגני בוקר אוראו שחור ולבן 311 גרם,יחידה,1,יחידה,false,0.0000,29.9,29.9000,false,1,
3046920010801,false,שוקולד מריר אקסלנס עם אגוזי לוז,לינדט ושפרונגלי קילשברג,,שוקולד לינדט אקסלנס הזלנט 100 גר',יחידה,1,יחידה,false,0.0000,15.9,15.9000,true,1,
3046920027281,false,שוקולד מריר אקסלנס במילוי קרמל ומלח ים,לינדט ושפרונגלי קילשברג,,לינדט אקסלנס קרמלסולט,יחידה,1,יחידה,false,0.0000,15.9,15.9000,true,1,
3046920028004,false,לינדט שוקולד אקסלנס מריר 70% 100 גר,לינדט ושפרונגלי קילשברג,,70% שוקולד-לינדט אקסלנס 100 ג',יחידה,1,יחידה,false,0.0000,15.9,15.9000,true,1,
3046920028363,false,לינדט אקסלנס 85% מוצקי קקאו 100 גרם,לינדט ושפרונגלי קילשברג,,85% שוקולד לינדט אקלסנס 100 גרם,יחידה,1,יחידה,false,0.0000,15.9,15.9000,true,1,
3046920028752,false,שוקולד לינדט אקסלנס מינט 100 גרם,לינדט ושפרונגלי קילשברג,,שוקולד לינדט אקסלנס מינט 100 גרם,יחידה,1,יחידה,false,0.0000,15.9,15.9000,true,1,
3046920029674,false,אקסלנס עם שבבי מלח לינדט (100 גרם),לינדט ושפרונגלי קילשברג,,שוקולד לינדט אקסלנס סולט 100 גרם,יחידה,1,יחידה,false,0.0000,15.9,15.9000,true,1,
3046920029759,false,אקסלנס שוקולד מריר 90% לינדט (100 גרם),לינדט ושפרונגלי קילשברג,,לינדט אקסלנט 90%,יחידה,1,יחידה,false,0.0000,15.9,15.9000,true,1,
3068320014067,false,אוויאן מים מינרליים ספורט 750 מל,קריניציה ויטמינה אס,,"מים אויאן ספורט 750 מ""ל",יחידה,1,יחידה,false,0.0000,11.9,11.6000,false,1,
3068320017846,false,מים מינרלים אוויאן 1 ליטר,קריניציה ויטמינה אס,,מים אויאן 1 ליטר,יחידה,1,יחידה,false,0.0000,12.9,12.6000,false,1,
3068320055008,false,מים מינרלים אוויאן 500 מל,קריניציה ויטמינה אס,,"מים אויאן 500 מ""ל",יחידה,1,יחידה,false,0.0000,9,8.7000,false,1,
3073780538442,false,גבינה לה וואש קירי ספרידי ממרח,"מפעלי גבינות ""ביל",,לבש ספרדי ממרח,יחידה,1,יחידה,false,0.0000,26.9,26.9000,false,1,
<<<<<<< HEAD
3073781161663,false,גבינה מותכת 18.5% שומן לה וואש קירי,לה וואש קירי La Vache qui rit,,גבינה לבש קרי כשר 128 גרם,יחידה,1,יחידה,false,48.0000,19.9,19.9000,false,1,
3161911366429,false,חמאה צרפתית מלוחה רכה למריחה אלוויר 250 גר',ארזינא,,"חמאה רכה מלוחה, 250 גרם",יחידה,1,יחידה,false,0.0000,22.8,22.8000,false,1,
3178530402278,false,"עוגיות פצפוצי קרמל, 150 גרם",סן מישל St Michel,,"עוגיות פצפוצי קרמל, 150 גרם",יחידה,1,יחידה,false,0.0000,18.9,18.9000,false,1,
3178530402353,false,עוגות מיני מדלן קלאסי סאן מישל 175 גרם,סאן מישל ביסוויט,,"עוגות מיני מדליינס, 250 גרם",יחידה,1,יחידה,false,0.0000,12.9,12.9000,false,1,
3178530407938,false,עוגיות מיני מדליין עם שוקוצ'יפס סאן מישל 175 גרם,סאן מישל,,"עוגות מיני מדליין עם שוקולד צ'יפס, 175 גרם",יחידה,1,יחידה,false,0.0000,13.9,13.9000,false,1,
3178530409673,false,"עוגיות פלמיה קרמל, 100 גרם",סאן מישל צ'\אמפאגנאק,,"עוגיות פלמיה קרמל, 100 גרם",יחידה,1,יחידה,false,0.0000,17.9,17.9000,false,1,
=======
3073781161663,false,גבינה מותכת 18.5% שומן לה וואש קירי,בני ג`ורג` שוקחה (חיפה) בעמ,,גבינה לבש קרי כשר 128 גרם,יחידה,1,יחידה,false,48.0000,19.9,19.9000,false,1,
3161911366429,false,חמאה צרפתית מלוחה רכה למריחה אלוויר 250 גר',א. סיימן סחר בעמ,,"חמאה רכה מלוחה, 250 גרם",יחידה,1,יחידה,false,0.0000,22.8,22.8000,false,1,
3178530402278,false,"עוגיות פצפוצי קרמל, 150 גרם",סן מישל St Michel,,"עוגיות פצפוצי קרמל, 150 גרם",יחידה,1,יחידה,false,0.0000,18.9,18.9000,false,1,
3178530402353,false,עוגות מיני מדלן קלאסי סאן מישל 175 גרם,סאן מישל ביסוויט,,"עוגות מיני מדליינס, 250 גרם",יחידה,1,יחידה,false,0.0000,12.9,12.9000,false,1,
3178530407938,false,עוגיות מיני מדליין עם שוקוצ'יפס סאן מישל 175 גרם,א. סיימן סחר בעמ,,"עוגות מיני מדליין עם שוקולד צ'יפס, 175 גרם",יחידה,1,יחידה,false,0.0000,13.9,13.9000,false,1,
3178530409673,false,עוגיות פיל סאן מישל קרמל 100 גר`,סאן מישל צ'\אמפאגנאק,,"עוגיות פלמיה קרמל, 100 גרם",יחידה,1,יחידה,false,0.0000,17.9,17.9000,false,1,
>>>>>>> d048ac2f4f281c9d788043ab4e81b61b0dbe3743
3179732348913,false,פרייה מים מינרליים טבעיים מבעבעים 1 ליטר פלסטיק,נסטלה ווטרס ספלאי,,פרייה מים מינרליים טבעיים מבעבעים 1 ליטר פלסטיק,יחידה,1,יחידה,false,6.0000,10,9.7000,false,1,
3228022910023,false,חמאה צרפתית פריזידאן פרזידנט (200 גרם),סוסייטה בארייר דה אי,,חמאה צר' פרז'*200 ג,יחידה,1,יחידה,false,0.0000,17.9,17.9000,false,1,
3296184016242,false,"יין מירבל רוזה יבש, 750 מ""ל",,,"יין מירבל רוזה יבש, 750 מ""ל",יחידה,1,יחידה,false,0.0000,124.9,124.6000,true,1,
3335121604934,false,חרדל דיג'ון חלק פלוטקין 370 גרם,קובינור,,חרדל דיג'ון חלק פלוטקין 370 גרם,יחידה,1,יחידה,false,0.0000,9.9,9.9000,false,1,
3387390525960,false,קראנץ' דגני בוקר עם שוקולד חלב נסטלה 500 גרם,קבוצת אוסם סחר שותפות מוגבלת,,קראנץ' 500 גרם,יחידה,1,יחידה,false,10.0000,25.9,25.9000,true,1,
3415581117110,false,גלידה בטעם קרמל ביסקוויט 473 ג' האגן דאז,האגן-דאז,,גלידה בטעם קרמל ביסקוויט 473 ג' האגן דאז,יחידה,1,יחידה,false,0.0000,24.9,24.9000,false,1,
3415581187113,false,גלידה בטעם וניל בראוניס 473 ג' האגן דאז,האגן-דאז,,גלידה בטעם וניל בראוניס 473 ג' האגן דאז,יחידה,1,יחידה,false,0.0000,24.9,24.9000,false,1,
<<<<<<< HEAD
3415587405181,false,שלגון האגן דאז תות שדה,האגן דאז,,שלגון תות שדה ושוקולד,יחידה,1,יחידה,false,0.0000,8.9,8.9000,false,1,
=======
3415587405181,false,שלגון תות שדה ושוקולד,האגן דאז,,שלגון תות שדה ושוקולד,יחידה,1,יחידה,false,0.0000,8.9,8.9000,false,1,
>>>>>>> d048ac2f4f281c9d788043ab4e81b61b0dbe3743
3501271146093,false,טטס ברולה קנגרו טופי פטל,,,טטס ברולה קנגרו טופי פטל,יחידה,1,יחידה,false,0.0000,2,2.0000,false,1,
3517460337401,false,טטס ברולה קנגרו טופי תות,,,טטס ברולה קנגרו טופי תות,יחידה,1,יחידה,false,0.0000,2,2.0000,false,1,
3523230026888,false,"גבינת עיזים שום ועשבי תיבול למריחה פירמידה, 140 גרם",א. סיימן סחר בעמ,,"גבינת עיזים שום ועשבי תיבול למריחה פירמידה, 140 גרם",יחידה,1,יחידה,false,0.0000,26.9,26.9000,true,1,
3574660089547,false,טמפונים נורמל קלאסי אובה 32 יחידות,ג'\ונסון אנד ג'\ונסון,,או-בה נורמל,יחידה,1,יחידה,false,0.0000,36,36.0000,false,1,
3574660115154,false,או-בה טמפונים קלאסי סופר 32יח',ג'\ונסון אנד ג'\ונסון,,או בה סופר פלוס,יחידה,1,יחידה,false,0.0000,35.9,35.9000,false,1,
3574661552811,false,מגן תחתון קרפרי כותון אוורירי 56 יחידות,הדקלאים אגודת שיתופי,,קרפרי כותון אוורירי 56 יח',00000,1,00000,false,0.0000,27.9,27.9000,false,1,
3661163991344,false,"אדידס דאודורנט ספריי מקס פרו-קליר לאישה 150 מ""ל",מיוצר עי קונדיטוריית,,אדידס דאודורנט ספריי לאישה קליימקול 150 מל,יחידה,1,יחידה,false,0.0000,16.9,16.9000,false,1,
3662444002766,false,חלה בריוש ראובנס 500 גרם,N.F.D,,לחם בריוש פרוס רגיל,יחידה,1,יחידה,false,7.0000,23.9,23.9000,false,1,
<<<<<<< HEAD
3800020403631,false,קיט קט וופל פריך עם קרם בוטנים (19%) בציפוי שוקולד חלב (61.8%),נסטלה בולגריה A.D.,,קיט קט וופל פריך עם קרם בוטנים (19%) בציפוי שוקולד חלב (61.8%),יחידה,1,יחידה,false,24.0000,5,5.0000,true,1,
3800020472712,false,חטיף קיט קאט צאנקי פופקורן 42 ג',ליימן מותגים,,"קיט קאט צאנקי פופקורן, 42 גרם",יחידה,1,יחידה,false,24.0000,5,5.0000,true,1,
=======
3800020403631,false,קיט קט וופל פריך עם קרם בוטנים (19%) בציפוי שוקולד חלב (61.8%),קבוצת אוסם סחר-שות.מוגבלת,,קיט קט וופל פריך עם קרם בוטנים (19%) בציפוי שוקולד חלב (61.8%),יחידה,1,יחידה,false,24.0000,5,5.0000,true,1,
3800020472712,false,חטיף קיט קאט צאנקי פופקורן 42 ג',קבוצת אוסם סחר שותפות מוגבלת,,"קיט קאט צאנקי פופקורן, 42 גרם",יחידה,1,יחידה,false,24.0000,5,5.0000,true,1,
>>>>>>> d048ac2f4f281c9d788043ab4e81b61b0dbe3743
4000417026002,false,שוקולד ריטר ספורט פרלין 100 גרם חלב נוכרי,ריטר ספורט Ritter sport,,שוקולד חלב ממולא קרם פרלין אגוזי לוז,00000,1,00000,false,0.0000,9.9,9.9000,false,1,
4000417222008,false,שוקולד ריטר ספורט חלב+שברי אגוזים 100 גרם חלב נוכרי,ריטר ספורט Ritter sport,,ריטר ספורט שוקולד חלב ושברי אגוזי לוז,00000,1,00000,false,0.0000,9.9,9.9000,false,1,
4000417224002,false,"ריטר ספורט טבלת שוקולד מריר אגוזים, 100 גרם",ריטר ספורט Ritter sport,,ריטר ספורט שוקולד מריר עם אגוזי לוז,00000,1,00000,false,0.0000,9.9,9.9000,false,1,
4000417298003,false,שוקולד ריטר ספורט קוקוס 100 גרם חלב נוכרי,ריטר ספורט Ritter sport,,ריטר ספורט שוקולד חלב קרם קוקוס וחלב,00000,1,00000,false,0.0000,9.9,9.9000,false,1,
<<<<<<< HEAD
4001686372234,false,סוכריות גומי יין הריבו,,,סוכריות גומי יין הריבו,יחידה,1,יחידה,false,0.0000,5,5.0000,false,1,
4002590000046,false,סוכריות בטעם מנטה מרענן קלפני 150 גרם,ליימן מותגים,,קלפני סוכריות קשות בטעם מנטה מרענן,00000,1,00000,false,0.0000,11,11.0000,false,1,
4007519050713,false,שקיות אשפה עם שרוך חזקות במיוחד 35 ליטר,פאלי Pely,,שקיות פח אשפה,יחידה,1,יחידה,false,0.0000,15.9,15.9000,false,1,
4007519050744,false,שקיות אשפה עם שרוך חזקות במיוחד 120 ליטר,פאלי Pely,,מארז שקיות אשפה,יחידה,1,יחידה,false,0.0000,15.9,15.9000,false,1,
4007745058811,false,חרדל צרפתי חלק אורגני 200 גרם,נטורפוד,,חרדל צרפתי - חלק,יחידה,1,יחידה,false,0.0000,14.9,14.9000,false,1,
4008287905786,false,בירה קרומבאכר חיטה 5.3% פחית 500 מל,מנדלז סי.אר. פרודקשן,,"בירה קרומבאכר וואיזן פחית 500 מ""ל",יחידה,1,יחידה,false,24.0000,12.9,12.6000,false,1,
4008400290126,false,ק'נדר פינגווי עוגת ספוג במילוי חלבי מצופה שוקולד מריר 30 ג' OUD,פררו טורקיה צ'\יקולטה וו,,עוגת ק'נדר פינגווי מצופה שוקולד מריר 30 גרם,יחידה,1,יחידה,false,30.0000,4.9,4.9000,false,1,
4009309740422,false,רסק תפוחים אורגני – נטורפוד 700 גרם,נטורפוד,,רסק תפוחים,יחידה,1,יחידה,false,0.0000,15.9,15.9000,false,1,
4009900402965,false,אורביט וויט בטעם פירות בקבוקון 46מלבניות,ריגלי פולין,,מסטיק אורביט וויט פירות,יחידה,1,יחידה,false,6.0000,11.9,11.9000,true,1,
4009900403023,false,אורביט וויט בטעם מנטה בקבוקון 46 מלבניות,"ב.א מזון בע""מ",,אורביט וויט קלאסי בקבוקון 80 גרם,יחידה,1,יחידה,false,6.0000,11.9,11.9000,true,1,
4009900420129,false,מסטיק אורביט פרופשנל פפרמינט בקבוקון 64 גר',מרס נדרלנד,,אורביט בקבוקון כחול פרופשיונל,יחידה,1,יחידה,false,0.0000,11.9,11.9000,true,1,
4009900455299,false,"סוכרית ג'לי אדומה 174 גרם ""סקיטלס""",ריגלי ממתקים,,"סוכרית ג'לי אדומה 174 גרם ""סקיטלס""",יחידה,1,יחידה,false,14.0000,14.9,14.9000,false,1,
4009900465304,false,סוכריות סקיטלס פירות חמוצים 174 גרם,ריגלי ממתקים,,"סוכרית ג'לי ירוקה 174 גרם ""סקיטלס""",יחידה,1,יחידה,false,14.0000,14.9,14.9000,false,1,
4009900479998,false,אורביט וויט אוכמניות בקבוקון 46 מלבניות,ריגלי פולין,,אורביט אומניות בקבוקון 80 גרם,יחידה,1,יחידה,false,0.0000,11.9,11.9000,true,1,
4009900482417,false,מסטיק אורביט פירות מנטה בקבוקון באבל מינט 45יח,ריגלי פולין,,אורביט בבלמינט בקבוקון 80 גרם,יחידה,1,יחידה,false,0.0000,11.9,11.9000,true,1,
4009900521581,false,סוכריות אורביט מינטס מנטה בבקבוקון 77 גר,ריגלי פולין,,אורביט פרופשיונל בקבוקון מינט מנטה,יחידה,1,יחידה,false,0.0000,13.9,13.9000,true,1,
4009900525138,false,"וויט גומי לעיסה בטעם תות ללא סוכר, 64 ג' אורפיט",ריגלי,,אורביט בקבוקון וויט תות,00000,1,00000,false,0.0000,11.9,11.9000,false,1,
4009900531122,false,"מסטיק בטעם מנטה ספירמינט, 64 ג' פרופשיונל אורפיט",מרס נדרלנד,,אורביט בקבוקון ירוק פרופשיונל,יחידה,1,יחידה,false,0.0000,11.9,11.9000,false,1,
4009900531573,false,סוכריות סקיטלס סמודיס בטעמי יוגורט ופירות,סקיטלס Skittles,,סקיטלס סמודיס 174 גרם,00000,1,00000,false,0.0000,14.9,14.9000,false,1,
4009900532327,false,סוכריות סקיטלס סמודיס בטעמי יוגורט ופירות,ריגלי ממתקים,,סקיטלס סמודיס 38 גרם,00000,1,00000,false,0.0000,5,5.0000,false,1,
4009900535519,false,מסטיק אורביט רפרשרס ספירמינט ללא סוכר 15.6גר',אורביט,,אורביט רפרשס מעטפה ירוק,00000,1,00000,false,0.0000,5,5.0000,false,1,
4009900535823,false,מסטיק אורביט רפרשרס באבלמינט ללא סוכר 15.6גר',אורביט,,אורביט רפרשס מעטפה ורוד,00000,1,00000,false,0.0000,5,5.0000,false,1,
4011800617714,false,"""קורני"" ביג שוקו בננה50 גרם",מיוצר עי קונדיטוריית,,"""קורני"" ביג שוקו בננה50 גרם",יחידה,1,יחידה,false,0.0000,5.9,5.9000,true,1,
4011800628512,false,חטיף קורני שוקולד חלב 6 יח 150 גר,מיוצר עי קונדיטוריית,,"מארז חטיפי שוקולד חלב ""קורני""",יחידה,1,יחידה,false,0.0000,14.9,14.9000,true,1,
4011800630515,false,חטיף קורני שוקולד חלב ובננה 6 יח 150 גר,מיוצר עי קונדיטוריית,,"מארז חטיפי שוקולד חלב ובננה ""קורני""",יחידה,1,יחידה,false,0.0000,14.9,14.9000,true,1,
4014400901191,false,בונבונריית מרסי מבחר ממתקי שוקולד 250 גרם,ליימן מותגים,,בונבונריית מרסי מבחר ממתקי שוקולד 250 גרם,00000,1,00000,false,10.0000,29.9,29.9000,false,1,
4014400913910,false,וורטרס אורגינל סוכריות חמאה ממולאות קרם קרמל בשקית,תות ממתקי איכות,,וורטרס אורגינל סוכריות חמאה ממולאות קרם קרמל בשקית,00000,1,00000,false,0.0000,11,11.0000,false,1,
4014400923711,false,בונבוניירה שוקולד אגוזים טופיפי 125 גרם,ליימן מותגים,,טופיפי 125גרם,00000,1,00000,false,90.0000,14.9,14.9000,true,1,
4015400564034,false,מגן תחתון אולוויז מגה פק לונג פלוס 58 יחידות,פרוקטר אנד גמבל,,אולוויז מגן תחתון מגה פק לונג פלוס 58 יח',יחידה,1,יחידה,false,0.0000,29.9,29.9000,false,1,
4015400755241,false,תחבושות היגייניות אולוויז אולטרה נורמל - 28 יח',פרוקטר אנד גמבל,,תחבושות אולוויז וליו פק נורמל פלוס 28 יח,יחידה,1,יחידה,false,0.0000,22.9,22.9000,false,1,
4015400755456,false,תחבושות אולוויז עבה לילה 12 יחידות,דיפלומט,,תחבושות אולוויז עבה לילה 12 יחידות,יחידה,1,יחידה,false,0.0000,18.9,18.9000,false,1,
4015400755609,false,תחבושות אולוויז סינגל לילה 10 יחידות,דיפלומט,,תחבושות אולוויז סינגל לילה 10 יחידות,יחידה,1,יחידה,false,0.0000,18.9,18.9000,false,1,
4015600763022,false,שמפו יומיומי למניעת קשקשים לשיער יבש/פגום לשיער רך כמשי,פרוקטר אנד גמבל,,"ה&ש שמפו מגע משי 500 מ""ל",יחידה,1,יחידה,false,0.0000,29.9,29.9000,false,1,
4015600810849,false,גילט דאו קליר גל 70 מל פאוור ראש,פרוקטר אנד גמבל,,"דאודורנט קליר ג'ל 70 מ""ל Power rush",יחידה,1,יחידה,false,0.0000,31.9,31.9000,false,1,
4025700001962,false,מילקה טבלה 100 גר' לבן 1/22 (4248023),פי אר ג'יי אס סי מונ,,מילקה טבלת שוקולד לבן 100 גרם,00000,1,00000,false,0.0000,7.9,7.9000,false,1,
4032900124254,false,ווינסטון קומפלקט ברי PP חפיסה,Unknown,,וינסטון קומפקט ברי,יחידה,1,יחידה,false,10.0000,28.5,28.5000,false,1,
4033100024146,false,סיגריות וינסטון CODE בודד,Unknown,,וינסטון קוד,יחידה,1,יחידה,false,10.0000,31,31.0000,false,1,
4033100064036,false,וינסטון כחול טבק לגלגול חפיסה,Unknown,,וינסטון כחול טבק,יחידה,1,יחידה,false,10.0000,85,85.0000,false,1,
4043058008778,false,טבק אמריקן ספיריט כחול פאוצ,פלנטה טבק,,אמריקן ספיריט כחול טבק,יחידה,1,יחידה,false,5.0000,85,85.0000,false,1,
4084500088917,false,"נוזל כלים פיירי לימון 650 מ""ל בד""צ",פרוקטר אנד גמבל,,"פיירי נוזל כלים לימון 650 מ""ל",יחידה,1,יחידה,false,0.0000,11.9,11.9000,false,1,
4084500853553,false,פיירי נוזל כלים קלאסי אורגינל 650 מל,פרוקטר אנד גמבל,,"פיירי אוריגינל 650 מ""ל",יחידה,1,יחידה,false,0.0000,13.9,13.9000,false,1,
4260334140605,false,שוקולד ג'נדויה טבעוני עם אגוזי לוז שלמים 150 גרם ללא גלוטן,האי נאם סי או אל.טי.,,שוקולד ג'נדויה טבעוני עם אגוזי לוז שלמים 150 גרם ללא גלוטן,יחידה,1,יחידה,false,30.0000,21.9,21.9000,false,1,
4710068001692,false,"מאסטר קפה לאטה פחית 240 מ""ל",תאיט מרקטינג אנד דיסטריב,,פתיתי קפה קר אדום,יחידה,1,יחידה,false,24.0000,8.5,8.5000,true,1,
4710068001739,false,"מאסטר קפה קולומביאני 250 מ""ל",יוני פרזינדנט אנטרפר,,מאסטר קפה קולומביאני קר,יחידה,1,יחידה,false,24.0000,8.5,8.5000,true,1,
4710068002798,false,מאסטר קפה וונילה פחית 240 מל,מאיטה פוד אינדוסטריאל קו,,מאסטר קפה ונילה,יחידה,1,יחידה,false,24.0000,8.5,8.5000,true,1,
4823077626227,false,שוקולד רושן אורירי חלב 80 גרם,רושן Roshen,,שוקולד רושן אורירי חלב 80 גר',יחידה,1,יחידה,false,20.0000,7.9,7.9000,true,1,
4823077630422,false,"סנדוויץ' קרקר חלב וניל רושן 235 גרם "" 2 CRACK """,רושן,,"סנדוויץ' קרקר חלב וניל רושן 235 גרם "" 2 CRACK """,יחידה,1,יחידה,false,14.0000,10.9,10.9000,true,1,
4823077631474,false,קרקר קלאסי רושן 168 גר HI DAY,רושן,,קרקר קלאסי רושן 168 גר HI DAY,יחידה,1,יחידה,false,28.0000,5.9,5.9000,true,1,
4823077633324,false,עוגיות שוקוצ'יפס LOVITA עם חתיכות שוקולד 150 גרם,,,"עוגיות שוקוצ'יפס "" LOVITA"" חתיכות שוקולד 150גר",יחידה,1,יחידה,false,150.0000,6.9,6.9000,true,1,
4823077633331,false,עוגיות שוקוצ'יפס LOVITA בטעם תפוז 150 גרם,,,"עוגיות רושן ""LOVITA"" בטעם תפוז 150 גר",יחידה,1,יחידה,false,150.0000,6.9,6.9000,true,1,
=======
4001686372234,false,סוכריות גומי יין הריבו,ברקת,,סוכריות גומי יין הריבו,יחידה,1,יחידה,false,0.0000,5,5.0000,false,1,
4002590000046,false,סוכריות בטעם מנטה מרענן קלפני 150 גרם,ליימן שליסל בע`מ,,קלפני סוכריות קשות בטעם מנטה מרענן,00000,1,00000,false,0.0000,11,11.0000,false,1,
4007519050713,false,שקיות אשפה עם שרוך חזקות במיוחד 35 ליטר,פאלי Pely,,שקיות פח אשפה,יחידה,1,יחידה,false,0.0000,15.9,15.9000,false,1,
4007519050744,false,שקיות אשפה עם שרוך חזקות במיוחד 120 ליטר,פאלי Pely,,מארז שקיות אשפה,יחידה,1,יחידה,false,0.0000,15.9,15.9000,false,1,
4007745058811,false,חרדל צרפתי חלק אורגני 200 גרם,נטורפוד בעמ,,חרדל צרפתי - חלק,יחידה,1,יחידה,false,0.0000,14.9,14.9000,false,1,
4008287905786,false,בירה קרומבאכר חיטה 5.3% פחית 500 מל,אגודת הכורמים -כרמל מזרחי,,"בירה קרומבאכר וואיזן פחית 500 מ""ל",יחידה,1,יחידה,false,24.0000,12.9,12.6000,false,1,
4008400290126,false,ק'נדר פינגווי עוגת ספוג במילוי חלבי מצופה שוקולד מריר 30 ג' OUD,פררו טורקיה צ'\יקולטה וו,,עוגת ק'נדר פינגווי מצופה שוקולד מריר 30 גרם,יחידה,1,יחידה,false,30.0000,4.9,4.9000,false,1,
4009309740422,false,רסק תפוחים אורגני – נטורפוד 700 גרם,נטורפוד בעמ,,רסק תפוחים,יחידה,1,יחידה,false,0.0000,15.9,15.9000,false,1,
4009900402965,false,אורביט וויט בטעם פירות בקבוקון 46מלבניות,"מרס ריגלי ישראל בע""מ",,מסטיק אורביט וויט פירות,יחידה,1,יחידה,false,6.0000,11.9,11.9000,true,1,
4009900403023,false,אורביט וויט בטעם מנטה בקבוקון 46 מלבניות,"מרס ריגלי ישראל בע""מ",,אורביט וויט קלאסי בקבוקון 80 גרם,יחידה,1,יחידה,false,6.0000,11.9,11.9000,true,1,
4009900420129,false,מסטיק אורביט פרופשנל פפרמינט בקבוקון 64 גר',"מרס ריגלי ישראל בע""מ",,אורביט בקבוקון כחול פרופשיונל,יחידה,1,יחידה,false,0.0000,11.9,11.9000,true,1,
4009900455299,false,"סוכרית ג'לי אדומה 174 גרם ""סקיטלס""","מרס ריגלי ישראל בע""מ",,"סוכרית ג'לי אדומה 174 גרם ""סקיטלס""",יחידה,1,יחידה,false,14.0000,14.9,14.9000,false,1,
4009900465304,false,סוכריות סקיטלס פירות חמוצים 174 גרם,"מרס ריגלי ישראל בע""מ",,"סוכרית ג'לי ירוקה 174 גרם ""סקיטלס""",יחידה,1,יחידה,false,14.0000,14.9,14.9000,false,1,
4009900479998,false,אורביט וויט אוכמניות בקבוקון 46 מלבניות,"מרס ריגלי ישראל בע""מ",,אורביט אומניות בקבוקון 80 גרם,יחידה,1,יחידה,false,0.0000,11.9,11.9000,true,1,
4009900482417,false,מסטיק אורביט פירות מנטה בקבוקון באבל מינט 45יח,"מרס ריגלי ישראל בע""מ",,אורביט בבלמינט בקבוקון 80 גרם,יחידה,1,יחידה,false,0.0000,11.9,11.9000,true,1,
4009900521581,false,סוכריות אורביט מינטס מנטה בבקבוקון 77 גר,"מרס ריגלי ישראל בע""מ",,אורביט פרופשיונל בקבוקון מינט מנטה,יחידה,1,יחידה,false,0.0000,13.9,13.9000,true,1,
4009900525138,false,"וויט גומי לעיסה בטעם תות ללא סוכר, 64 ג' אורפיט",מרס ריגלי ישראל בעמ,,אורביט בקבוקון וויט תות,00000,1,00000,false,0.0000,11.9,11.9000,false,1,
4009900531122,false,"מסטיק בטעם מנטה ספירמינט, 64 ג' פרופשיונל אורפיט","מרס ריגלי ישראל בע""מ",,אורביט בקבוקון ירוק פרופשיונל,יחידה,1,יחידה,false,0.0000,11.9,11.9000,false,1,
4009900531573,false,סוכריות סקיטלס סמודיס בטעמי יוגורט ופירות,"מרס ריגלי ישראל בע""מ",,סקיטלס סמודיס 174 גרם,00000,1,00000,false,0.0000,14.9,14.9000,false,1,
4009900532327,false,סוכריות סקיטלס סמודיס בטעמי יוגורט ופירות,"מרס ריגלי ישראל בע""מ",,סקיטלס סמודיס 38 גרם,00000,1,00000,false,0.0000,5,5.0000,false,1,
4009900535519,false,מסטיק אורביט רפרשרס ספירמינט ללא סוכר 15.6גר',"מרס ריגלי ישראל בע""מ",,אורביט רפרשס מעטפה ירוק,00000,1,00000,false,0.0000,5,5.0000,false,1,
4009900535823,false,מסטיק אורביט רפרשרס באבלמינט ללא סוכר 15.6גר',"מרס ריגלי ישראל בע""מ",,אורביט רפרשס מעטפה ורוד,00000,1,00000,false,0.0000,5,5.0000,false,1,
4011800617714,false,"""קורני"" ביג שוקו בננה50 גרם",מיוצר עי קונדיטוריית,,"""קורני"" ביג שוקו בננה50 גרם",יחידה,1,יחידה,false,0.0000,5.9,5.9000,true,1,
4011800628512,false,חטיף קורני שוקולד חלב 6 יח 150 גר,מיוצר עי קונדיטוריית,,"מארז חטיפי שוקולד חלב ""קורני""",יחידה,1,יחידה,false,0.0000,14.9,14.9000,true,1,
4011800630515,false,חטיף קורני שוקולד חלב ובננה 6 יח 150 גר,מיוצר עי קונדיטוריית,,"מארז חטיפי שוקולד חלב ובננה ""קורני""",יחידה,1,יחידה,false,0.0000,14.9,14.9000,true,1,
4014400901191,false,בונבונריית מרסי מבחר ממתקי שוקולד 250 גרם,ליימן שליסל בע`מ,,בונבונריית מרסי מבחר ממתקי שוקולד 250 גרם,00000,1,00000,false,10.0000,29.9,29.9000,false,1,
4014400913910,false,וורטרס אורגינל סוכריות חמאה ממולאות קרם קרמל בשקית,ליימן שליסל בע`מ,,וורטרס אורגינל סוכריות חמאה ממולאות קרם קרמל בשקית,00000,1,00000,false,0.0000,11,11.0000,false,1,
4014400923711,false,בונבוניירה שוקולד אגוזים טופיפי 125 גרם,ליימן שליסל בע`מ,,טופיפי 125גרם,00000,1,00000,false,90.0000,14.9,14.9000,true,1,
4015400564034,false,מגן תחתון אולוויז מגה פק לונג פלוס 58 יחידות,דיפלומט מפיצים (1986) בע`מ,,אולוויז מגן תחתון מגה פק לונג פלוס 58 יח',יחידה,1,יחידה,false,0.0000,29.9,29.9000,false,1,
4015400755241,false,תחבושות היגייניות אולוויז אולטרה נורמל - 28 יח',דיפלומט מפיצים (1986) בע`מ,,תחבושות אולוויז וליו פק נורמל פלוס 28 יח,יחידה,1,יחידה,false,0.0000,22.9,22.9000,false,1,
4015400755456,false,תחבושות אולוויז עבה לילה 12 יחידות,דיפלומט,,תחבושות אולוויז עבה לילה 12 יחידות,יחידה,1,יחידה,false,0.0000,18.9,18.9000,false,1,
4015400755609,false,תחבושות אולוויז סינגל לילה 10 יחידות,דיפלומט,,תחבושות אולוויז סינגל לילה 10 יחידות,יחידה,1,יחידה,false,0.0000,18.9,18.9000,false,1,
4015600763022,false,שמפו יומיומי למניעת קשקשים לשיער יבש/פגום לשיער רך כמשי,דיפלומט מפיצים (1986) בע`מ,,"ה&ש שמפו מגע משי 500 מ""ל",יחידה,1,יחידה,false,0.0000,29.9,29.9000,false,1,
4015600810849,false,גילט דאו קליר גל 70 מל פאוור ראש,פרוקטר אנד גמבל,,"דאודורנט קליר ג'ל 70 מ""ל Power rush",יחידה,1,יחידה,false,0.0000,31.9,31.9000,false,1,
4025700001962,false,מילקה טבלה 100 גר' לבן 1/22 (4248023),דיפלומט מפיצים (1968) בעמ**,,מילקה טבלת שוקולד לבן 100 גרם,00000,1,00000,false,0.0000,7.9,7.9000,false,1,
4032900124254,false,ווינסטון קומפלקט ברי PP חפיסה,גלוברנדס גרופ בעמ,,וינסטון קומפקט ברי,יחידה,1,יחידה,false,10.0000,28.5,28.5000,false,1,
4033100024146,false,סיגריות ווינסטון קוד בודד,גלוברנדס בעמ - שיווק סיגריות,,וינסטון קוד,יחידה,1,יחידה,false,10.0000,31,31.0000,false,1,
4033100064036,false,וינסטון כחול טבק לגלגול חפיסה,גלוברנדס בעמ - שיווק סיגריות,,וינסטון כחול טבק,יחידה,1,יחידה,false,10.0000,85,85.0000,false,1,
4043058008778,false,טבק אמריקן ספיריט כחול פאוצ,פלנטה טבק,,אמריקן ספיריט כחול טבק,יחידה,1,יחידה,false,5.0000,85,85.0000,false,1,
4084500088917,false,נוזל לניקוי כלים לימון פיירי (650 מל),דיפלומט מפיצים (1986) בע`מ,,"פיירי נוזל כלים לימון 650 מ""ל",יחידה,1,יחידה,false,0.0000,11.9,11.9000,false,1,
4084500853553,false,פיירי נוזל כלים קלאסי אורגינל 650 מל,דיפלומט מפיצים (1986) בע`מ,,"פיירי אוריגינל 650 מ""ל",יחידה,1,יחידה,false,0.0000,13.9,13.9000,false,1,
4260334140605,false,שוקולד ג'נדויה טבעוני עם אגוזי לוז שלמים 150 גרם ללא גלוטן,האי נאם סי או אל.טי.,,שוקולד ג'נדויה טבעוני עם אגוזי לוז שלמים 150 גרם ללא גלוטן,יחידה,1,יחידה,false,30.0000,21.9,21.9000,false,1,
4710068001692,false,מאסטר קפה בטעם לאטה בפחית 240מ`ל,תאיט מרקטינג אנד דיסטריב,,פתיתי קפה קר אדום,יחידה,1,יחידה,false,24.0000,8.5,8.5000,true,1,
4710068001739,false,מאסטר קפה בטעם קולומביאני בפחית 240מ`ל,יוני פרזינדנט אנטרפר,,מאסטר קפה קולומביאני קר,יחידה,1,יחידה,false,24.0000,8.5,8.5000,true,1,
4710068002798,false,מאסטר קפה בטעם וניל בפחית 240מ`ל,מאיטה פוד אינדוסטריאל קו,,מאסטר קפה ונילה,יחידה,1,יחידה,false,24.0000,8.5,8.5000,true,1,
4823077626227,false,שוקולד רושן אורירי חלב 80 גרם,דילר בי.אמ.די.אינטרנשויונל בעמ,,שוקולד רושן אורירי חלב 80 גר',יחידה,1,יחידה,false,20.0000,7.9,7.9000,true,1,
4823077630422,false,"סנדוויץ' קרקר חלב וניל רושן 235 גרם "" 2 CRACK """,דילר בי.אמ.די.אינטרנשויונל בעמ,,"סנדוויץ' קרקר חלב וניל רושן 235 גרם "" 2 CRACK """,יחידה,1,יחידה,false,14.0000,10.9,10.9000,true,1,
4823077631474,false,קרקר קלאסי רושן 168 גר HI DAY,דילר בי.אמ.די.אינטרנשויונל בעמ,,קרקר קלאסי רושן 168 גר HI DAY,יחידה,1,יחידה,false,28.0000,5.9,5.9000,true,1,
4823077633324,false,עוגיות שוקוצ'יפס LOVITA עם חתיכות שוקולד 150 גרם,דילר בי.אמ.די.אינטרנשויונל בעמ,,"עוגיות שוקוצ'יפס "" LOVITA"" חתיכות שוקולד 150גר",יחידה,1,יחידה,false,150.0000,6.9,6.9000,true,1,
4823077633331,false,עוגיות שוקוצ'יפס LOVITA בטעם תפוז 150 גרם,דילר בי.אמ.די.אינטרנשויונל בעמ,,"עוגיות רושן ""LOVITA"" בטעם תפוז 150 גר",יחידה,1,יחידה,false,150.0000,6.9,6.9000,true,1,
>>>>>>> d048ac2f4f281c9d788043ab4e81b61b0dbe3743
4904910049042,false,משקה יוגורט מתוק,,,משקה יוגורט מתוק,יחידה,1,יחידה,false,24.0000,12.9,12.9000,false,1,
4904910059188,false,משקה שזיפים,,,משקה שזיפים,יחידה,1,יחידה,false,24.0000,13.9,13.9000,false,1,
4904910060719,false,משקה תפוזים,,,משקה תפוזים,יחידה,1,יחידה,false,24.0000,13.9,13.9000,false,1,
4904910077397,false,משקה חלבי בטעם תות,,,משקה חלבי בטעם תות,יחידה,1,יחידה,false,24.0000,14.9,14.9000,false,1,
4904910239801,false,משקה קפה חלבי,,,משקה קפה חלבי,יחידה,1,יחידה,false,30.0000,12.9,12.9000,false,1,
<<<<<<< HEAD
5000127533196,false,קלוגס וורייטי שמינייה 191 גרם,חברת קלוגס בריטניה,,קלוגס ווראייטי 200 ג',יחידה,1,יחידה,false,0.0000,29.9,29.9000,false,1,
5000157143365,false,מתבל בטעם מיונז וקטשופ היינץ 425 גרם,"פודליצקי ספ.ז.או.או,",,"רוטב בטעם מיונז וקטשופ 425 מ""ל",יחידה,1,יחידה,false,0.0000,18.9,18.9000,false,1,
5000159020312,false,מלטיזרס אריזה קטנה 37 גרם,מלטיזרס Maltesers,,מלטיזרס,יחידה,1,יחידה,false,25.0000,7.9,7.9000,false,1,
5000159376792,false,סוכריות סקיטלס Skittles פירות חמוצים,ריגלי ממתקים,,סוכריות SKITTLES ירוק 38 גרם,יחידה,1,יחידה,false,14.0000,5,5.0000,false,1,
5000159407236,false,חטיף מרס שוקולד עם ק,מרס הולנד בי.וי.,,חטיף שוקולד מרס,יחידה,1,יחידה,false,24.0000,5.9,5.9000,true,1,
5000159459228,false,חטיף שוקולד טוויקס 50 ג',"נארז ע""י : א.ג. גילר",,טויקס חטיף שוקולד,יחידה,1,יחידה,false,25.0000,5.9,5.9000,true,1,
5000159461122,false,חטיף שוקולד סניקרס מקס קרמל 50 ג',"נארז ע""י : א.ג. גילר",,חטיף שוקולד סניקרס מקס קרמל 50 ג',יחידה,1,יחידה,false,24.0000,5.9,5.9000,true,1,
5000267024233,false,"וויסקי ג'וני בלאק לייבל עם פורר 700מ""ל",ג'וני ווקר Johnnie walker,,"וויסקי ג'וני ווקר שחור 700 מ""ל",יחידה,1,יחידה,false,0.0000,149.9,149.6000,true,1,
5010182997338,false,דאק ג'ל לניקוי אסלות בניחוח רענן 55 מל,"איטיליאן פוד, אס.פי.",,דאק ג'ל לניקוי אסלות בניחוח רענן 55 מל,יחידה,1,יחידה,false,0.0000,9.9,9.9000,false,1,
5010182997918,false,דאק ג'ל לניקוי אסלות בניחוח ים 55 מל,"איטיליאן פוד, אס.פי.",,דאק ג'ל לניקוי אסלות בניחוח ים 55 מל,יחידה,1,יחידה,false,0.0000,9.9,9.9000,false,1,
5010677551397,false,"בקרדי בריזר לימון ליים 275 מ""ל",בקרדי בריזר Bacardi Breezer,,"בריזר ליים, בקבוק 275 מ""ל",יחידה,1,יחידה,false,0.0000,13.9,13.6000,true,1,
5010677552387,false,"בקרדי בריזר אננס 275 מ""ל בקבוק",בקרדי בריזר Bacardi Breezer,,"בריזר אננס, בקבוק 275 מ""ל",יחידה,1,יחידה,false,24.0000,13.9,13.6000,true,1,
5010677554398,false,"בקרדי בריזר אבטיח 275 מ""ל בקבוק",בקרדי בריזר Bacardi Breezer,,"בריזר אבטיח, בקבוק 275 מ""ל",יחידה,1,יחידה,false,24.0000,13.9,13.6000,true,1,
5011157630281,false,אורז לבן ארוך בסמטי טילדה Tilda,אלסקה/ טילדה,,אורז טילדה בסמטי 1ק'ג,יחידה,1,יחידה,false,0.0000,25.9,25.9000,false,1,
=======
5000127533196,false,קלוגס וורייטי שמינייה 191 גרם,דיפלומט מפיצים (1968) בע`מ,,קלוגס ווראייטי 200 ג',יחידה,1,יחידה,false,0.0000,29.9,29.9000,false,1,
5000157143365,false,מתבל בטעם מיונז וקטשופ היינץ 425 גרם,דיפלומט מפיצים (1968) בעמ**,,"רוטב בטעם מיונז וקטשופ 425 מ""ל",יחידה,1,יחידה,false,0.0000,18.9,18.9000,false,1,
5000159020312,false,מלטיזרס אריזה קטנה 37 גרם,"מרס ריגלי ישראל בע""מ",,מלטיזרס,יחידה,1,יחידה,false,25.0000,7.9,7.9000,false,1,
5000159376792,false,סוכריות סקיטלס Skittles פירות חמוצים,"מרס ריגלי ישראל בע""מ",,סוכריות SKITTLES ירוק 38 גרם,יחידה,1,יחידה,false,14.0000,5,5.0000,false,1,
5000159407236,false,מרס חטיף שוקולד עם קרמל 51 גרם,"מרס ריגלי ישראל בע""מ",,חטיף שוקולד מרס,יחידה,1,יחידה,false,24.0000,5.9,5.9000,true,1,
5000159459228,false,חטיף אצבעות קרמל ושוקולד טוויקס (50 גרם),"מרס ריגלי ישראל בע""מ",,טויקס חטיף שוקולד,יחידה,1,יחידה,false,25.0000,5.9,5.9000,true,1,
5000159461122,false,סניקרס חטיף שוקולד עם בוטנים 50 גרם,"מרס ריגלי ישראל בע""מ",,חטיף שוקולד סניקרס מקס קרמל 50 ג',יחידה,1,יחידה,false,24.0000,5.9,5.9000,true,1,
5000267024233,false,"וויסקי ג'וני בלאק לייבל עם פורר 700מ""ל",החברה המרכזית להפצת משקאות בעמ,,"וויסקי ג'וני ווקר שחור 700 מ""ל",יחידה,1,יחידה,false,0.0000,149.9,149.6000,true,1,
5010182997338,false,דאק ג'ל לניקוי אסלות בניחוח רענן 55 מל,"איטיליאן פוד, אס.פי.",,דאק ג'ל לניקוי אסלות בניחוח רענן 55 מל,יחידה,1,יחידה,false,0.0000,9.9,9.9000,false,1,
5010182997918,false,דאק ג'ל לניקוי אסלות בניחוח ים 55 מל,"איטיליאן פוד, אס.פי.",,דאק ג'ל לניקוי אסלות בניחוח ים 55 מל,יחידה,1,יחידה,false,0.0000,9.9,9.9000,false,1,
5010677551397,false,"בקרדי בריזר בטעם לימון ליים 275 מ""ל",בקרדי בריזר Bacardi Breezer,,"בריזר ליים, בקבוק 275 מ""ל",יחידה,1,יחידה,false,0.0000,13.9,13.6000,true,1,
5010677552387,false,"בקרדי בריזר אננס 275 מ""ל בקבוק",בקרדי בריזר Bacardi Breezer,,"בריזר אננס, בקבוק 275 מ""ל",יחידה,1,יחידה,false,24.0000,13.9,13.6000,true,1,
5010677554398,false,בריזר אבטיח בבקבוק בקרדי (275 מל),בקרדי בריזר Bacardi Breezer,,"בריזר אבטיח, בקבוק 275 מ""ל",יחידה,1,יחידה,false,24.0000,13.9,13.6000,true,1,
5011157630281,false,אורז לבן ארוך בסמטי טילדה Tilda,ש. שסטוביץ בע`מ,,אורז טילדה בסמטי 1ק'ג,יחידה,1,יחידה,false,0.0000,25.9,25.9000,false,1,
>>>>>>> d048ac2f4f281c9d788043ab4e81b61b0dbe3743
5014271360423,false,"מעדן תפוזים לל""ס סאן דלפור 284 גרם",סאן דלפור - שמבור,,מעדן תפוזים ללא תוספת סוכר 284,יחידה,1,יחידה,false,0.0000,22.8,22.8000,false,1,
5017818800116,false,"פחית דוקטור פפר 330 מ""ל",טמפו משקאות בעמ,,"פחית דוקטור פפר 330 מ""ל",00000,1,00000,false,0.0000,6.5,6.2000,false,1,
5053307057838,false,ליגת האלופות מעטפת 12 קלפים,,,ליגת האלופות מעטפת 12 קלפים,יחידה,1,יחידה,false,0.0000,14,14.0000,false,1,
5053827193368,false,דגני בוקר קלוגס ברנפלקס 500 גרם,קלוגס קומפני אוף גרייט ב,,קלוגס אול בראן פלקס 500 ג',יחידה,1,יחידה,false,0.0000,29.9,29.9000,false,1,
5060326870805,false,חטיף סויה ותפוח אדמה בטעם ברביקיו מתוק,,,חטיף סויה ותפוח אדמה בטעם ברביקיו מתוק,יחידה,1,יחידה,false,8.0000,12.9,12.9000,false,1,
5060639128051,false,"משקה אנרגיה מונסטר אולטרה בפחית 500 מ""ל",החברה המרכזית להפצת משקאות בעמ,,"משקה מונסטר 500 מ""ל",00000,1,00000,false,0.0000,8.5,8.2000,true,1,
5060751218173,false,"משקה אנרגיה מונסטר אנרג'י piplin punch בפחית 500 מ""ל",החברה המרכזית להפצת משקאות בעמ,,משקה אנרגיה מונסטר פייפליין פאנץ,יחידה,1,יחידה,false,0.0000,8.5,8.2000,true,1,
5060751219033,false,"משקה אנרגיה מונסטר אנרג'י זירו paradise בפחית 500 מ""ל",החברה המרכזית להפצת משקאות בעמ,,משקה אנרגיה מונסטר פרדייס,יחידה,1,יחידה,false,0.0000,8.5,8.2000,true,1,
5200133120582,false,גולדן ברייק גליליות וופל במילוי קרם עם שוקולד מריר 150 גרם,דיפלומט מפיצים (1968) בע`מ,,גולדן ברייק גליליות וופל במילוי קרם עם שוקולד מריר 150 גרם,יחידה,1,יחידה,false,0.0000,6.9,6.9000,false,1,
5201004020338,false,גליליות קפריס קרם אגוזים שוקולד 400 גר,משה סידס ובנו בעמ,,"גליליות ""קפריס"" 400 גרם",יחידה,1,יחידה,false,0.0000,19.9,19.9000,false,1,
5201004021328,false,קפריס רולס גלילי וופל במילוי קרם אגוזי לוז וקקאו,אי. ג'יי פאפאדופולוס,,"גליליות וופלים ""קפריס"" 115 גרם",יחידה,1,יחידה,false,0.0000,10,10.0000,true,1,
5201043004412,false,זיתי קלמטה שחורים 200 גר,,,זיתים קלמטה 370 גרם,יחידה,1,יחידה,false,0.0000,14.9,14.9000,false,1,
5201671803593,false,זיתים ירוקים אורגניים ללא גלעינים (אריזת פאוצ') 150 גרם,השדה מוצרים טבעיים ו,,זיתים ירוקים אורגניים ללא גלעינים (אריזת פאוצ') 150 גרם,יחידה,1,יחידה,false,8.0000,19.9,19.9000,false,1,
<<<<<<< HEAD
5201940010110,false,זיתים שחורים קלמטה וילי פוד 250 גרם,סיוארס אס.איי,,זיתים שחורים מזן קלמטה,יחידה,1,יחידה,false,0.0000,16.9,16.9000,false,1,
5208049002473,false,קנט ארוך קופסא בודדת,Unknown,,קנט ארוך,00000,1,00000,false,10.0000,35,35.0000,false,1,
5391523058070,false,סימילאק אדבנס פלוס 3 תרכובת מזון על בסיס חלב,טרופיקל דגיל תעשיות,,SIMILAC ADVANCE PLUS 3-700GR,יחידה,1,יחידה,false,12.0000,72.9,72.9000,false,1,
5410126106183,false,עוגיות לוטוס 50 יחידות ארוזות בנפרד 312 גרם,כלורוקס אוקלנד,,עוגיות לוטוס 50 יחידות ארוזות בנפרד 312 גרם,יחידה,1,יחידה,false,6.0000,19.9,19.9000,false,1,
5410126716016,false,"עוגיות לוטוס ביסקויט קרמל בד""צ 250 גרם",לוטוס ביקרי בלגיה,,עוגיות לוטוס בתפזורת 250 גרם,יחידה,1,יחידה,false,10.0000,12.9,12.9000,false,1,
5410126726947,false,ממרח ביסקוויט קרמל קראנץ' לוטוס 380 גרם,לוטוס בייקרי בלגיה נ,,לוטוס ממרח קרנאץ' 380 גרם,יחידה,1,יחידה,false,0.0000,24.9,24.9000,false,1,
5410316233446,false,וודקה סמירנוף אדום 2,דיאג'ו סקוטלנד בעמ,,"וודקה סמירנוף 200 מ""ל",יחידה,1,יחידה,false,0.0000,34.9,34.6000,false,1,
5411188096108,false,"אלפרו שמנת צמחית לבישול לייט 250מ""ל",אלפרו C.V.A,,"אלפרו לבישול ע""ב סויה 250 מל",יחידה,1,יחידה,false,0.0000,10.9,10.9000,true,1,
5411188110835,false,אלפרו חלב סויה שקדים וניל 1ל',הנסיך- מפעל לייצור ט,,אלפרו משקה שקדים 1 ליטר,יחידה,1,יחידה,false,0.0000,15.9,15.9000,false,1,
5411188112709,false,"משקה קוקוס אלפרו 1 ליטר משקה שקדים לל""ס",הנסיך- מפעל לייצור ט,,אלפרו משקה שקדים ללא סוכר 1 ליטר,יחידה,1,יחידה,false,0.0000,15.9,15.9000,false,1,
5411188115434,false,משקה אלפרו בריסטה סויה 1 ליטר,אלפרו C.V.A,,אלפרו משקה בריסטה סויה 1 ליטר,יחידה,1,יחידה,false,8.0000,16.9,16.9000,false,1,
5411188115472,false,משקה סויה אלפרו 1 ליטר,הנסיך- מפעל לייצור ט,,אלפרו משקה סויה 1 ליטר,יחידה,1,יחידה,false,0.0000,15.9,15.9000,false,1,
5411188120957,false,"אלפרו תערובת לבישול על בסיס קוקוס 250 מ""ל",אלפרו C.V.A,,אלפרו קוקוס לבישול 8.8% שומן,יחידה,1,יחידה,false,0.0000,10.9,10.9000,false,1,
5411188121978,false,"משקה סויה בטעם שוקולד 3 * 250 מ""ל אלפרו",אלפרו סי.וי. איי,,שלישיית חלב אלפרו,יחידה,1,יחידה,false,0.0000,17.9,17.9000,false,1,
5411188127697,false,אלפרו משקה בריסטה שיבולת שועל 1 ליטר,הנסיך- מפעל לייצור ט,,אלפרו בריסטה שיבולת שועל 1 ליטר,יחידה,1,יחידה,false,0.0000,16.9,16.9000,false,1,
5411188129899,false,משקה אלפרו בריסטה שקדים 1 ליטר,הנסיך- מפעל לייצור ט,,אלפרו בריסטה שקדים 1 ליטר,יחידה,1,יחידה,false,0.0000,16.9,16.9000,false,1,
5411188134985,false,אלפרו 3.5% NOT M*LK שיבולת שועל 1 ליטר בית יוסף,הנסיך- מפעל לייצור ט,,אלפרו שיבולת שועל 3.5% 1 ליטר,יחידה,1,יחידה,false,0.0000,15.9,15.9000,false,1,
5411188135005,false,אלפרו 1.8% NOT M*LK שיבולת שועל 1 ליטר בית יוסף,הנסיך- מפעל לייצור ט,,אלפרו שיבולת שועל 1.8% 1 ליטר,יחידה,1,יחידה,false,0.0000,15.9,15.9000,false,1,
5411188513483,false,"סויה לבישול 14% שומן אלפרו 250 מ""ל",אלפרו C.V.A,,אלפרו סויה לבישול 14% שומן,יחידה,1,יחידה,false,0.0000,10.9,10.9000,false,1,
5411188543398,false,משקה סויה ללא סוכר אלפרו 1 ליטר,הנסיך- מפעל לייצור ט,,אלפרו משקה סויה 1 ליטר ללא סוכר,יחידה,1,יחידה,false,0.0000,15.9,15.9000,false,1,
5413149655522,false,"אבקת כביסה שושן צחור 1.25 ק""ג אריאל",פרוקטר אנד גמבל,,אריאל אבקת כביסה שושן צחור 1.25 קג,יחידה,1,יחידה,false,0.0000,18.9,18.9000,false,1,
5701932026964,false,"הוטפופ גרעיני תירס להכנת פופקורן במיקרוגל בטעם טבעי, בתוספת מלח, 600 גרם",ליימן מותגים,,"הוטפופ גרעיני תירס להכנת פופקורן במיקרוגל בטעם טבעי, בתוספת מלח, 600 גרם",00000,1,00000,false,12.0000,17.9,17.9000,true,1,
5701932026971,false,הוטפופ גרעיני תירס להכנת פופקורן במיקרוגל בטעם חמאה 600 גרם,ליימן מותגים,,הוטפופ גרעיני תירס להכנת פופקורן במיקרוגל בטעם חמאה 600 גרם,00000,1,00000,false,12.0000,17.9,17.9000,true,1,
5701932026995,false,"הוטפופ גרעיני תירס להכנת פופקורן במיקרוגל בטעם טבעי מופחת שומן, 510 גרם",קריניציה ויטמינה אס,,"הוטפופ גרעיני תירס להכנת פופקורן במיקרוגל בטעם טבעי מופחת שומן, 510 גרם",00000,1,00000,false,12.0000,17.9,17.9000,true,1,
5710840209437,false,טבק באלי נטוראל 40 גרם,סקמדינביין טובקו,,בא לי שג חום,יחידה,1,יחידה,false,5.0000,89.9,89.9000,false,1,
5710840210013,false,באלי לבן סופר עדין 40גרם,סקמדינביין טובקו,,באלישג לבן 40 גרם,יחידה,1,יחידה,false,5.0000,89.9,89.9000,false,1,
5740900403215,false,ממרח מחמאת לורפק עם מלח 250 ג',ארלה פודס אמבה,,ממרח לורפק עם מלח 250 גרם,יחידה,1,יחידה,false,0.0000,20.9,20.9000,false,1,
5740900403222,false,ממרח לורפק חמאה עם מלח מופחת שומן 250 ג,ארלה פודס אמבה,,ממרח לורפק עם מלח מופחת שומן 250 גרם,יחידה,1,יחידה,false,0.0000,20.9,20.9000,false,1,
5740900403239,false,ממרח לורפק ללא תוספת מלח 250 גר,ארלה פודס אמבה,,ממרח לורפק בלי מלח 250 גרם,יחידה,1,יחידה,false,0.0000,20.9,20.9000,false,1,
5740900403284,false,חמאה ללא מלח 200 גרם לורפק כשרות או קיי,ארלה פודס אמבה,,לורפק 200 גרם ללא מלח 200 גרם,00000,1,00000,false,0.0000,13.9,13.9000,false,1,
5740900403864,false,חמאה +מלח 200 גרם לורפק כשרות או קיי,ארלה פודס אמבה,,לורפק 200 גרם עם מלח 200 גרם,יחידה,1,יחידה,false,0.0000,13.9,13.9000,false,1,
5900020026552,false,דגני בוקר האני נאט צ'יריוס בטעם דבש ושקדים,נסטלה צרפת איטנקורט,,האני נאט צירויס עידן הקרח 625 גרם,יחידה,1,יחידה,false,14.0000,25.9,25.9000,true,1,
5900020034991,false,דגני בוקר צדפים בטעם שוקולד 450 ג' קראנץ',סי. פי. פולין,,קראנץ צדפים בטעם שוקולד 450 גרם,00000,1,00000,false,6.0000,31.9,31.9000,true,1,
5900020036407,false,ליון דגני בוקר שוקולד וקרמל נסטלה 480 גרם,נסטלה פולין דגני בוק,,ליון דגני בוקר שוקולד וקרמל 480 גרם,00000,1,00000,false,12.0000,25.9,25.9000,false,1,
5900951283963,false,חטיף סניקרס עם חמאת בוטנים Creamy Peanut Butter,סנו מפעלי ברונוס.,,סניקרס קרמי חטיף חמאת בוטנים,יחידה,1,יחידה,false,24.0000,5.9,5.9000,false,1,
5902198160403,false,XL משקה אנרגיה מוגז ללא סוכר עד 10 קלוריות לפחית 250 מל,"טמפו משקאות בע""\מ",,XL משקה אנרגיה מוגז ללא סוכר עד 10 קלוריות לפחית 250 מל,יחידה,1,יחידה,false,0.0000,5.5,5.2000,true,1,
5906485301012,false,"משקה אנרגיה XL פחית 250 מ""ל","טמפו משקאות בע""מ",,XL משקה אנרגיה מוגז 250 מל,יחידה,1,יחידה,false,24.0000,5.5,5.2000,true,1,
=======
5201940010110,false,זיתים שחורים קלמטה וילי פוד 250 גרם,ג. וילי-פוד אינטרנשיונל בע`מ,,זיתים שחורים מזן קלמטה,יחידה,1,יחידה,false,0.0000,16.9,16.9000,false,1,
5208049002473,false,קנט ארוך קופסא בודדת,גלוברנדס בעמ,,קנט ארוך,00000,1,00000,false,10.0000,35,35.0000,false,1,
5391523058070,false,סימילאק אדבנס פלוס 3 תרכובת מזון על בסיס חלב,טרופיקל דגיל תעשיות,,SIMILAC ADVANCE PLUS 3-700GR,יחידה,1,יחידה,false,12.0000,72.9,72.9000,false,1,
5410126106183,false,עוגיות לוטוס 50 יחידות ארוזות בנפרד 312 גרם,דיפלומט מפיצים (1968) בעמ**,,עוגיות לוטוס 50 יחידות ארוזות בנפרד 312 גרם,יחידה,1,יחידה,false,6.0000,19.9,19.9000,false,1,
5410126716016,false,"עוגיות לוטוס ביסקויט קרמל בד""צ 250 גרם",דיפלומט מפיצים (1968) בעמ**,,עוגיות לוטוס בתפזורת 250 גרם,יחידה,1,יחידה,false,10.0000,12.9,12.9000,false,1,
5410126726947,false,ממרח ביסקוויט קרמל קראנץ' לוטוס 380 גרם,דיפלומט מפיצים (1968) בעמ**,,לוטוס ממרח קרנאץ' 380 גרם,יחידה,1,יחידה,false,0.0000,24.9,24.9000,false,1,
5410316233446,false,וודקה סמירנוף אדום 2,דיאג'ו סקוטלנד בעמ,,"וודקה סמירנוף 200 מ""ל",יחידה,1,יחידה,false,0.0000,34.9,34.6000,false,1,
5411188096108,false,"אלפרו שמנת צמחית לבישול לייט 250מ""ל",שטראוס גרופ בעמ/מצונן,,"אלפרו לבישול ע""ב סויה 250 מל",יחידה,1,יחידה,false,0.0000,10.9,10.9000,true,1,
5411188110835,false,אלפרו חלב סויה שקדים וניל 1ל',הנסיך- מפעל לייצור ט,,אלפרו משקה שקדים 1 ליטר,יחידה,1,יחידה,false,0.0000,15.9,15.9000,false,1,
5411188112709,false,"משקה קוקוס אלפרו 1 ליטר משקה שקדים לל""ס",הנסיך- מפעל לייצור ט,,אלפרו משקה שקדים ללא סוכר 1 ליטר,יחידה,1,יחידה,false,0.0000,15.9,15.9000,false,1,
5411188115434,false,משקה אלפרו בריסטה סויה 1 ליטר,"שטראוס גרופ בע""מ",,אלפרו משקה בריסטה סויה 1 ליטר,יחידה,1,יחידה,false,8.0000,16.9,16.9000,false,1,
5411188115472,false,משקה סויה אלפרו 1 ליטר,הנסיך- מפעל לייצור ט,,אלפרו משקה סויה 1 ליטר,יחידה,1,יחידה,false,0.0000,15.9,15.9000,false,1,
5411188120957,false,"אלפרו תערובת לבישול על בסיס קוקוס 250 מ""ל",שטראוס גרופ בעמ/מצונן,,אלפרו קוקוס לבישול 8.8% שומן,יחידה,1,יחידה,false,0.0000,10.9,10.9000,false,1,
5411188121978,false,אלפרו משקה סויה עמיד מועשר בסידן 3*250,שטראוס גרופ בע`מ,,שלישיית חלב אלפרו,יחידה,1,יחידה,false,0.0000,17.9,17.9000,false,1,
5411188127697,false,אלפרו משקה בריסטה שיבולת שועל 1 ליטר,הנסיך- מפעל לייצור ט,,אלפרו בריסטה שיבולת שועל 1 ליטר,יחידה,1,יחידה,false,0.0000,16.9,16.9000,false,1,
5411188129899,false,משקה אלפרו בריסטה שקדים 1 ליטר,הנסיך- מפעל לייצור ט,,אלפרו בריסטה שקדים 1 ליטר,יחידה,1,יחידה,false,0.0000,16.9,16.9000,false,1,
5411188134985,false,אלפרו 3.5% NOT M*LK שיבולת שועל 1 ליטר בית יוסף,שטראוס גרופ בעמ/מצונן,,אלפרו שיבולת שועל 3.5% 1 ליטר,יחידה,1,יחידה,false,0.0000,15.9,15.9000,false,1,
5411188135005,false,אלפרו 1.8% NOT M*LK שיבולת שועל 1 ליטר בית יוסף,שטראוס גרופ בעמ/מצונן,,אלפרו שיבולת שועל 1.8% 1 ליטר,יחידה,1,יחידה,false,0.0000,15.9,15.9000,false,1,
5411188513483,false,"סויה לבישול 14% שומן אלפרו 250 מ""ל",שטראוס גרופ בעמ/מצונן,,אלפרו סויה לבישול 14% שומן,יחידה,1,יחידה,false,0.0000,10.9,10.9000,false,1,
5411188543398,false,משקה סויה ללא סוכר אלפרו 1 ליטר,הנסיך- מפעל לייצור ט,,אלפרו משקה סויה 1 ליטר ללא סוכר,יחידה,1,יחידה,false,0.0000,15.9,15.9000,false,1,
5413149655522,false,"אבקת כביסה שושן צחור 1.25 ק""ג אריאל",דיפלומט מפיצים (1986) בע`מ,,אריאל אבקת כביסה שושן צחור 1.25 קג,יחידה,1,יחידה,false,0.0000,18.9,18.9000,false,1,
5701932026964,false,"הוטפופ גרעיני תירס להכנת פופקורן במיקרוגל בטעם טבעי, בתוספת מלח, 600 גרם",ליימן שליסל בע`מ,,"הוטפופ גרעיני תירס להכנת פופקורן במיקרוגל בטעם טבעי, בתוספת מלח, 600 גרם",00000,1,00000,false,12.0000,17.9,17.9000,true,1,
5701932026971,false,הוטפופ גרעיני תירס להכנת פופקורן במיקרוגל בטעם חמאה 600 גרם,ליימן שליסל בע`מ,,הוטפופ גרעיני תירס להכנת פופקורן במיקרוגל בטעם חמאה 600 גרם,00000,1,00000,false,12.0000,17.9,17.9000,true,1,
5701932026995,false,"הוטפופ גרעיני תירס להכנת פופקורן במיקרוגל בטעם טבעי מופחת שומן, 510 גרם",קריניציה ויטמינה אס,,"הוטפופ גרעיני תירס להכנת פופקורן במיקרוגל בטעם טבעי מופחת שומן, 510 גרם",00000,1,00000,false,12.0000,17.9,17.9000,true,1,
5710840209437,false,טבק באלי נטורל 40 גר`בודד,סקמדינביין טובקו,,בא לי שג חום,יחידה,1,יחידה,false,5.0000,89.9,89.9000,false,1,
5710840210013,false,בא לי שג לבן סופר עדין 40גר,סקמדינביין טובקו,,באלישג לבן 40 גרם,יחידה,1,יחידה,false,5.0000,89.9,89.9000,false,1,
5740900403215,false,ממרח חמאה דנית לורפק עם מלח 250 גרם,שטראוס גרופ בעמ/מצונן,,ממרח לורפק עם מלח 250 גרם,יחידה,1,יחידה,false,0.0000,20.9,20.9000,false,1,
5740900403222,false,ממרח לורפק חמאה עם מלח מופחת שומן 250 ג,שטראוס גרופ בעמ/מצונן,,ממרח לורפק עם מלח מופחת שומן 250 גרם,יחידה,1,יחידה,false,0.0000,20.9,20.9000,false,1,
5740900403239,false,ממרח חמאה דנית לורפק ללא מלח 250 גרם,שטראוס גרופ בעמ/מצונן,,ממרח לורפק בלי מלח 250 גרם,יחידה,1,יחידה,false,0.0000,20.9,20.9000,false,1,
5740900403284,false,חמאה ללא מלח 200 גרם לורפק כשרות או קיי,שטראוס גרופ בעמ/מצונן,,לורפק 200 גרם ללא מלח 200 גרם,00000,1,00000,false,0.0000,13.9,13.9000,false,1,
5740900403864,false,חמאה +מלח 200 גרם לורפק כשרות או קיי,שטראוס גרופ בעמ/מצונן,,לורפק 200 גרם עם מלח 200 גרם,יחידה,1,יחידה,false,0.0000,13.9,13.9000,false,1,
5900020026552,false,דגני בוקר האני נאט צ'יריוס בטעם דבש ושקדים,קבוצת אוסם סחר שותפות מוגבלת,,האני נאט צירויס עידן הקרח 625 גרם,יחידה,1,יחידה,false,14.0000,25.9,25.9000,true,1,
5900020034991,false,דגני בוקר צדפים בטעם שוקולד 450 ג' קראנץ',קבוצת אוסם סחר שותפות מוגבלת,,קראנץ צדפים בטעם שוקולד 450 גרם,00000,1,00000,false,6.0000,31.9,31.9000,true,1,
5900020036407,false,ליון דגני בוקר שוקולד וקרמל נסטלה 480 גרם,קבוצת אוסם סחר שותפות מוגבלת,,ליון דגני בוקר שוקולד וקרמל 480 גרם,00000,1,00000,false,12.0000,25.9,25.9000,false,1,
5900951283963,false,חטיף סניקרס עם חמאת בוטנים Creamy Peanut Butter,"מרס ריגלי ישראל בע""מ",,סניקרס קרמי חטיף חמאת בוטנים,יחידה,1,יחידה,false,24.0000,5.9,5.9000,false,1,
5902198160403,false,XL משקה אנרגיה מוגז ללא סוכר עד 10 קלוריות לפחית 250 מל,"טמפו משקאות בע""\מ",,XL משקה אנרגיה מוגז ללא סוכר עד 10 קלוריות לפחית 250 מל,יחידה,1,יחידה,false,0.0000,5.5,5.2000,true,1,
5906485301012,false,משקה אנרגיה XL מוגז פחית 250 מל,טמפו משקאות בע`מ,,XL משקה אנרגיה מוגז 250 מל,יחידה,1,יחידה,false,24.0000,5.5,5.2000,true,1,
>>>>>>> d048ac2f4f281c9d788043ab4e81b61b0dbe3743
6001067022558,false,מברשת שיניים קולגייט אקסטרה קלין,קולגייט פלמוליב,,קולגייט אקסטרה קלין,יחידה,1,יחידה,false,0.0000,6.9,6.9000,false,1,
6001120604271,false,טופי פיזרס ורוד 1/72,,,מקל טופי פיזרס,יחידה,1,יחידה,false,0.0000,2.5,2.5000,false,1,
6008165274629,false,פאל מאל כחול ארוך סטרים פילטר חפיסה,גלוברנדס בעמ - שיווק סיגריות,,פאל מאל טיוב ארוך כחול,יחידה,1,יחידה,false,10.0000,28,28.0000,false,1,
7271730901261,false,ווקי מאק ארוחת אטריות עם גבינה 156 גרם,ניו וורלד פסטה קומפנ,,מקרוני אנד צ'יז156,יחידה,1,יחידה,false,24.0000,12.9,12.9000,false,1,
7290000000060,false,"מארז 5 פיתות ""סופר יודה""",,,"מארז 5 פיתות ""סופר יודה""",יחידה,1,יחידה,false,0.0000,7.9,7.9000,false,1,
7290000001852,false,כדורים של יעל,,,כדורים של יעל,יחידה,1,יחידה,false,0.0000,24.9,24.9000,false,1,
<<<<<<< HEAD
7290000023809,false,"יין קלאסיק קברנה סוביניון ברקן 750 מ""ל",יקבי ברקן שיווק והפצה בע,,"יין קלאסיק קברנה סובניון 750 מ""ל ברקן",יחידה,1,יחידה,false,0.0000,34.9,34.6000,true,1,
7290000023816,false,"יין קלאסיק אמרלד ריזלינג ברקן 750 מ""ל",יקבי ברקן שיווק והפצה בע,,"ברקן , קלאסיק אמרלד ריזלינג 750 מל",יחידה,1,יחידה,false,0.0000,34.9,34.6000,true,1,
7290000023823,false,"יין קלאסיק סוביניון בלאן ברקן 750 מ""ל",יקבי ברקן שיווק והפצה בע,,"ברקן , קלאסיק סוביניון בלאן 750 מל",יחידה,1,יחידה,false,0.0000,34.9,34.6000,true,1,
7290000023830,false,יין קלאסיק שיראז רוזה 750 מל,יקבי ברקן שיווק והפצה בע,,"ברקן ,קלאסיק רוזה, 750 מל",יחידה,1,יחידה,false,0.0000,34.9,34.6000,true,1,
7290000023847,false,"יין קלאסיק שרדונה ברקן 750 מ""ל",יקבי ברקן שיווק והפצה בע,,"ברקן ,קלאסיק שרדונה, 750 מל",יחידה,1,יחידה,false,0.0000,30.2,29.9000,true,1,
7290000023977,false,"יין קלאסיק מרלו ברקן 750 מ""ל",יקבי ברקן שיווק והפצה בע,,ברקן קלאסיק מרלו 750 מל,יחידה,1,יחידה,false,0.0000,34.9,34.6000,true,1,
=======
7290000023809,false,קלאסיק קברנה סובניון יקבי ברקן (750 מל),יקבי ברקן שיווק והפצה בע,,"יין קלאסיק קברנה סובניון 750 מ""ל ברקן",יחידה,1,יחידה,false,0.0000,34.9,34.6000,true,1,
7290000023816,false,קלאסיק אמרלד ריזלינג יקבי ברקן (750 מל),יקבי ברקן שיווק והפצה בע,,"ברקן , קלאסיק אמרלד ריזלינג 750 מל",יחידה,1,יחידה,false,0.0000,34.9,34.6000,true,1,
7290000023823,false,"יין קלאסיק סוביניון בלאן ברקן 750 מ""ל",יקבי ברקן שיווק והפצה בע,,"ברקן , קלאסיק סוביניון בלאן 750 מל",יחידה,1,יחידה,false,0.0000,34.9,34.6000,true,1,
7290000023830,false,יין קברנה בלאש סמוק ברקן קלאסי,יקבי ברקן שיווק והפצה בע,,"ברקן ,קלאסיק רוזה, 750 מל",יחידה,1,יחידה,false,0.0000,34.9,34.6000,true,1,
7290000023847,false,קלאסיק שרדונה יקבי ברקן (750 מל),יקבי ברקן שיווק והפצה בע,,"ברקן ,קלאסיק שרדונה, 750 מל",יחידה,1,יחידה,false,0.0000,30.2,29.9000,true,1,
7290000023977,false,קלאסיק מרלו יקבי ברקן (750 מל),יקבי ברקן שיווק והפצה בע,,ברקן קלאסיק מרלו 750 מל,יחידה,1,יחידה,false,0.0000,34.9,34.6000,true,1,
>>>>>>> d048ac2f4f281c9d788043ab4e81b61b0dbe3743
7290000024523,false,"תירוש של סגל ,מיץ ענבים , 1 ליטר",כרמי צבי - האחים סגל,,"תירוש של סגל ,מיץ ענבים , 1 ליטר",יחידה,1,יחידה,false,0.0000,15.9,15.6000,false,1,
7290000029412,false,"""סופר יודה"" אגוז מלך 200 גרם",,,"""סופר יודה"" אגוז מלך 200 גרם",יחידה,1,יחידה,false,0.0000,19.9,19.9000,false,1,
7290000030845,false,"""סופר יודה"" חמוציות 200 גרם",,,"""סופר יודה"" חמוציות 200 גרם",יחידה,1,יחידה,false,0.0000,13.9,13.9000,false,1,
7290000031132,false,"""סופר יודה"" אגוז ברזיל 200 גרם",,,"""סופר יודה"" אגוז ברזיל 200 גרם",יחידה,1,יחידה,false,0.0000,29.9,29.9000,false,1,
<<<<<<< HEAD
7290000040042,false,יופלה יוגורט תות %3 גביע 150 גרם,תנובה חלב,,יוגורט יופלה תות 3%,יחידה,1,יחידה,false,0.0000,5.7,5.7000,true,1,
7290000040066,false,יופלה יוגורט דובדבן %3 גביע 150 גרם,תנובה מרכז שיתופי לש,,יוגורט יופלה דובדבן 3%,יחידה,1,יחידה,false,0.0000,5.7,5.7000,true,1,
7290000040080,false,יופלה יוגורט אפרסק %3 גביע 150 גרם,תנובה חלב,,יוגורט יופלה אפרסק 3%,יחידה,1,יחידה,false,0.0000,5.7,5.7000,true,1,
=======
7290000040042,false,יופלה יוגורט תות %3 גביע 150 גרם,"תנובה בע""מ ***",,יוגורט יופלה תות 3%,יחידה,1,יחידה,false,0.0000,5.7,5.7000,true,1,
7290000040066,false,יופלה יוגורט דובדבן %3 גביע 150 גרם,תנובה מרכז שיתופי לש,,יוגורט יופלה דובדבן 3%,יחידה,1,יחידה,false,0.0000,5.7,5.7000,true,1,
7290000040080,false,יופלה יוגורט אפרסק %3 גביע 150 גרם,"תנובה בע""מ ***",,יוגורט יופלה אפרסק 3%,יחידה,1,יחידה,false,0.0000,5.7,5.7000,true,1,
>>>>>>> d048ac2f4f281c9d788043ab4e81b61b0dbe3743
7290000040301,false,תנובה עין גדי קממבר מחלב בקר 24% שומן,תנובה מרכז שיתופי לש,,תנובה עין גדי קממבר מחלב בקר 24% שומן,יחידה,1,יחידה,false,0.0000,20,20.0000,false,1,
7290000040318,false,גבינת עדי ברי 24% קולאז` (125 גרם)קולקש,תנובה מרכז שיתופי לש,,עדי ברי 24% שומן,יחידה,1,יחידה,false,0.0000,23.8,23.8000,false,1,
7290000040974,false,חלב 2% דל לקטוז בקרטון תנובה (1 ליטר),תנובה מרכז שיתופי לש,,חלב תנובה דל לקטוז 2% שומן 1 ליטר,יחידה,1,יחידה,false,0.0000,7.5,7.5000,false,1,
7290000041445,false,קוטג תנובה גביע 250 גרם 5% בדצ,מיוצר עי קונדיטוריית,,קוטג תנובה גביע 250 גרם 5% בדצ,יחידה,1,יחידה,false,0.0000,5.9,5.9000,false,1,
<<<<<<< HEAD
7290000041858,false,"שמנת חמוצה 15% מועשרת יטבתה 200 מ""ל",שטראוס גרופ,,שמנת חמוצה 15% מועשרת למהדרין,יחידה,1,יחידה,false,0.0000,2.9,2.9000,false,1,
7290000042435,false,חלב דל שומן בקרטון+פקק תנובה 1 ליטר,תנובה מרכז שיתופי לש,,תנובה חלב טרי 1% שומן - מוצר בפיקוח,יחידה,1,יחידה,false,0.0000,5.86,5.8600,true,1,
7290000042855,false,"שוקו בשקית 250 מ""ל ""יטבתה""",שטראוס גרופ,,"שוקו בשקית 250 מ""ל ""יטבתה""",יחידה,1,יחידה,false,0.0000,2.9,2.9000,false,1,
7290000043012,false,"שוקו עמיד 2% בקרטון 250 מ""ל תנובה",תנובה מרכז שיתופי לש,,תנובה שוקו עמיד 2% שומן 250 מל,יחידה,1,יחידה,false,0.0000,5.9,5.9000,false,1,
7290000043814,false,השף הלבן שמנת להקצפה 38% שומן 250 מל - מוצר בפיקוח,תנובה מרכז שיתופי לש,,השף הלבן שמנת להקצפה 38% שומן 250 מל - מוצר בפיקוח,יחידה,1,יחידה,false,0.0000,6.47,6.4700,false,1,
7290000045917,false,תנובה פרומעז גבינה מותכת מחלב עיזים 23% שומן,תנובה חלב,,תנובה פרומעז גבינה מותכת מחלב עיזים 23% שומן,יחידה,1,יחידה,false,0.0000,29.9,29.9000,false,1,
=======
7290000041858,false,"שמנת חמוצה 15% מועשרת יטבתה 200 מ""ל",שטראוס גרופ בעמ/מצונן,,שמנת חמוצה 15% מועשרת למהדרין,יחידה,1,יחידה,false,0.0000,2.9,2.9000,false,1,
7290000042435,false,חלב דל שומן 1% בקרטון תנובה (1 ליטר)פיק,תנובה מרכז שיתופי לש,,תנובה חלב טרי 1% שומן - מוצר בפיקוח,יחידה,1,יחידה,false,0.0000,5.86,5.8600,true,1,
7290000042855,false,"שוקו בשקית 250 מ""ל ""יטבתה""",שטראוס גרופ בעמ/מצונן,,"שוקו בשקית 250 מ""ל ""יטבתה""",יחידה,1,יחידה,false,0.0000,2.9,2.9000,false,1,
7290000043012,false,"שוקו עמיד 2% בקרטון 250 מ""ל תנובה",תנובה מרכז שיתופי לש,,תנובה שוקו עמיד 2% שומן 250 מל,יחידה,1,יחידה,false,0.0000,5.9,5.9000,false,1,
7290000043814,false,השף הלבן שמנת להקצפה 38% שומן 250 מל - מוצר בפיקוח,תנובה מרכז שיתופי לש,,השף הלבן שמנת להקצפה 38% שומן 250 מל - מוצר בפיקוח,יחידה,1,יחידה,false,0.0000,6.47,6.4700,false,1,
7290000045917,false,תנובה פרומעז גבינה מותכת מחלב עיזים 23% שומן,תנובה בעמ ***,,תנובה פרומעז גבינה מותכת מחלב עיזים 23% שומן,יחידה,1,יחידה,false,0.0000,29.9,29.9000,false,1,
>>>>>>> d048ac2f4f281c9d788043ab4e81b61b0dbe3743
7290000046327,false,גלבוע גבינה צהובה פרוסה 22% תנובה 200 גרם,תנובה מרכז שיתופי לש,,גלבוע גבינה צהובה חצי קשה פרוס 22% שומן,יחידה,1,יחידה,false,0.0000,14.5,14.5000,false,1,
7290000047621,false,גבינה לבנה רכה 5% תנובה 250ג' מהדרין,תנובה מרכז שיתופי לש,,גבינה לבנה 5% 250 גרם בדצ,יחידה,1,יחידה,false,0.0000,4.98,4.9800,false,1,
7290000047942,false,**תנובה גבינה לבנה מהדרין 9% 250ג,תנובה מרכז שיתופי לש,,גבינה לבנה 9% 250 גרם בדצ,יחידה,1,יחידה,false,0.0000,5,5.0000,false,1,
7290000048185,false,גבינה לבנה 5% תנובה 250 גרם מהדרין,מיוצר עי קונדיטוריית,,גבינה לבנה 5% 250 גרם - מוצר בפיקוח,יחידה,1,יחידה,false,0.0000,4.98,4.9800,false,1,
7290000048192,false,גבינה לבנה 9% תנובה 250 גרם מהדרין,מחלבת אלון תבור,,גבינה לבנה 9% 250 גרם מהדרין,יחידה,1,יחידה,false,0.0000,5,5.0000,false,1,
7290000048413,false,גבינה חמד (25016% גרם)פיראוס תנובה,תנובה מרכז שיתופי לש,,פיראוס חמד גבינה מלוחה 16% שומן,יחידה,1,יחידה,false,0.0000,21.5,21.5000,false,1,
7290000049458,false,גבינה בולגרית עיזים (25016% גרם)פיראוס,תנובה מרכז שיתופי לש,,פיראוס פטה עזים 16% 250 גרם,יחידה,1,יחידה,false,0.0000,31.5,31.5000,false,1,
7290000051307,false,"מארז הפסקת אוכל עם דגני עוגי ומשקה חלב עמיד בטעם וניל 150 מ""ל",תנובה מרכז שיתופי לש,,"מארז הפסקת אוכל עם דגני עוגי ומשקה חלב עמיד בטעם וניל 150 מ""ל",יחידה,1,יחידה,false,0.0000,10.5,10.5000,false,1,
7290000051352,false,חלב מלא בטעם של פעם 3.4% תנובה קרטון 1 ל',תנובה מרכז שיתופי לש,,חלב מלא בטעם של פעם 3.8% שומן,יחידה,1,יחידה,false,0.0000,8.5,8.5000,false,1,
7290000051376,false,יוגורט יופלה דיאט אננס 0% שומן 150 גרם,תנובה מרכז שיתופי לש,,יופלה דיאט אננס גביע 150 גרם,יחידה,1,יחידה,false,0.0000,5.7,5.7000,true,1,
7290000052311,false,גבינה צהובה עמק לייט 15% שומן 200 גרם,תנובה מרכז שיתופי לש,,עמק %15 פרוס קופסא 200 גרם,יחידה,1,יחידה,false,0.0000,17.8,17.8000,false,1,
<<<<<<< HEAD
7290000052649,false,גבינת לאבנה 5% שומן 500 ג' פיראוס,תנובה מרכז שיתופי לש,,פיראוס לאבנה אסלית 5% 500 גרם,יחידה,1,יחידה,false,0.0000,22.5,22.5000,false,1,
=======
7290000052649,false,לאבנה אסלית (5005% גרם)פיראוס תנובה,תנובה מרכז שיתופי לש,,פיראוס לאבנה אסלית 5% 500 גרם,יחידה,1,יחידה,false,0.0000,22.5,22.5000,false,1,
>>>>>>> d048ac2f4f281c9d788043ab4e81b61b0dbe3743
7290000055015,false,פיראוס גבינת פטה כבשים 5% תנובה 250 גרם,תנובה מרכז שיתופי לש,,פיראוס פטה כבשים גבינה מלוחה 5% שומן,יחידה,1,יחידה,false,0.0000,30.9,30.9000,false,1,
7290000055329,false,"משקה בוקר יוגורט 1.5% בטעם תות מלון יופלה 250 מ""ל",תנובה מרכז שיתופי לש,,יופלה משקה יוגורט תות מלון,יחידה,1,יחידה,false,0.0000,6,6.0000,false,1,
7290000055336,false,"משקה יוגורט 1.5% בטעם בננה אפרסק יופלה 250 מ""ל",תנובה מרכז שיתופי לש,,יופלה משקה יוגורט בטעם בננה אפרסק,יחידה,1,יחידה,false,0.0000,6,6.0000,false,1,
7290000055343,false,משקה יוגורט יופלה פירות טרופיים 250 גרם,תנובה מרכז שיתופי לש,,יופלה משקה יוגורט בטעם טרופי,יחידה,1,יחידה,false,0.0000,6,6.0000,false,1,
7290000055893,false,חמאה משמנת מפוסטרת 200גרם 82% כ.מהדרין - מוצר בפיקוח,תנובה מרכז שיתופי לש,,חמאה משמנת מפוסטרת 200גרם 82% כ.מהדרין - מוצר בפיקוח,יחידה,1,יחידה,false,0.0000,8.5,8.5000,false,1,
7290000056845,false,תנובה חלב טרי 3% שומן 1.5 ליטר - מוצר בפיקוח,פארייפאבה אגרואינדוס,,תנובה חלב טרי 3% שומן 1.5 ליטר - מוצר בפיקוח,יחידה,1,יחידה,false,0.0000,9.34,9.3400,false,1,
7290000057088,false,עמק גבינה צהובה פרוסה דק דק 28% תנובה 200 גרם,תנובה מרכז שיתופי לש,,עמק פרוס דק דק 200 גרם,יחידה,1,יחידה,false,0.0000,17.9,17.9000,false,1,
7290000057132,false,יוגורט תנובה טבעי 1.5% גביע 200 גרם,מחלבת אלון תבור,,יוגורט תנובה טבעי 1.5% גביע 200 גרם,יחידה,1,יחידה,false,0.0000,3.1,3.1000,false,1,
7290000057149,false,יוגורט תנובה טבעי 3% גביע 200 גרם,מיוצר עי קונדיטוריית,,יוגורט תנובה טבעי 3% גביע 200 גרם,יחידה,1,יחידה,false,0.0000,3.1,3.1000,false,1,
<<<<<<< HEAD
7290000058580,false,קוקילידה בטעם וניל עם עוגיות שוקולד גלידות נסטלה 80 גרם,נגה גלידות (גלידות נ,,קוקילדה -שלגון,יחידה,1,יחידה,false,0.0000,10,10.0000,false,1,
7290000060071,false,אוסם - חטיפי פריכונים מאורז מלא קלוי 80גר,"פרח תעשיות מזון בע""מ.",,אסם חטיפי פריכונים טבעי 80 גרם,יחידה,1,יחידה,false,12.0000,8.9,8.9000,false,1,
7290000060156,false,פסטה אסם אטריות ביצים דקות 200גר,"אסם תעשיות בע""מ",,"אטריות ביצים דקות 200 גרם ""אסם""",יחידה,1,יחידה,false,12.0000,8.5,8.5000,false,1,
7290000060163,false,פסטה אסם אטריות דקות 400גר,"אסם תעשיות בע""מ",,איטריות מובחר 400 ג',יחידה,1,יחידה,false,12.0000,8.5,8.5000,false,1,
7290000060200,false,פסטה אסם פתיתים אפויים קוסקוס 500גר,"אסם תעשיות בע""מ",,פתיתים אפויים קוסקוס 500 ג' אסם,יחידה,1,יחידה,false,12.0000,8.9,8.9000,true,1,
7290000060248,false,פסטה אסם פתיתים תלתלים 500 גר',קריות זול,,פסטה תלתלים 500 ג' אסם,יחידה,1,יחידה,false,12.0000,7.9,7.9000,true,1,
7290000060408,false,פסטה אסם פתיתים אפויים טבעות 500 גר,"אסם השקעות בע""\מ",,פתיתים אפויים טבעות 500 ג' אסם,יחידה,1,יחידה,false,12.0000,8.9,8.9000,true,1,
7290000060576,false,פתיתים אפויים כוכבים אסם 500 גרם,"אסם השקעות בע""\מ",,פתיתים אפויים כוכבים 500 ג' אסם,יחידה,1,יחידה,false,12.0000,8.9,8.9000,true,1,
7290000060781,false,פסטה אסם פתיתים מסולסלים 500גר,קריות זול,,פסטה מסולסלים 500 ג' אסם,יחידה,1,יחידה,false,12.0000,7.9,7.9000,true,1,
7290000060811,false,טילון אקסטרים מטבע ענק שוקולד נסטלה 120 גרם,תות תעשיות מזון (201,,אקסטרים ענק מטבע שוקולד,יחידה,1,יחידה,false,0.0000,10,10.0000,false,1,
7290000060828,false,פסטה קרניים בינוניות אסם 500 גרם,קריות זול,,פסטה קרניים בינוניות 500 ג' אסם,יחידה,1,יחידה,false,12.0000,7.9,7.9000,true,1,
7290000060880,false,פסטה ספגטי מספר 8 אסם 500 גרם,קריות זול,,פסטה ספגטי 500 ג' אסם,יחידה,1,יחידה,false,20.0000,7.9,7.9000,true,1,
7290000060903,false,פסטה אסם פתיתים אפויים אורז 500גר,"אסם השקעות בע""\מ",,פתיתים אפויים אורז 500 ג' אסם,יחידה,1,יחידה,false,12.0000,8.9,8.9000,true,1,
7290000060958,false,פסטה אסם אטריות בינוניות 400 גרם,"אסם השקעות בע""\מ",,איטריות בינוניות 400 ג',יחידה,1,יחידה,false,12.0000,8.5,8.5000,false,1,
7290000060965,false,פסטה אסם אטריות רחבות 400גר,"אסם השקעות בע""\מ",,איטריות מובחר רחבות 400 ג',יחידה,1,יחידה,false,12.0000,8.5,8.5000,false,1,
7290000061061,false,קרקר חיטה עם בצל אסם,"אסם השקעות בע""\מ",,אסם קרקר בצל 250 גרם,יחידה,1,יחידה,false,12.0000,11,11.0000,false,1,
7290000061108,false,"רוטב טריאקי 290 מ""ל-בקבוק","אסם השקעות בע""\מ",,אסם רוטב טריאקי 290 מל,יחידה,1,יחידה,false,9.0000,14.9,14.9000,true,1,
7290000061245,false,עוגיות שוקוצ'יפס במילוי שוקולד אסם 220 גרם,מיוצר עי קונדיטוריית,,אסם עוגיות שוקוצ'יפס ממולאות 220 גרם,יחידה,1,יחידה,false,12.0000,12.9,12.9000,false,1,
7290000062952,false,אוסם - מיני קרוטונים למרק ולסלט 250 גרם,עינת תעשיות מזון אגו,,אסם מיני קרוטונים למרק וסלט 250 גרם,יחידה,1,יחידה,false,12.0000,17,17.0000,false,1,
7290000063102,false,קמח עוגה תופח מאליו אסם 350 גרם,"אסם השקעות בע""\מ",,אסם קמח עוגה תופח מאליו 350 גרם,יחידה,1,יחידה,false,20.0000,5.5,5.5000,false,1,
7290000063133,false,אסם שקדי מרק רכיבים טבעיים 24*100גרם,"אסם השקעות בע""מ",,אסם שקדי מרק רכיבים טבעיים 100 גרם,יחידה,1,יחידה,false,24.0000,5.5,5.5000,false,1,
7290000063140,false,שקדי מרק רכיבים טבעיים בשקית 400 ג' אסם,"אסם תעשיות בע""מ",,אסם שקדי מרק רכיבים טבעיים 400 גרם,יחידה,1,יחידה,false,12.0000,14.9,14.9000,true,1,
7290000063157,false,"קמח עוגה תופח מאליו אסם 1 ק""ג","אסם השקעות בע""\מ",,אסם קמח עוגה תופח מאליו 1 קג,יחידה,1,יחידה,false,10.0000,10.9,10.9000,false,1,
7290000064758,false,קוסקוס בינוני אמיתי אסם 350 ג',"מיוצר ע""י קוד יצרן K",,קוסקוס אמיתי 350 ג' אסם,יחידה,1,יחידה,false,12.0000,8.9,8.9000,false,1,
7290000064871,false,"אוסם - מנה חמה פירה תפו""א עם בצל 56 גרם","אסם תעשיות בע""מ",,מנה חמה פירה תפוא.ובצל 56 גרם,יחידה,1,יחידה,false,12.0000,7.9,7.9000,true,1,
7290000065335,false,אוסם - מנה חמה פירה עם ירקות 55 גרם,"אסם תעשיות בע""מ",,מנה חמה פירה וירקות 55 גרם,יחידה,1,יחידה,false,12.0000,7.9,7.9000,true,1,
7290000065557,false,אוסם - מנה חמה קוסקוס עם ירקות 84 גרם,"אסם תעשיות מזון בע""מ",,מנה חמה קוסקוס+ירק8 ג',יחידה,1,יחידה,false,12.0000,7.9,7.9000,true,1,
7290000065977,false,חטיפי פריכונים תירס שומשום אסם 80 גרם,"פרח תעשיות מזון בע""מ.",,אסם חטיפי פריכונים תירס שומשום 80 גרם,יחידה,1,יחידה,false,12.0000,8.9,8.9000,false,1,
7290000066196,false,ביסלי חטיף בטעם גריל אסם 200 גרם,מיוצר עי קונדיטוריית,,ביסלי גריל 200 גרם,יחידה,1,יחידה,false,25.0000,9.9,9.9000,true,1,
7290000066226,false,ביסלי חטיף בטעם פיצה אסם 200 גרם,מיוצר עי קונדיטוריית,,ביסלי פיצה 200 גרם,יחידה,1,יחידה,false,25.0000,9.9,9.9000,true,1,
7290000066295,false,במבה מתוקה מחומרים טבעיים 30 גרם,מיוצר עי קונדיטוריית,,במבה מתוקה מחומרים טבעיים 30 גרם,יחידה,1,יחידה,false,40.0000,3,3.0000,false,1,
7290000066332,false,אפרופו חטיף תירס אסם 50 גרם,מיוצר עי קונדיטוריית,,אפרופו 50 גרם,יחידה,1,יחידה,false,36.0000,5.5,5.5000,true,1,
7290000067544,false,פירורית זהב פירורי לחם אסם 200 גרם,עינת תעשיות מזון אגו,,אסם פירורית פירורי לחם זהב 200 גרם,יחידה,1,יחידה,false,12.0000,6.9,6.9000,false,1,
7290000067599,false,מנה חמה ספגטי ברוטב בולונז אסם 65 גרם,"אסם השקעות בע""\מ",,מנה חמה ספגטי בולונז 65 גרם,יחידה,1,יחידה,false,12.0000,7.9,7.9000,true,1,
7290000067735,false,פרפקטו ניוקי בצקיות תפוחי אדמה 500 ג' אסם,גרנדי פסטי,,פרפקטו ניוקי בצקיות תפוחי אדמה 500 ג' אסם,יחידה,1,יחידה,false,12.0000,14.9,14.9000,false,1,
7290000068138,false,אינסטנט פודינג בטעם וניל אסם 80 גרם,מיוצר עי קונדיטוריית,,אסם פודינג אינסטנט וניל 80 גרם,יחידה,1,יחידה,false,12.0000,6.9,6.9000,false,1,
7290000068190,false,אסם ג'לי תות שדה צבעים טבעיים 90 גרם,מיוצר עי קונדיטוריית,,אסם ג'לי תות שדה צבעים טבעיים 90 גרם,יחידה,1,יחידה,false,12.0000,7.9,7.9000,false,1,
7290000068251,false,אבקה להכנת ג'לי בטעם אננס אסם 85 גרם,מיוצר עי קונדיטוריית,,אסם ג'לי אננס צבעים טבעיים 85 גרם,יחידה,1,יחידה,false,12.0000,7.9,7.9000,false,1,
7290000068343,false,אסם פריכונים פרוסות קלויות מלא,"פרח תעשיות מזון בע""מ.",,אסם פריכונים מאורז מלא 140 גרם,יחידה,1,יחידה,false,12.0000,8.9,8.9000,false,1,
7290000068701,false,אסם שקדי מרק רכיבים טבע.מיכל 400 גרם,"אסם תעשיות בע""מ",,אסם שקדי מרק רכיבים טבע.מיכל 400 גרם,יחידה,1,יחידה,false,10.0000,15.9,15.9000,false,1,
7290000068770,false,במבה יום הולדת חטיף בוטנים אסם 80 גרם,"אסם השקעות בע""\מ",,במבה יום הולדת 80 גרם,יחידה,1,יחידה,false,40.0000,5.5,5.5000,true,1,
7290000068787,false,במבה יום הולדת חטיף בוטנים אסם 25 גרם,מיוצר עי קונדיטוריית,,במבה יום הולדת 25 גרם,יחידה,1,יחידה,false,120.0000,2.5,2.5000,false,1,
7290000071008,false,אוסם - בייגלה שטוחים מלח 60 גרם,"אסם השקעות בע""\מ",,אסם בייגלה שטוחים מלח 60 גרם,יחידה,1,יחידה,false,24.0000,4,4.0000,false,1,
7290000072067,false,במבה חטיף בוטנים במילוי קרם חלבה 60 גרם,מיוצר עי קונדיטוריית,,במבה במילוי קרם חלבה 60 גרם,יחידה,1,יחידה,false,40.0000,6,6.0000,true,1,
7290000072241,false,"רוטב פיצה 290 מ""ל-בקבוק","אסם השקעות בע""\מ",,אסם רוטב פיצה 290 מל,יחידה,1,יחידה,false,9.0000,14.9,14.9000,true,1,
7290000072623,false,קטשופ אסם בקבוק לחיץ 750 גרם,"אסם תעשיות בע""מ",,אסם קטשופ בקבוק לחיץ 750גרם,יחידה,1,יחידה,false,9.0000,12.9,12.9000,false,1,
7290000072630,false,קטשופ אסם חריף 750 גרם-בקבוק,"אסם תעשיות בע""מ",,אסם קטשופ חריף 750 גרם,יחידה,1,יחידה,false,9.0000,17.9,17.9000,false,1,
7290000072753,false,קפה נמס מגורען טסטרס צ'ויס 200 גרם-,נסטלה קוריאה - קפה,,טייסטרס צ'וייס 200גרם,יחידה,1,יחידה,false,12.0000,29.9,29.9000,false,1,
7290000072968,false,דגני בוקר סיני מיניס חיטה מלאה וקינמון נסטלה 500 גרם,נסטלה פולין דגני בוק,,סיני מיניס 500 גרם,יחידה,1,יחידה,false,14.0000,25.9,25.9000,true,1,
7290000073125,false,מנה חמה פסטה ברוטב עגבניות אסם 62 גרם,"אסם השקעות בע""\מ",,מנה חמה פסטה עם עגבניות 62 ג',יחידה,1,יחידה,false,12.0000,7.9,7.9000,true,1,
7290000073415,false,אוסם - מנה חמה פסטה ברוטב פיצה 61 גרם,"אסם השקעות בע""\מ",,מנה חמה פסטה ברוטב פיצה 61 גרם,יחידה,1,יחידה,false,12.0000,7.9,7.9000,true,1,
7290000073750,false,מנה חמה נודלס אטר+ירקות טעם עוף 70 גרם,PUB FOODS PRESIDENT THAI,,מנה חמה נודלס אטר.+ירק.ט.עוף70 גרם,יחידה,1,יחידה,false,6.0000,7.9,7.9000,true,1,
7290000073767,false,מנה חמה נודלס אטר.+ירקות טעם בקר 70 גרם,PUB FOODS PRESIDENT THAI,,מנה חמה נודלס אטר.+ירק.ט.בקר70 גרם,יחידה,1,יחידה,false,6.0000,7.9,7.9000,true,1,
7290000073774,false,מנה חמה נודלס אטר+ירקות טעם צילי 70 גרם,טאי רזידנט,,מנה חמה נודלס אטר+ירק.ט.צ'ילי70 גרם,יחידה,1,יחידה,false,6.0000,7.9,7.9000,true,1,
7290000074153,false,ביסקוויט פתי בר שוקולד אסם 500 גרם,מיוצר עי קונדיטוריית,,אסם פתי בר שוקו 500 גרם,יחידה,1,יחידה,false,12.0000,15.9,15.9000,true,1,
7290000074184,false,ביסקוויט פתי בר אסם 500 גרם,"אסם השקעות בע""\מ",,אסם פתי בר 500 גרם,יחידה,1,יחידה,false,12.0000,14.5,14.5000,true,1,
7290000074252,false,קרקר שומשון אסם 250 גרם,"אסם השקעות בע""\מ",,אסם קרקר שומשום 250 גרם,יחידה,1,יחידה,false,12.0000,9.9,9.9000,false,1,
7290000074375,false,אוסם - קרקר זהב 150 גרם,"אסם השקעות בע""\מ",,אסם קרקר זהב 150 גרם,יחידה,1,יחידה,false,12.0000,7.9,7.9000,false,1,
7290000075693,false,עוגת הבית שמרים בריוש שוקולד אסם 360 גרם,מיוצר עי קונדיטוריית,,הבית עוגת שמרים בריוש שוקולד 360 גרם,יחידה,1,יחידה,false,8.0000,19.9,19.9000,false,1,
7290000076126,false,אוסם - בייגלה שמיניות קטנות 80 גרם,"אסם השקעות בע""\מ",,אסם בייגלה שמיניות קטנות 80 גרם,יחידה,1,יחידה,false,24.0000,4,4.0000,false,1,
7290000076645,false,טוסטעים פת קלויה חיטה מלאה אסם 100 גרם,ון דר מולן האלום,,אסם טוסטים חיטה מלאה 100 גרם,יחידה,1,יחידה,false,14.0000,11.5,11.5000,false,1,
7290000077253,false,אוסם - לחמית כפרית עם דגנים מלאים 190 גרם,"אסם השקעות בע""\מ",,לחמית כפרית 190 גרם,יחידה,1,יחידה,false,12.0000,11.9,11.9000,true,1,
7290000078212,false,קרוטונים מתובלים למרק אסם 250 גרם,עינת תעשיות מזון אגו,,אסם קרוטונים מתובלים 250 גרם,יחידה,1,יחידה,false,12.0000,16.9,16.9000,false,1,
7290000080758,false,אוסם - טוסטעים פת קלוי 100 גרם,ון דר מולן האלום,,אסם טוסטים 100 גרם,יחידה,1,יחידה,false,14.0000,11.5,11.5000,false,1,
7290000080765,false,טוסטעים פת קלויה עם שומשום אסם 100 גרם,ון דר מולן האלום,,אסם טוסטים עם שומשום 100 גרם,יחידה,1,יחידה,false,14.0000,11.5,11.5000,false,1,
7290000085166,false,פתי בר גטניו 400 גרן,"אחים גטניו בע""מ",,פתי בר גטניו 400 גרן,יחידה,1,יחידה,false,0.0000,11.5,11.5000,false,1,
7290000101927,false,אוכמניות כחולות מוקפאות סנפרוסט 300 גרם,"איי, בי, אינבוו",,אוכמניות כחולות,00000,1,00000,false,0.0000,21.9,21.9000,true,1,
7290000101934,false,מיקס פירות יער מוקפאות 300 ג' סנפרוסט,"איי, בי, אינבוו",,"מיקס פירות יער מוקפא 300 גר' ""סנפרוסט""",00000,1,00000,false,0.0000,21.9,21.9000,true,1,
7290000101941,false,אננס חתוך מוקפא סנפרוסט 300ג',"איי, בי, אינבוו",,"אננס מוקפא 300 גר' ""סנפרוסט""",00000,1,00000,false,0.0000,21.9,21.9000,true,1,
7290000101958,false,מנגו חתוך מוקפא סנפרוסט 300ג',"איי, בי, אינבוו",,"מנגו מוקפא 300 גר' ""סנפרוסט""",00000,1,00000,false,0.0000,22.9,22.9000,true,1,
7290000103433,false,"לקט ירקות לתנור 800 גרם ""סנפרוסט""","איי, בי, אינבוו",,"לקט ירקות לתנור 800 גרם ""סנפרוסט""",00000,1,00000,false,0.0000,24.9,24.9000,true,1,
7290000103822,false,ירקות שמלווים עוף סנפרוסט 800ג',"סנפרוסט בע""\מ",,לקט עוף סנפרוסט,00000,1,00000,false,0.0000,24.9,24.9000,true,1,
7290000103839,false,מרק כתום עשיר בירקות סנפרוסט 570 גרם,"סנפרוסט בע""\מ",,מרק כתום סנפרוסט,00000,1,00000,false,0.0000,19.9,19.9000,false,1,
7290000103860,false,מרק עדשים עשיר בירקות סנפרוסט 570 גרם,"איי, בי, אינבוו",,מרק עדשים - סנפרוסט,00000,1,00000,false,0.0000,19.9,19.9000,false,1,
7290000103877,false,מרק שעועית עשיר בירקות סנפרוסט 640 גרם,"סנפרוסט בע""\מ",,מרק שעועית סנפרוסט,00000,1,00000,false,0.0000,19.9,19.9000,false,1,
7290000104201,false,אפונה עדינה סנפרוסט 600 גרם,"איי, בי, אינבוו",,אפונה עדינה סנפרוסט,00000,1,00000,false,12.0000,19.9,19.9000,false,1,
7290000104218,false,סנפרוסט במיה 600 גרם,"איי, בי, אינבוו",,במיה סנפרוסט,00000,1,00000,false,14.0000,22.9,22.9000,false,1,
7290000104676,false,אפונה קפואה סנפרוסט 800 גרם,"איי, בי, אינבוו",,אפונת גינה סנפרוסט,00000,1,00000,false,20.0000,19.9,19.9000,true,1,
7290000104683,false,שעועית ירוקה שלמה סנפרוסט 800 גרם,"סנפרוסט בע""\מ",,שעועית ירוקה שלמה סנפרוסט,00000,1,00000,false,16.0000,23.3,23.3000,true,1,
7290000104690,false,תירס גרעינים 800 גרם סנפרוסט,"איי, בי, אינבוו",,גרעיני תירס סנפרוסט,00000,1,00000,false,20.0000,19.9,19.9000,false,1,
7290000104744,false,כרובית סנפרוסט 800 גרם,"סנפרוסט בע""\מ",,כרובית סנפרוסט,00000,1,00000,false,0.0000,26,26.0000,false,1,
7290000104799,false,שעועית לבנה מבושלת סנפרוסט 800 גרם,"איי, בי, אינבוו",,שעועית לבנה סנפרוסט,00000,1,00000,false,16.0000,19.9,19.9000,false,1,
7290000104829,false,קלחי תירס חתוכים סנפרוסט 1 קילו,"איי, בי, אינבוו",,קלחוני תירס סנפרוסט,00000,1,00000,false,16.0000,24.9,24.9000,false,1,
7290000104836,false,שעועית ירוקה עדינה שלמה סנפרוסט 600 גרם,"סנפרוסט בע""\מ",,שעועית ירוקה עדינה סנפרוסט,00000,1,00000,false,12.0000,24.9,24.9000,false,1,
7290000104911,false,לקט נורמנדי סנפרוסט 800 גרם,"איי, בי, אינבוו",,לקט נורמנדי סנפרוסט,00000,1,00000,false,12.0000,24.9,24.9000,false,1,
7290000106526,false,חגיגה ירוקה להקפצה סנפרוסט 800 גרם,"איי, בי, אינבוו",,חגיגה ירוקה להקפצה 800 גרם,00000,1,00000,false,0.0000,26.9,26.9000,false,1,
7290000107165,false,חטיף סויה אדממה סנפרוסט 400 גרם,"איי, בי, אינבוו",,פולי סויה אדממה סנפרוסט,00000,1,00000,false,20.0000,15,15.0000,false,1,
7290000107189,false,תחתיות ארטישוק סנפרוסט 400 גרם,"איי, בי, אינבוו",,תחתיות ארטישוק סנפורסט,00000,1,00000,false,12.0000,24.9,24.9000,false,1,
7290000107295,false,תפרחות ברוקולי סנפרוסט 800 גרם,"איי, בי, אינבוו",,תפרחות ברוקולי סנפרוסט,00000,1,00000,false,12.0000,27,27.0000,true,1,
7290000111186,false,"מיונז אמיתי תלמה 500 גרם בד""צ",יוניליוור ישראל מזון בע\,,"מיונז 500 גרם ""תלמה""",יחידה,1,יחידה,false,12.0000,11.9,11.9000,false,1,
7290000111353,false,"מיונז אמיתי תלמה 1 ק""ג",יוניליוור ישראל מזון בע\,,"מיונז 1 ק""ג ""תלמה""",יחידה,1,יחידה,false,6.0000,19.9,19.9000,false,1,
7290000117171,false,מרק טעם עוף דל קלוריות 48 גרם-קופסא,יוניליוור ישראל מזון,,מרק טעם עוף דל קל,יחידה,1,יחידה,false,6.0000,8,8.0000,false,1,
7290000117720,false,נמס בכוס פטריות קנור 21.5 גרם מארז זוגי,יוניליוור ישראל מזון בע\,,נמס בכוס זוג פטריות,יחידה,1,יחידה,false,12.0000,8.9,8.9000,false,1,
=======
7290000058580,false,קוקילידה בטעם וניל עם עוגיות שוקולד גלידות נסטלה 80 גרם,נגה גלידות שותפות מוגבלת,,קוקילדה -שלגון,יחידה,1,יחידה,false,0.0000,10,10.0000,false,1,
7290000060071,false,אוסם - חטיפי פריכונים מאורז מלא קלוי 80גר,קבוצת אוסם סחר שותפות מוגבלת,,אסם חטיפי פריכונים טבעי 80 גרם,יחידה,1,יחידה,false,12.0000,8.9,8.9000,false,1,
7290000060156,false,פסטה אסם אטריות ביצים דקות 200גר,קבוצת אוסם סחר-שות.מוגבלת,,"אטריות ביצים דקות 200 גרם ""אסם""",יחידה,1,יחידה,false,12.0000,8.5,8.5000,false,1,
7290000060163,false,פסטה אסם אטריות דקות 400גר,קבוצת אוסם סחר שותפות מוגבלת,,איטריות מובחר 400 ג',יחידה,1,יחידה,false,12.0000,8.5,8.5000,false,1,
7290000060200,false,פסטה אסם פתיתים אפויים קוסקוס 500גר,קבוצת אוסם סחר שותפות מוגבלת,,פתיתים אפויים קוסקוס 500 ג' אסם,יחידה,1,יחידה,false,12.0000,8.9,8.9000,true,1,
7290000060248,false,פסטה אסם פתיתים תלתלים 500 גר',קבוצת אוסם סחר שותפות מוגבלת,,פסטה תלתלים 500 ג' אסם,יחידה,1,יחידה,false,12.0000,7.9,7.9000,true,1,
7290000060408,false,פסטה אסם פתיתים אפויים טבעות 500 גר,קבוצת אוסם סחר שותפות מוגבלת,,פתיתים אפויים טבעות 500 ג' אסם,יחידה,1,יחידה,false,12.0000,8.9,8.9000,true,1,
7290000060576,false,פתיתים אפויים כוכבים אסם (500 גרם),קבוצת אוסם סחר שותפות מוגבלת,,פתיתים אפויים כוכבים 500 ג' אסם,יחידה,1,יחידה,false,12.0000,8.9,8.9000,true,1,
7290000060781,false,פרומנטי פתיתים מסולסלים אוסם,קבוצת אוסם סחר שותפות מוגבלת,,פסטה מסולסלים 500 ג' אסם,יחידה,1,יחידה,false,12.0000,7.9,7.9000,true,1,
7290000060811,false,טילון אקסטרים מטבע ענק שוקולד נסטלה 120 גרם,תות תעשיות מזון (201,,אקסטרים ענק מטבע שוקולד,יחידה,1,יחידה,false,0.0000,10,10.0000,false,1,
7290000060828,false,פסטה קרניים בינוניות אסם (500 גרם),קבוצת אוסם סחר שותפות מוגבלת,,פסטה קרניים בינוניות 500 ג' אסם,יחידה,1,יחידה,false,12.0000,7.9,7.9000,true,1,
7290000060880,false,פסטה ספגטי מספר 8 אסם 500 גרם,קבוצת אוסם סחר שותפות מוגבלת,,פסטה ספגטי 500 ג' אסם,יחידה,1,יחידה,false,20.0000,7.9,7.9000,true,1,
7290000060903,false,פסטה אסם פתיתים אפויים אורז 500גר,קבוצת אוסם סחר שותפות מוגבלת,,פתיתים אפויים אורז 500 ג' אסם,יחידה,1,יחידה,false,12.0000,8.9,8.9000,true,1,
7290000060958,false,אטריות מובחרות בינוניות אסם (400 גרם),קבוצת אוסם סחר שותפות מוגבלת,,איטריות בינוניות 400 ג',יחידה,1,יחידה,false,12.0000,8.5,8.5000,false,1,
7290000060965,false,פסטה אסם אטריות רחבות 400גר,קבוצת אוסם סחר שותפות מוגבלת,,איטריות מובחר רחבות 400 ג',יחידה,1,יחידה,false,12.0000,8.5,8.5000,false,1,
7290000061061,false,קרקר חיטה עם בצל אסם,קבוצת אוסם סחר שותפות מוגבלת,,אסם קרקר בצל 250 גרם,יחידה,1,יחידה,false,12.0000,11,11.0000,false,1,
7290000061108,false,"רוטב טריאקי 290 מ""ל-בקבוק",קבוצת אוסם סחר שותפות מוגבלת,,אסם רוטב טריאקי 290 מל,יחידה,1,יחידה,false,9.0000,14.9,14.9000,true,1,
7290000061245,false,עוגיות שוקוצ'יפס במילוי שוקולד אסם 220 גרם,קבוצת אוסם סחר-שות.מוגבלת,,אסם עוגיות שוקוצ'יפס ממולאות 220 גרם,יחידה,1,יחידה,false,12.0000,12.9,12.9000,false,1,
7290000062952,false,אוסם - מיני קרוטונים למרק ולסלט 250 גרם,קבוצת אוסם סחר שותפות מוגבלת,,אסם מיני קרוטונים למרק וסלט 250 גרם,יחידה,1,יחידה,false,12.0000,17,17.0000,false,1,
7290000063102,false,קמח עוגה תופח מאליו אסם 350 גרם,קבוצת אוסם סחר שותפות מוגבלת,,אסם קמח עוגה תופח מאליו 350 גרם,יחידה,1,יחידה,false,20.0000,5.5,5.5000,false,1,
7290000063133,false,אסם שקדי מרק רכיבים טבעיים 24*100גרם,קבוצת אוסם סחר שותפות מוגבלת,,אסם שקדי מרק רכיבים טבעיים 100 גרם,יחידה,1,יחידה,false,24.0000,5.5,5.5000,false,1,
7290000063140,false,שקדי מרק רכיבים טבעיים בשקית 400 ג' אסם,קבוצת אוסם סחר שותפות מוגבלת,,אסם שקדי מרק רכיבים טבעיים 400 גרם,יחידה,1,יחידה,false,12.0000,14.9,14.9000,true,1,
7290000063157,false,"קמח עוגה תופח מאליו אסם 1 ק""ג",קבוצת אוסם סחר שותפות מוגבלת,,אסם קמח עוגה תופח מאליו 1 קג,יחידה,1,יחידה,false,10.0000,10.9,10.9000,false,1,
7290000064758,false,קוסקוס בינוני אמיתי אסם 350 ג',קבוצת אוסם סחר שותפות מוגבלת,,קוסקוס אמיתי 350 ג' אסם,יחידה,1,יחידה,false,12.0000,8.9,8.9000,false,1,
7290000064871,false,"אוסם - מנה חמה פירה תפו""א עם בצל 56 גרם",קבוצת אוסם סחר שותפות מוגבלת,,מנה חמה פירה תפוא.ובצל 56 גרם,יחידה,1,יחידה,false,12.0000,7.9,7.9000,true,1,
7290000065335,false,אוסם - מנה חמה פירה עם ירקות 55 גרם,קבוצת אוסם סחר שותפות מוגבלת,,מנה חמה פירה וירקות 55 גרם,יחידה,1,יחידה,false,12.0000,7.9,7.9000,true,1,
7290000065557,false,אוסם - מנה חמה קוסקוס עם ירקות 84 גרם,קבוצת אוסם סחר שותפות מוגבלת,,מנה חמה קוסקוס+ירק8 ג',יחידה,1,יחידה,false,12.0000,7.9,7.9000,true,1,
7290000065977,false,חטיפי פריכונים תירס שומשום אסם 80 גרם,קבוצת אוסם סחר שותפות מוגבלת,,אסם חטיפי פריכונים תירס שומשום 80 גרם,יחידה,1,יחידה,false,12.0000,8.9,8.9000,false,1,
7290000066196,false,ביסלי חטיף בטעם גריל אסם (200 גרם),קבוצת אוסם סחר שותפות מוגבלת,,ביסלי גריל 200 גרם,יחידה,1,יחידה,false,25.0000,9.9,9.9000,true,1,
7290000066226,false,ביסלי חטיף בטעם פיצה אסם (200 גרם),קבוצת אוסם סחר שותפות מוגבלת,,ביסלי פיצה 200 גרם,יחידה,1,יחידה,false,25.0000,9.9,9.9000,true,1,
7290000066295,false,במבה מתוקה מחומרים טבעיים 30 גרם,קבוצת אוסם סחר שותפות מוגבלת,,במבה מתוקה מחומרים טבעיים 30 גרם,יחידה,1,יחידה,false,40.0000,3,3.0000,false,1,
7290000066332,false,אפרופו חטיף תירס אסם (50 גרם),קבוצת אוסם סחר שותפות מוגבלת,,אפרופו 50 גרם,יחידה,1,יחידה,false,36.0000,5.5,5.5000,true,1,
7290000067544,false,פירורית זהב פירורי לחם אסם 200 גרם,קבוצת אוסם סחר שותפות מוגבלת,,אסם פירורית פירורי לחם זהב 200 גרם,יחידה,1,יחידה,false,12.0000,6.9,6.9000,false,1,
7290000067599,false,מנה חמה ספגטי ברוטב בולונז אסם 65 גרם,קבוצת אוסם סחר שותפות מוגבלת,,מנה חמה ספגטי בולונז 65 גרם,יחידה,1,יחידה,false,12.0000,7.9,7.9000,true,1,
7290000067735,false,פרפקטו ניוקי בצקיות תפוחי אדמה 500 ג' אסם,קבוצת אוסם סחר שותפות מוגבלת,,פרפקטו ניוקי בצקיות תפוחי אדמה 500 ג' אסם,יחידה,1,יחידה,false,12.0000,14.9,14.9000,false,1,
7290000068138,false,אינסטנט פודינג בטעם וניל אסם 80 גרם,קבוצת אוסם סחר שותפות מוגבלת,,אסם פודינג אינסטנט וניל 80 גרם,יחידה,1,יחידה,false,12.0000,6.9,6.9000,false,1,
7290000068190,false,אסם ג'לי תות שדה צבעים טבעיים 90 גרם,קבוצת אוסם סחר שותפות מוגבלת,,אסם ג'לי תות שדה צבעים טבעיים 90 גרם,יחידה,1,יחידה,false,12.0000,7.9,7.9000,false,1,
7290000068251,false,אבקה להכנת ג'לי בטעם אננס אסם 85 גרם,קבוצת אוסם סחר שותפות מוגבלת,,אסם ג'לי אננס צבעים טבעיים 85 גרם,יחידה,1,יחידה,false,12.0000,7.9,7.9000,false,1,
7290000068343,false,אסם פריכונים פרוסות קלויות מלא,קבוצת אוסם סחר שותפות מוגבלת,,אסם פריכונים מאורז מלא 140 גרם,יחידה,1,יחידה,false,12.0000,8.9,8.9000,false,1,
7290000068701,false,אסם שקדי מרק רכיבים טבע.מיכל 400 גרם,קבוצת אוסם סחר שותפות מוגבלת,,אסם שקדי מרק רכיבים טבע.מיכל 400 גרם,יחידה,1,יחידה,false,10.0000,15.9,15.9000,false,1,
7290000068770,false,במבה יום הולדת חטיף בוטנים אסם 80 גרם,קבוצת אוסם סחר שותפות מוגבלת,,במבה יום הולדת 80 גרם,יחידה,1,יחידה,false,40.0000,5.5,5.5000,true,1,
7290000068787,false,במבה יום הולדת חטיף בוטנים אסם 25 גרם,קבוצת אוסם סחר שותפות מוגבלת,,במבה יום הולדת 25 גרם,יחידה,1,יחידה,false,120.0000,2.5,2.5000,false,1,
7290000071008,false,בייגלה שטוחים טבעות עם מלח אסם (60 גרם),קבוצת אוסם סחר שותפות מוגבלת,,אסם בייגלה שטוחים מלח 60 גרם,יחידה,1,יחידה,false,24.0000,4,4.0000,false,1,
7290000072067,false,במבה חטיף בוטנים במילוי קרם חלבה 60 גרם,קבוצת אסם סחר שות. מוגבלת,,במבה במילוי קרם חלבה 60 גרם,יחידה,1,יחידה,false,40.0000,6,6.0000,true,1,
7290000072241,false,"רוטב פיצה 290 מ""ל-בקבוק",קבוצת אוסם סחר שותפות מוגבלת,,אסם רוטב פיצה 290 מל,יחידה,1,יחידה,false,9.0000,14.9,14.9000,true,1,
7290000072623,false,קטשופ אסם בקבוק לחיץ 750 גרם,קבוצת אוסם סחר שותפות מוגבלת,,אסם קטשופ בקבוק לחיץ 750גרם,יחידה,1,יחידה,false,9.0000,12.9,12.9000,false,1,
7290000072630,false,קטשופ אסם חריף 750 גרם-בקבוק,קבוצת אוסם סחר שותפות מוגבלת,,אסם קטשופ חריף 750 גרם,יחידה,1,יחידה,false,9.0000,17.9,17.9000,false,1,
7290000072753,false,קפה נמס מגורען טסטרס צ'ויס 200 גרם-,קבוצת אוסם סחר שותפות מוגבלת,,טייסטרס צ'וייס 200גרם,יחידה,1,יחידה,false,12.0000,29.9,29.9000,false,1,
7290000072968,false,דגני בוקר סיני מיניס חיטה מלאה וקינמון נסטלה 500 גרם,קבוצת אוסם סחר-שות.מוגבלת,,סיני מיניס 500 גרם,יחידה,1,יחידה,false,14.0000,25.9,25.9000,true,1,
7290000073125,false,מנה חמה פסטה ברוטב עגבניות אסם (62 גרם),קבוצת אוסם סחר שותפות מוגבלת,,מנה חמה פסטה עם עגבניות 62 ג',יחידה,1,יחידה,false,12.0000,7.9,7.9000,true,1,
7290000073415,false,אוסם - מנה חמה פסטה ברוטב פיצה 61 גרם,קבוצת אוסם סחר שותפות מוגבלת,,מנה חמה פסטה ברוטב פיצה 61 גרם,יחידה,1,יחידה,false,12.0000,7.9,7.9000,true,1,
7290000073750,false,מנה חמה נודלס אטר+ירקות טעם עוף 70 גרם,קבוצת אוסם סחר שותפות מוגבלת,,מנה חמה נודלס אטר.+ירק.ט.עוף70 גרם,יחידה,1,יחידה,false,6.0000,7.9,7.9000,true,1,
7290000073767,false,מנה חמה נודלס אטר.+ירקות טעם בקר 70 גרם,קבוצת אוסם סחר שותפות מוגבלת,,מנה חמה נודלס אטר.+ירק.ט.בקר70 גרם,יחידה,1,יחידה,false,6.0000,7.9,7.9000,true,1,
7290000073774,false,מנה חמה נודלס אטר+ירקות טעם צילי 70 גרם,קבוצת אוסם סחר שותפות מוגבלת,,מנה חמה נודלס אטר+ירק.ט.צ'ילי70 גרם,יחידה,1,יחידה,false,6.0000,7.9,7.9000,true,1,
7290000074153,false,ביסקוויט פתי בר שוקולד אסם (500 גרם),קבוצת אוסם סחר שותפות מוגבלת,,אסם פתי בר שוקו 500 גרם,יחידה,1,יחידה,false,12.0000,15.9,15.9000,true,1,
7290000074184,false,ביסקוויט פתי בר אסם (500 גרם),קבוצת אוסם סחר שותפות מוגבלת,,אסם פתי בר 500 גרם,יחידה,1,יחידה,false,12.0000,14.5,14.5000,true,1,
7290000074252,false,קרקר שומשום אסם (250 גרם),קבוצת אוסם סחר שותפות מוגבלת,,אסם קרקר שומשום 250 גרם,יחידה,1,יחידה,false,12.0000,9.9,9.9000,false,1,
7290000074375,false,אוסם - קרקר זהב 150 גרם,קבוצת אוסם סחר שותפות מוגבלת,,אסם קרקר זהב 150 גרם,יחידה,1,יחידה,false,12.0000,7.9,7.9000,false,1,
7290000075693,false,עוגת הבית שמרים בריוש שוקולד אסם 360 גרם,קבוצת אסם סחר שות. מוגבלת,,הבית עוגת שמרים בריוש שוקולד 360 גרם,יחידה,1,יחידה,false,8.0000,19.9,19.9000,false,1,
7290000076126,false,אוסם - בייגלה שמיניות קטנות 80 גרם,קבוצת אוסם סחר שותפות מוגבלת,,אסם בייגלה שמיניות קטנות 80 גרם,יחידה,1,יחידה,false,24.0000,4,4.0000,false,1,
7290000076645,false,טוסטעים פת קלויה חיטה מלאה אסם 100 גרם,קבוצת אסם סחר שות. מוגבלת,,אסם טוסטים חיטה מלאה 100 גרם,יחידה,1,יחידה,false,14.0000,11.5,11.5000,false,1,
7290000077253,false,אוסם - לחמית כפרית עם דגנים מלאים 190 גרם,קבוצת אסם סחר שות. מוגבלת,,לחמית כפרית 190 גרם,יחידה,1,יחידה,false,12.0000,11.9,11.9000,true,1,
7290000078212,false,קרוטונים מתובלים למרק אסם (250 גרם),קבוצת אוסם סחר שותפות מוגבלת,,אסם קרוטונים מתובלים 250 גרם,יחידה,1,יחידה,false,12.0000,16.9,16.9000,false,1,
7290000080758,false,פת קלויה טוסטעים אסם (100 גרם),קבוצת אוסם סחר שותפות מוגבלת,,אסם טוסטים 100 גרם,יחידה,1,יחידה,false,14.0000,11.5,11.5000,false,1,
7290000080765,false,פת קלויה טוסטעים עם שומשום אסם (100 גרם),קבוצת אוסם סחר שותפות מוגבלת,,אסם טוסטים עם שומשום 100 גרם,יחידה,1,יחידה,false,14.0000,11.5,11.5000,false,1,
7290000085166,false,פתי בר גטניו 400 גרן,"אחים גטניו בע""מ",,פתי בר גטניו 400 גרן,יחידה,1,יחידה,false,0.0000,11.5,11.5000,false,1,
7290000101927,false,אוכמניות כחולות מוקפאות סנפרוסט 300 גרם,תנובה ענף ב.ע.ד,,אוכמניות כחולות,00000,1,00000,false,0.0000,21.9,21.9000,true,1,
7290000101934,false,מיקס פירות יער מוקפאים 300 גר סנפרוסט,תנובה ענף ב.ע.ד,,"מיקס פירות יער מוקפא 300 גר' ""סנפרוסט""",00000,1,00000,false,0.0000,21.9,21.9000,true,1,
7290000101941,false,אננס חתוך מוקפא סנפרוסט (300 גרם),תנובה ענף ב.ע.ד,,"אננס מוקפא 300 גר' ""סנפרוסט""",00000,1,00000,false,0.0000,21.9,21.9000,true,1,
7290000101958,false,מנגו חתוך מוקפא סנפרוסט (300 גרם),תנובה ענף ב.ע.ד,,"מנגו מוקפא 300 גר' ""סנפרוסט""",00000,1,00000,false,0.0000,22.9,22.9000,true,1,
7290000103433,false,"לקט ירקות לתנור 800 גרם ""סנפרוסט""",תנובה מרכז שיתופי לשיווק תוצרת,,"לקט ירקות לתנור 800 גרם ""סנפרוסט""",00000,1,00000,false,0.0000,24.9,24.9000,true,1,
7290000103822,false,לקט מוקפא לעוף סנפרוסט (800 גרם),תנובה מרכז שיתופי לשיווק תוצרת,,לקט עוף סנפרוסט,00000,1,00000,false,0.0000,24.9,24.9000,true,1,
7290000103839,false,מרק כתום עשיר בירקות סנפרוסט (572 גרם),תנובה מרכז שיתופי לשיווק תוצרת,,מרק כתום סנפרוסט,00000,1,00000,false,0.0000,19.9,19.9000,false,1,
7290000103860,false,מרק עדשים עשיר בירקות סנפרוסט (572 גרם),תנובה מרכז שיתופי לשיווק תוצרת,,מרק עדשים - סנפרוסט,00000,1,00000,false,0.0000,19.9,19.9000,false,1,
7290000103877,false,מרק שעועית עשיר בירקות סנפרוסט 640 גרם,תנובה מרכז שיתופי לשיווק תוצרת,,מרק שעועית סנפרוסט,00000,1,00000,false,0.0000,19.9,19.9000,false,1,
7290000104201,false,אפונה עדינה מוקפאת סנפרוסט (600 גרם),תנובה ענף ב.ע.ד,,אפונה עדינה סנפרוסט,00000,1,00000,false,12.0000,19.9,19.9000,false,1,
7290000104218,false,סנפרוסט במיה 600 גרם,תנובה מרכז שיתופי לשיווק תוצרת,,במיה סנפרוסט,00000,1,00000,false,14.0000,22.9,22.9000,false,1,
7290000104676,false,אפונה קפואה סנפרוסט 800 גרם,תנובה מרכז שיתופי לשיווק תוצרת,,אפונת גינה סנפרוסט,00000,1,00000,false,20.0000,19.9,19.9000,true,1,
7290000104683,false,שעועית ירוקה שלמה סנפרוסט (800 גרם),תנובה מרכז שיתופי לשיווק תוצרת,,שעועית ירוקה שלמה סנפרוסט,00000,1,00000,false,16.0000,23.3,23.3000,true,1,
7290000104690,false,גרעיני תירס מוקפאים סנפרוסט (800 גרם),תנובה מרכז שיתופי לשיווק תוצרת,,גרעיני תירס סנפרוסט,00000,1,00000,false,20.0000,19.9,19.9000,false,1,
7290000104744,false,כרובית מוקפאת סנפרוסט (800 גרם),תנובה מרכז שיתופי לשיווק תוצרת,,כרובית סנפרוסט,00000,1,00000,false,0.0000,26,26.0000,false,1,
7290000104799,false,שעועית לבנה מבושלת סנפרוסט (800 גרם),תנובה מרכז שיתופי לשיווק תוצרת,,שעועית לבנה סנפרוסט,00000,1,00000,false,16.0000,19.9,19.9000,false,1,
7290000104829,false,קלחי תירס חתוכים סנפרוסט 1 קילו,תנובה מרכז שיתופי לשיווק תוצרת,,קלחוני תירס סנפרוסט,00000,1,00000,false,16.0000,24.9,24.9000,false,1,
7290000104836,false,שעועית ירוקה עדינה שלמה סנפרוסט 600 גרם,תנובה מרכז שיתופי לשיווק תוצרת,,שעועית ירוקה עדינה סנפרוסט,00000,1,00000,false,12.0000,24.9,24.9000,false,1,
7290000104911,false,לקט נורמנדי מוקפא סנפרוסט (800 גרם),תנובה מרכז שיתופי לשיווק תוצרת,,לקט נורמנדי סנפרוסט,00000,1,00000,false,12.0000,24.9,24.9000,false,1,
7290000106526,false,לקט חגיגה ירוקה להקפצה 800 גרם סנפרוסט,תנובה ענף ב.ע.ד,,חגיגה ירוקה להקפצה 800 גרם,00000,1,00000,false,0.0000,26.9,26.9000,false,1,
7290000107165,false,חטיף סויה אדממה סנפרוסט (400 גרם),תנובה מרכז שיתופי לשיווק תוצרת,,פולי סויה אדממה סנפרוסט,00000,1,00000,false,20.0000,15,15.0000,false,1,
7290000107189,false,תחתיות ארטישוק סנפרוסט (400 גרם),תנובה מרכז שיתופי לשיווק תוצרת,,תחתיות ארטישוק סנפורסט,00000,1,00000,false,12.0000,24.9,24.9000,false,1,
7290000107295,false,תפרחות ברוקולי סנפרוסט 800 גרם,תנובה מרכז שיתופי לשיווק תוצרת,,תפרחות ברוקולי סנפרוסט,00000,1,00000,false,12.0000,27,27.0000,true,1,
7290000111186,false,"מיונז אמיתי תלמה 500 גרם בד""צ","יוניליוור ישראל שיווק בע""מ",,"מיונז 500 גרם ""תלמה""",יחידה,1,יחידה,false,12.0000,11.9,11.9000,false,1,
7290000111353,false,מיונז אמיתי תלמה (1 קג),"יוניליוור ישראל שיווק בע""מ",,"מיונז 1 ק""ג ""תלמה""",יחידה,1,יחידה,false,6.0000,19.9,19.9000,false,1,
7290000117171,false,מרק טעם עוף דל קלוריות 48 גרם-קופסא,יוניליוור ישראל שיווק בע`מ,,מרק טעם עוף דל קל,יחידה,1,יחידה,false,6.0000,8,8.0000,false,1,
7290000117720,false,נמס בכוס פטריות קנור 21.5 גרם מארז זוגי,יוניליוור ישראל שיווק בע`מ,,נמס בכוס זוג פטריות,יחידה,1,יחידה,false,12.0000,8.9,8.9000,false,1,
>>>>>>> d048ac2f4f281c9d788043ab4e81b61b0dbe3743
7290000134307,false,קינמון טחון 50 גרם טעם וריח,"תבליני טעם וריח בע""מ",,קינמון טחון 50 גרם טעם וריח,יחידה,1,יחידה,false,0.0000,7.5,7.5000,false,1,
7290000134352,false,קינמון טחון בקופ' 90 גר' טעם וריח,"תבליני טעם וריח בע""מ",,קינמון טחון 90 גרם מיכל גדול,יחידה,1,יחידה,false,6.0000,10.9,10.9000,false,1,
7290000134550,false,עלי דפנה 20 גר' טעם וריח,"תבליני טעם וריח בע""מ",,עלי-דפנה,יחידה,1,יחידה,false,0.0000,4.9,4.9000,false,1,
7290000134826,false,זעתר מעורב בקופ' 100 גר' טעם וריח,"תבליני טעם וריח בע""מ",,זעתר 100 גרם טעם וריח,יחידה,1,יחידה,false,0.0000,12,12.0000,false,1,
7290000134857,false,פפריקה מתוקה בקופ' 100 גר' טעם וריח,"תבליני טעם וריח בע""מ",,פפריקה מתוקה 100 גרם טעם וריח,יחידה,1,יחידה,false,0.0000,12,12.0000,false,1,
7290000134871,false,פלפל שחור טחון בקופ' 100 גר' טעם וריח,"תבליני טעם וריח בע""מ",,פלפל שחור טחון 100 גרם טעם וריח,יחידה,1,יחידה,false,0.0000,16.9,16.9000,false,1,
7290000134987,false,פלפל שחור גרוס בקופ' 90 גר' טעם וריח,"תבליני טעם וריח בע""מ",,פלפל שחור גרוס 90 גרם,יחידה,1,יחידה,false,0.0000,16.9,16.9000,false,1,
7290000135052,false,"XL TEN משקה אנרגיה מנגו ללא סוכר 250 מ""ל","טמפו משקאות בע""\מ",,"XL TEN, משקה אנרגיה בטעם מנגו",00000,1,00000,false,0.0000,5.5,5.2000,true,1,
<<<<<<< HEAD
7290000135113,false,"משקה אנרגיה XL פחית ten נענע ליים 250 מ""ל","טמפו משקאות בע""\מ",,XL TEN נענע ליים ללא סוכר,00000,1,00000,false,0.0000,5.5,5.2000,true,1,
7290000135175,false,פפסי מקס ליים -משקה קולה מוגז גל קלוריות,אלפא \n S.A,,פפסי מקס ליים -משקה קולה מוגז גל קלוריות,00000,1,00000,false,0.0000,4.9,4.6000,false,1,
7290000136295,false,"סירופ בטעם פטל ג'ויסר סיידר הגליל 330 מ""ל","טמפו משקאות בע""\מ",,"סירופ בטעם פטל ג'ויסר סיידר הגליל 330 מ""ל",יחידה,1,יחידה,false,0.0000,16.9,16.9000,false,1,
7290000136646,false,בירה נשר מאלט ללא אלכוהול 1.5 ליטר,"טמפו משקאות בע""\מ",,בירה נשר מאלט ללא אלכוהול 1.5 ליטר,יחידה,1,יחידה,false,12.0000,9.9,9.6000,false,1,
7290000136776,false,שישיית פפסי מקס דל קלוריות 1.5 ליטר,פפסי Pepsi,,שישית פפסי מקס 1.5 ליטר,יחידה,1,יחידה,false,1.0000,41,39.2000,false,1,
7290000136790,false,שישיית מי סודה טמפו 1.5 ליטר,"טמפו משקאות בע""\מ",,טמפו סודה 1.5 ליטר שישייה,יחידה,1,יחידה,false,0.0000,19,17.2000,false,1,
=======
7290000135113,false,משקה אנרגיה אקסל נענע ליים ללס (250 מל,"טמפו משקאות בע""\מ",,XL TEN נענע ליים ללא סוכר,00000,1,00000,false,0.0000,5.5,5.2000,true,1,
7290000135175,false,פפסי מקס ליים -משקה קולה מוגז גל קלוריות,טמפו משקאות בעמ,,פפסי מקס ליים -משקה קולה מוגז גל קלוריות,00000,1,00000,false,0.0000,4.9,4.6000,false,1,
7290000136295,false,"סירופ בטעם פטל ג'ויסר סיידר הגליל 330 מ""ל","טמפו משקאות בע""\מ",,"סירופ בטעם פטל ג'ויסר סיידר הגליל 330 מ""ל",יחידה,1,יחידה,false,0.0000,16.9,16.9000,false,1,
7290000136646,false,בירה שחורה נשר מאלט בקבוק 1.5 ליטר,"טמפו משקאות בע""\מ",,בירה נשר מאלט ללא אלכוהול 1.5 ליטר,יחידה,1,יחידה,false,12.0000,9.9,9.6000,false,1,
7290000136776,false,שישיית פפסי מקס דל קלוריות 1.5 ליטר,טמפו משקאות בע`מ,,שישית פפסי מקס 1.5 ליטר,יחידה,1,יחידה,false,1.0000,41,39.2000,false,1,
7290000136790,false,טמפו מי סודה 6*1.5 ליטר פיקדון,"טמפו משקאות בע""\מ",,טמפו סודה 1.5 ליטר שישייה,יחידה,1,יחידה,false,0.0000,19,17.2000,false,1,
>>>>>>> d048ac2f4f281c9d788043ab4e81b61b0dbe3743
7290000136868,false,סאן בנדטו - מים מינרלים - מארז שישיית 1.5 ליטר,אקווה מינרלה סאן בנדטו ב,,סאן בנדטו - מים מינרלים - מארז שישיית 1.5 ליטר,יחידה,1,יחידה,false,1.0000,20,18.2000,false,1,
7290000144474,false,שמן עץ הזית קנולה 1 ליטר בריאות מהטבע,סוגת תעשיות בעמ,,שמן קנולה בריאות הטבע 1 ליטר,יחידה,1,יחידה,false,16.0000,17.9,17.9000,false,1,
7290000149905,false,טקסטיל שמפו נוזלי לאריגים עדינים1ליט,החברה הדרומית לשיווק בעמ,,"שמפו 1 ליטר ""טקסטיל""",יחידה,1,יחידה,false,0.0000,18.9,18.9000,false,1,
7290000168173,false,"ברנפלקס קרנצ'ים תלמה בד""ץ 375 גרם",יוניליוור ישראל שיווק בעמ,,"קרנצ'ים בד""צ 375 גרם",יחידה,1,יחידה,false,12.0000,24.9,24.9000,false,1,
7290000169538,false,"נמס בכוס עגבניות וקרוטונים מרק כשרות בד""ץ 62 ג' קנור",יוניליוור ישראל שיווק בע`מ,,נמס בכוס בטעם עגבניות וקרוטונים 62 ג' קנור,יחידה,1,יחידה,false,12.0000,7.9,7.9000,false,1,
7290000174723,false,שוקולית אבקה להכנת משקה שוקו 500 גרם,הנסיך- מפעל לייצור ט,,שוקולית בקופסא 500 ג',יחידה,1,יחידה,false,12.0000,15.9,15.9000,false,1,
<<<<<<< HEAD
7290000176079,false,קפה עלית טורקי עם הל 100 גרם,הנסיך- מפעל לייצור ט,,קפה טורקי עם הל 100 ג' עלית,יחידה,1,יחידה,false,50.0000,10.9,10.9000,false,1,
7290000176147,false,קפה לפילטר קלוי וטחון מוקה מספר 1 עלית 500 גרם,ELITE CAFE SP. ZO.O,,מוקה 1 פילטר 500 ג',יחידה,1,יחידה,false,0.0000,59.9,59.9000,false,1,
7290000176413,false,קפה נמס אבקתי 50 ג' עלית,הנסיך- מפעל לייצור ט,,קפה נמס אבקתי 50 ג' עלית,יחידה,1,יחידה,false,48.0000,9.9,9.9000,false,1,
7290000176420,false,קפה נמס פחית עלית 200 גרם,שטראוס קפה בי.וי,,קפה נס עלית 240 גרם,יחידה,1,יחידה,false,12.0000,22.9,22.9000,false,1,
7290000178707,false,תפוצ'יפס בטעם טבעי 50 גרם,"שטראוס פריטו ליי בע""\מ )",,תפוצ'יפס טבעי 50 ג',יחידה,1,יחידה,false,48.0000,5,5.0000,false,1,
7290000178721,false,תפוצ'יפס בטעם טבעי 200 גרם,"שטראוס פריטו ליי בע""\מ )",,תפוצי'פס טבעי 200 ג',יחידה,1,יחידה,false,12.0000,14,14.0000,false,1,
7290000189116,false,תבניות עגולות עבות במיוחד 5 יחידות ניקול,ניקול,,תבניות חזקות עגולות,00000,1,00000,false,0.0000,13.8,13.8000,false,1,
7290000189550,false,"שקיות אשפה ענקיות עם שרוך 78 * 90 ס""מ ניקול 2 * 10 יחידות",חוגלה קימברלי,,שקיות אשפה לפח ענק עם שרוך 20 יח',00000,1,00000,false,12.0000,28.8,28.8000,false,1,
7290000189598,false,מטליות לחות חד פעמיות לניקוי כללי 50 יח' ניקול,עלבד משואות יצחק בעמ,,מטליות לחות לניקוי כללי,00000,1,00000,false,12.0000,13.8,13.8000,false,1,
7290000189659,false,מטליות לחות לרצפה ניקול 10 יח'-מרכז,עלבד משואות יצחק בעמ,,מטליות לחות לניקוי הרצפה,00000,1,00000,false,12.0000,14.9,14.9000,false,1,
7290000189734,false,מטליות לחות לניקוי פרקט ניקול 10 יחידות,עלבד משואות יצחק בעמ,,מטליות לחות לניקוי פרקט,00000,1,00000,false,0.0000,22.9,22.9000,false,1,
7290000190198,false,מטליות לחות לניקוי וחיטוי 99.9% ניקול 50 יחידה,עלבד משואות יצחק בעמ,,מטליות לחות לניקוי וחיטוי,00000,1,00000,false,0.0000,13.8,13.8000,false,1,
7290000191966,false,נייר טואלט לילי לח נטורל קר 48 דפים,עלבד משואות יצחק בעמ,,נ.ט לח סנסטיב,00000,1,00000,false,0.0000,11.9,11.9000,false,1,
7290000196763,false,"שקיות אשפה חזקות במיוחד עם שרוך 52 * 65 ס""מ ניקול 40 יחידות","אשפלסט תעשיות בע""מ",,שקיות אשפה חזק במיוחד בודד 40 יח',00000,1,00000,false,0.0000,28.8,28.8000,false,1,
7290000197012,false,שקיות ריצ'רץ' אחסון למזון ניקול 15 יחידות,חוגלה קימברלי,,?שקיות ריצ‘רץ׳ S 19*18 15 יחידות ניקול,00000,1,00000,false,0.0000,18.9,18.9000,false,1,
7290000197029,false,שקיות ריצ'רץ' רב תכליתיות ניקול 12 יחידות,קריות זול,,שקיות ריצ‘רץ׳ L 28*26 12 יחידות ניקול,00000,1,00000,false,12.0000,18.9,18.9000,false,1,
7290000197326,false,רדיד אלומניום ניקול זוגי 30X7.5מ',חוגלה קימברלי,,רדיד אלומיניום קצר זוג,00000,1,00000,false,12.0000,15.9,15.9000,false,1,
7290000197463,false,חיתולים פרידום דריי שלב +4 האגיס 40 יחידות,קימברלי קלארק ישראל,,האגיס פרידום דריי שלב 4+,00000,1,00000,false,0.0000,51.9,51.9000,false,1,
7290000197470,false,שקיות רב שימושיות מתכלות ניקול 250 יחידות,"אשפלסט תעשיות בע""מ",,"שקיות להקפאה, אחסון ואריזת מזון",00000,1,00000,false,24.0000,18.9,18.9000,false,1,
7290000197678,false,חיתולי האגיס פרידום דריי שלב 6 30 יחידות,קימברלי קלארק ישראל,,האגיס פרידום דריי מידה 6,00000,1,00000,false,0.0000,51.9,51.9000,false,1,
7290000197753,false,ניילון נצמד אנטי בטקריאלי ניקול 30X2מ',חוגלה קימברלי,,זוג ניילון נצמד ניקול,00000,1,00000,false,12.0000,17.9,17.9000,false,1,
=======
7290000176079,false,קפה טורקי עם הל עלית (100 גרם),הנסיך- מפעל לייצור ט,,קפה טורקי עם הל 100 ג' עלית,יחידה,1,יחידה,false,50.0000,10.9,10.9000,false,1,
7290000176147,false,קפה לפילטר קלוי וטחון מוקה מספר 1 עלית 500 גרם,שטראוס גרופ בע`מ,,מוקה 1 פילטר 500 ג',יחידה,1,יחידה,false,0.0000,59.9,59.9000,false,1,
7290000176413,false,קפה נמס עלית פחית 50 גרם,הנסיך- מפעל לייצור ט,,קפה נמס אבקתי 50 ג' עלית,יחידה,1,יחידה,false,48.0000,9.9,9.9000,false,1,
7290000176420,false,קפה נמס פחית עלית 200 גרם,פיקסל אם.גי.אם בעמ,,קפה נס עלית 240 גרם,יחידה,1,יחידה,false,12.0000,22.9,22.9000,false,1,
7290000178707,false,חטיף צ`יפס בטעם טבעי תפוצ`יפס (50 גרם),"שטראוס פריטו ליי בע""\מ )",,תפוצ'יפס טבעי 50 ג',יחידה,1,יחידה,false,48.0000,5,5.0000,false,1,
7290000178721,false,חטיף צ`יפס בטעם טבעי תפוצ`יפס (200 גרם),"שטראוס פריטו ליי בע""\מ )",,תפוצי'פס טבעי 200 ג',יחידה,1,יחידה,false,12.0000,14,14.0000,false,1,
7290000189116,false,תבניות עגולות עבות במיוחד 5 יחידות ניקול,קימברלי קלארק ישראל שיווק בעמ,,תבניות חזקות עגולות,00000,1,00000,false,0.0000,13.8,13.8000,false,1,
7290000189550,false,"שקיות אשפה ענקיות עם שרוך 78 * 90 ס""מ ניקול 2 * 10 יחידות",קימברלי קלארק ישראל שיווק בעמ,,שקיות אשפה לפח ענק עם שרוך 20 יח',00000,1,00000,false,12.0000,28.8,28.8000,false,1,
7290000189598,false,מטליות לחות חד פעמיות לניקוי כללי 50 יח' ניקול,קימברלי קלארק ישראל שיווק בעמ,,מטליות לחות לניקוי כללי,00000,1,00000,false,12.0000,13.8,13.8000,false,1,
7290000189659,false,מטליות לחות לרצפה ניקול 10 יח'-מרכז,קימברלי קלארק ישראל שיווק בעמ,,מטליות לחות לניקוי הרצפה,00000,1,00000,false,12.0000,14.9,14.9000,false,1,
7290000189734,false,מטליות לחות לניקוי פרקט ניקול 10 יחידות,קימברלי קלארק ישראל שיווק בעמ,,מטליות לחות לניקוי פרקט,00000,1,00000,false,0.0000,22.9,22.9000,false,1,
7290000190198,false,מטליות לחות לניקוי וחיטוי 99.9% ניקול 50 יחידה,קימברלי קלארק ישראל שיווק בעמ,,מטליות לחות לניקוי וחיטוי,00000,1,00000,false,0.0000,13.8,13.8000,false,1,
7290000191966,false,נייר טואלט לילי לח נטורל קר 48 דפים,קימברלי קלארק ישראל שיווק בעמ,,נ.ט לח סנסטיב,00000,1,00000,false,0.0000,11.9,11.9000,false,1,
7290000196763,false,"שקיות אשפה חזקות במיוחד עם שרוך 52 * 65 ס""מ ניקול 40 יחידות",קימברלי קלארק ישראל שיווק בעמ,,שקיות אשפה חזק במיוחד בודד 40 יח',00000,1,00000,false,0.0000,28.8,28.8000,false,1,
7290000197012,false,שקיות ריצ'רץ' אחסון למזון ניקול 15 יחידות,קימברלי קלארק ישראל שיווק בעמ,,?שקיות ריצ‘רץ׳ S 19*18 15 יחידות ניקול,00000,1,00000,false,0.0000,18.9,18.9000,false,1,
7290000197029,false,שקיות ריצ'רץ' רב תכליתיות ניקול 12 יחידות,קימברלי קלארק ישראל שיווק בעמ,,שקיות ריצ‘רץ׳ L 28*26 12 יחידות ניקול,00000,1,00000,false,12.0000,18.9,18.9000,false,1,
7290000197326,false,רדיד אלומיניום ניקול זוגות 7.5*2קצר,קימברלי קלארק ישראל שיווק בעמ,,רדיד אלומיניום קצר זוג,00000,1,00000,false,12.0000,15.9,15.9000,false,1,
7290000197463,false,חיתולים פרידום דריי שלב +4 האגיס 40 יחידות,קימברלי קלארק ישראל שיווק בעמ,,האגיס פרידום דריי שלב 4+,00000,1,00000,false,0.0000,51.9,51.9000,false,1,
7290000197470,false,שקיות רב שימושיות מתכלות ניקול 250 יחידות,קימברלי קלארק ישראל שיווק בעמ,,"שקיות להקפאה, אחסון ואריזת מזון",00000,1,00000,false,24.0000,18.9,18.9000,false,1,
7290000197678,false,חיתולי האגיס פרידום דריי שלב 6 30 יחידות,קימברלי קלארק ישראל שיווק בעמ,,האגיס פרידום דריי מידה 6,00000,1,00000,false,0.0000,51.9,51.9000,false,1,
7290000197753,false,ניילון נצמד אנטי בטקריאלי ניקול 30X2מ',קימברלי קלארק ישראל שיווק בעמ,,זוג ניילון נצמד ניקול,00000,1,00000,false,12.0000,17.9,17.9000,false,1,
>>>>>>> d048ac2f4f281c9d788043ab4e81b61b0dbe3743
7290000201795,false,"האגיס מגבונים לתינוק מבושם מארז, שלישיה * 64 יח'",חוגלה קימברלי,,האגיס מגבונים 1/3 מבושם,יחידה,1,יחידה,false,0.0000,19.9,19.9000,false,1,
7290000204253,false,מטליות רב שימושיות לניקיון ניקול 9 יחידות,קימברלי קלארק ישראל שיווק בעמ,,מטליות ניקוי רב-שימושיות 1/9,00000,1,00000,false,24.0000,13.8,13.8000,false,1,
7290000204512,false,מטליות לחות לניקוי רצפה בריח לימון ניקול 10 יחידות,קימברלי קלארק ישראל שיווק בעמ,,מטליות לחות לניקוי רצפה בניחוח לימון,00000,1,00000,false,0.0000,14.9,14.9000,false,1,
7290000207063,false,רסק עגבניות פריכוז 28% 240 גרם יכין,היינץ צפון אמריקה מק,,"רסק פריכוז 260 גרם ""יכין""",יחידה,1,יחידה,false,0.0000,5.9,5.9000,false,1,
<<<<<<< HEAD
7290000207162,false,רוטב עגבניות מרכיב טבעי 100 ג' יכין,"זנלכל בע""\מ",,רסק עגבניות 100 גר,יחידה,1,יחידה,false,60.0000,2.5,2.5000,false,1,
7290000207438,false,עגבניות 2.5 A קוביות 850 גרם יכין,"זנלכל בע""\מ",,עגבניות קוביות A2.5 יכין,יחידה,1,יחידה,false,12.0000,11.9,11.9000,false,1,
7290000208077,false,אפונת גינה רגילה 550 גרם יכין,"זנלכל בע""\מ",,אפונה יכין גדולה A2,יחידה,1,יחידה,false,12.0000,9.2,9.2000,false,1,
7290000208114,false,"אפונה וגזר יכין A2 פ""ק בית יוסף","זנלכל בע""\מ",,אפונה וגזר יכין A2,יחידה,1,יחידה,false,12.0000,9.2,9.2000,false,1,
7290000208145,false,גרעיני תירס מתוק לייט 550 גרם יכין,"זנלכל בע""\מ",,תירס קל יכין לייט A2,יחידה,1,יחידה,false,12.0000,10.5,10.5000,false,1,
=======
7290000207162,false,רוטב עגבניות מרכיב טבעי 100 ג' יכין,זנלכול יכין,,רסק עגבניות 100 גר,יחידה,1,יחידה,false,60.0000,2.5,2.5000,false,1,
7290000207438,false,עגבניות מקולפות חתוכות לקוביות,זנלכול יכין,,עגבניות קוביות A2.5 יכין,יחידה,1,יחידה,false,12.0000,11.9,11.9000,false,1,
7290000208077,false,אפונת גינה גדולה יכין (550 גרם),זנלכול יכין,,אפונה יכין גדולה A2,יחידה,1,יחידה,false,12.0000,9.2,9.2000,false,1,
7290000208114,false,"אפונה וגזר יכין A2 פ""ק בית יוסף",זנלכול יכין,,אפונה וגזר יכין A2,יחידה,1,יחידה,false,12.0000,9.2,9.2000,false,1,
7290000208145,false,גרעיני תירס מתוק לייט 550 גרם יכין,זנלכול יכין,,תירס קל יכין לייט A2,יחידה,1,יחידה,false,12.0000,10.5,10.5000,false,1,
>>>>>>> d048ac2f4f281c9d788043ab4e81b61b0dbe3743
7290000208213,false,שעועית לבנה אפויה A2 ברוטב עגבניות יכין 560ג',היינץ צפון אמריקה מק,,שעועית אפויה ברוטב עגב.יכ,יחידה,1,יחידה,false,12.0000,8.5,8.5000,false,1,
7290000208220,false,שעועית צ`ילי מקסיקני חריף יכין (550 גרם),היינץ צפון אמריקה מק,,"צ'ילי שעועית חריפה ""יכין""",יחידה,1,יחידה,false,0.0000,11.9,11.9000,false,1,
7290000208312,false,גרעיני תירס מתוק בואקום יכין 400 גר',"זנלכל בע""\מ",,תירס יכין ואקום,יחידה,1,יחידה,false,12.0000,7.5,7.5000,false,1,
7290000208329,false,גרעיני תירס מתוק יכין (550 גרם),זנלכול יכין,,תירס יכין מתוק A2,יחידה,1,יחידה,false,12.0000,9.2,9.2000,false,1,
7290000208336,false,רסק יכין 240גר 22% יכין בית יוסף,"זנלכל בע""\מ",,רסק עגבניות יכין 260 גרם,יחידה,1,יחידה,false,0.0000,4.5,4.5000,false,1,
<<<<<<< HEAD
7290000208428,false,גרגרי חומוס שלם 550 גרם יכין,"זנלכל בע""\מ",,חומוס גרגירים יכין,יחידה,1,יחידה,false,0.0000,9.5,9.5000,false,1,
7290000208855,false,רוטב לפסטה קלאסי 240 גרם יכין,"זנלכל בע""\מ",,רוטב לפסטה יכין 240 גרם,יחידה,1,יחידה,false,24.0000,6.9,6.9000,false,1,
7290000208893,false,גרעיני תירס מתוק לייט 400 גרם יכין,היינץ צפון אמריקה מק,,תירס יכין וואקום,יחידה,1,יחידה,false,0.0000,7.9,7.9000,false,1,
7290000208947,false,עגבניות מרוסקות יכין 260 גרם,היינץ צפון אמריקה מק,,עגב.יכין 240 מרוסקות,יחידה,1,יחידה,false,24.0000,6.9,6.9000,false,1,
7290000209173,false,חומצה אצטית למזון 5% יכין 1 ליטר,"זנלכל בע""\מ",,חומץ יכין סינטטי 1 ליטר 5%,יחידה,1,יחידה,false,0.0000,6.9,6.9000,false,1,
7290000209388,false,תירס מתוק לייט יכין 200 גרם מארז 3 יח',"זנלכל בע""\מ",,תירס ואקום לייט (3) 6 OZ,יחידה,1,יחידה,false,4.0000,15.9,15.9000,false,1,
7290000209722,false,רסק עגבניות 28% פריכוז 580 גרם יכין,"זנלכל בע""\מ",,רסק פריכוז % 28 A2,יחידה,1,יחידה,false,12.0000,11.9,11.9000,false,1,
7290000209906,false,עגבניות מרוסקות בתוספת בצל 240 גרם יכין,זנלכל,,עגב.יכין 240 מרוסקות+בצל,יחידה,1,יחידה,false,24.0000,5.9,5.9000,false,1,
7290000209944,false,רוטב לעגבניות בסיס לשקשוקה 240 ג' יכין,"זנלכל בע""\מ",,רוטב לשקשוקה 240 גרם X24,יחידה,1,יחידה,false,24.0000,6.9,6.9000,false,1,
7290000209951,false,רוטב עגבניות לפיצה 260 גרם יכין,"זנלכל בע""\מ",,רוטב פיצה 240 גרם יכין,יחידה,1,יחידה,false,24.0000,6.9,6.9000,false,1,
7290000209968,false,רוטב עגבניות ללזניה יכין 240 גרם,"זנלכל בע""\מ",,רוטב לזניה 240 גרם יכין,יחידה,1,יחידה,false,24.0000,6.9,6.9000,false,1,
7290000210896,false,רוטב לפסטה בולונז 240 גרם יכין,"זנלכל בע""\מ",,רוטב בולונז 240 גרם יכין,יחידה,1,יחידה,false,24.0000,6.9,6.9000,false,1,
=======
7290000208428,false,גרגרי חומוס שלם 550 גרם יכין,היינץ צפון אמריקה מק,,חומוס גרגירים יכין,יחידה,1,יחידה,false,0.0000,9.5,9.5000,false,1,
7290000208855,false,רוטב לפסטה קלאסי יכין (240 גרם),זנלכול יכין,,רוטב לפסטה יכין 240 גרם,יחידה,1,יחידה,false,24.0000,6.9,6.9000,false,1,
7290000208893,false,גרעיני תירס מתוק לייט 400 גרם יכין,היינץ צפון אמריקה מק,,תירס יכין וואקום,יחידה,1,יחידה,false,0.0000,7.9,7.9000,false,1,
7290000208947,false,עגבניות מרוסקות יכין (240 גרם),היינץ צפון אמריקה מק,,עגב.יכין 240 מרוסקות,יחידה,1,יחידה,false,24.0000,6.9,6.9000,false,1,
7290000209173,false,חומצה אצטית למזון 5% יכין 1 ליטר,זנלכול יכין,,חומץ יכין סינטטי 1 ליטר 5%,יחידה,1,יחידה,false,0.0000,6.9,6.9000,false,1,
7290000209388,false,תירס מתוק לייט יכין 200 גרם מארז 3 יח',זנלכול יכין,,תירס ואקום לייט (3) 6 OZ,יחידה,1,יחידה,false,4.0000,15.9,15.9000,false,1,
7290000209722,false,רוטב עגבניות 28% יכין (580 גרם)פריכוז,"זנלכל בע""\מ",,רסק פריכוז % 28 A2,יחידה,1,יחידה,false,12.0000,11.9,11.9000,false,1,
7290000209906,false,עגבניות מרוסקות בתוספת בצל 240 גרם יכין,זנלכול יכין,,עגב.יכין 240 מרוסקות+בצל,יחידה,1,יחידה,false,24.0000,5.9,5.9000,false,1,
7290000209944,false,רוטב לעגבניות בסיס לשקשוקה 240 ג' יכין,"זנלכל בע""\מ",,רוטב לשקשוקה 240 גרם X24,יחידה,1,יחידה,false,24.0000,6.9,6.9000,false,1,
7290000209951,false,רוטב עגבניות לפיצה 260 גרם יכין,"זנלכל בע""\מ",,רוטב פיצה 240 גרם יכין,יחידה,1,יחידה,false,24.0000,6.9,6.9000,false,1,
7290000209968,false,רוטב עגבניות ללזניה יכין 240 גרם,זנלכול יכין,,רוטב לזניה 240 גרם יכין,יחידה,1,יחידה,false,24.0000,6.9,6.9000,false,1,
7290000210896,false,רוטב לפסטה בולונז 240 גרם יכין,זנלכול יכין,,רוטב בולונז 240 גרם יכין,יחידה,1,יחידה,false,24.0000,6.9,6.9000,false,1,
>>>>>>> d048ac2f4f281c9d788043ab4e81b61b0dbe3743
7290000211169,false,"אורז תאילנדי אחד אחד סוגת 1 ק""ג",האי נאם סי או אל.טי.,,"אורז תאילנדי 1 ק""ג סוגת",יחידה,1,יחידה,false,0.0000,7.9,7.9000,false,1,
7290000211442,false,אורז בסגנון פרסי קלאסי סוגת (1 קג),האי נאם סי או אל.טי.,,"אורז פרסי 1 ק""ג סוגת",יחידה,1,יחידה,false,0.0000,13.9,13.9000,false,1,
7290000211503,false,סוכר לבן ארוז בשקית,"סוגת תעשיות בע""\מ",,סוכר 1 קג סוגת שקית,יחידה,1,יחידה,false,0.0000,5.5,5.5000,false,1,
<<<<<<< HEAD
7290000238029,false,"בצק עלים צרפתי מרודד מעדנות 1 ק""ג",מיוצר עי קונדיטוריית,,בצק עלים צרפתי מרודד,00000,1,00000,false,9.0000,19.9,19.9000,true,1,
7290000238036,false,מלאווח בקופסא מעדנות 700 גרם,מיוצר עי קונדיטוריית,,מלווח,00000,1,00000,false,16.0000,21.9,21.9000,false,1,
7290000238173,false,בורקס גבינה מעדנות 800 גרם,מיוצר עי קונדיטוריית,,בורקס גבינה,00000,1,00000,false,14.0000,26.9,26.9000,false,1,
7290000238180,false,בורקס תפוחי אדמה מעדנות 800 גרם,מיוצר עי קונדיטוריית,,בורקס תפוחי אדמה מעדנות,00000,1,00000,false,12.0000,23.9,23.9000,false,1,
7290000245270,false,"פרסיל אבקה לכביסה רגיל שקית 1.25 ק""ג","הנקל סוד בע""מ",,פרסיל- שקית,יחידה,1,יחידה,false,0.0000,19.9,19.9000,false,1,
7290000253251,false,שוקולד צ'יפס לבן אופנהיימר 250 גרם,אופנהיימר,,שוקלד ציפס לבן,יחידה,1,יחידה,false,0.0000,13.9,13.9000,false,1,
7290000254197,false,קפה אספרסו זהב עלית 200 גרם,קריות זול,,קפה אספרסו זהב 200 ג',יחידה,1,יחידה,false,6.0000,29.9,29.9000,false,1,
7290000272726,false,חומץ רכיבים רכיבים טבעיים 5% עסיס 1 ליטר,בית-השיטה עסיס תעשיות מז,,עסיס חומץ טבעי 5% 1ליטר חדש,יחידה,1,יחידה,false,12.0000,8.9,8.9000,false,1,
7290000288017,false,אקונומיקה בריח לימון סנו ז'אוול 1 ליטר,"סנו מפעלי ברונוס בע""",,"אקונומיקה JAVEL לימון 1 ליטר ""סנו""",יחידה,1,יחידה,false,0.0000,8.9,8.9000,false,1,
7290000288024,false,סנו - ז'אוול אקונומיקה בריח לימון 4 ליטר,"סנו מפעלי ברונוס בע""מ",,"אקונומיקה 4JAVEL ליטר ""סנו""",יחידה,1,יחידה,false,0.0000,18.9,18.9000,true,1,
7290000288048,false,סנו זאוול מרסס מונבלאן 1 ליטר,"סנו מפעלי ברונוס בע""מ",,"מרסס JAVEL לבנדר ""סנו""",יחידה,1,יחידה,false,0.0000,19.9,19.9000,false,1,
7290000292915,false,"תרסיס לניקוי כללי רסס ונגב סנו 750 מ""ל","סנו מפעלי ברונוס בע""\מ",,"אקדח לניקוי כללי רסס נגב ""סנו""",יחידה,1,יחידה,false,0.0000,15.9,15.9000,false,1,
7290000293073,false,מקסימה מרכך כביסה ביו לבן סנו 4 ליטר,"סנו מפעלי ברונוס בע""\מ",,מרכך- כביסה- מקסימה,יחידה,1,יחידה,false,0.0000,25,25.0000,false,1,
7290000294575,false,סנו סושי רב מגבת 63 דפים בגליל,סנו מפעלי ברונוס בעמ,,"רב מגבת ""סנו""",יחידה,1,יחידה,false,0.0000,16.9,16.9000,false,1,
7290000295404,false,שקיות אשפה עם שרוך 54 * 65 סנו סושי 60 יחידות,מיוצר עי קונדיטוריית,,רב שקית סנו סושי,יחידה,1,יחידה,false,0.0000,27.9,27.9000,false,1,
7290000295558,false,"רדיד אלומיניום רוחב 30 ס""מ סנו סושי 2 יח' 7.5 מטר",מולינו ניקולי s.p.a,,"זוג רדיד אלומינים ""סנו""",יחידה,1,יחידה,false,0.0000,15.9,15.9000,false,1,
7290000300900,false,שניצל תירס מרכיבים טבעיים טבעול 750 גרם,עיצובים 2020 (4.8),,טבעול שניצל תירס 750 גרם,יחידה,1,יחידה,false,8.0000,25.9,25.9000,true,1,
7290000304663,false,סלט טונה נון 160 גרם בדצ עדה חרדית,קריות זול,,סלט טונה נון 160 גרם בדצ עדה חרדית,יחידה,1,יחידה,false,48.0000,7.9,7.9000,false,1,
7290000311203,false,"וופלים בטעם שוקולד ""מן"" 200 גרם",תות ממתקי איכות,,"וופלים בטעם שוקולד ""מן"" 200 גרם",יחידה,1,יחידה,false,12.0000,6.9,6.9000,false,1,
7290000311210,false,"וופלים בטעם לימון ""מן"" 200 גרם","רוקחמן בע""מ",,"וופלים בטעם לימון ""מן"" 200 גרם",יחידה,1,יחידה,false,12.0000,6.9,6.9000,false,1,
7290000311715,false,מן עוגיות כוכבים בטעם שוקולד 300 גרם*נ.ל.פ,תות ממתקי איכות,,"עוגיות בטעם שוקולד ""מן"" 300 גרם",יחידה,1,יחידה,false,12.0000,11.9,11.9000,false,1,
7290000313160,false,זהבה ושלושת הדובים עוגיות בטעם שוקולד אסם 350 גרם,"הגביע מוצרי וופלים בע""\מ",,אסם עוגיות שוקולד זהבה 250 גרם,יחידה,1,יחידה,false,12.0000,8.9,8.9000,false,1,
7290000313184,false,עוגיות חברים גן חיות וניל אסם 250 גר',"הגביע מוצרי וופלים בע""\מ",,אסם עוגיות גן חיות וניל 250 גרם,יחידה,1,יחידה,false,12.0000,8.9,8.9000,false,1,
7290000313290,false,אסם נודלס נודלס איטריות מסולסלות 200גר,תאי פרזידנט פוד בנגק,,נודלס אטריות מסולסלות 200 ג',יחידה,1,יחידה,false,12.0000,13,13.0000,false,1,
7290000315133,false,קנור ציר בקר משחתי 300ג,יוניליוור ישראל מזון בע\,,קנור ציר בקר משחתי 300ג,יחידה,1,יחידה,false,12.0000,27.9,27.9000,false,1,
7290000318127,false,"נקניקיות ביס 380 גרם ""יחיעם""",מעדני יחיעם 1993,,"נקניקיות ביס 380 גרם ""יחיעם""",יחידה,1,יחידה,false,0.0000,13.9,13.9000,true,1,
7290000318479,false,נקניק פרושוטו בקר יחיעם 100 גרם,תאי פרזידנט פוד פאבל,,"פרושוטו בקר 100 גרם ""יחיעם""",יחידה,1,יחידה,false,0.0000,29.9,29.9000,false,1,
7290000318677,false,נקניק סלמי סרוולט יחיעם 150 גרם,מעדני יחיעם 1993,,"סרוולט סלמי 150 גרם ""יחיעם""",יחידה,1,יחידה,false,0.0000,29.9,29.9000,false,1,
7290000318943,false,פסטרמה של פעם מעושן 1.5% יחיעם 200 גרם,תאי פרזידנט פוד פאבל,,"פסטרמה של פעם 200 גרם ""יחיעם""",יחידה,1,יחידה,false,0.0000,25.9,25.9000,false,1,
7290000319124,false,סלמי סרוולט מאפ יחיעם 250 גרם,מעדני יחיעם 1993,,סרוולד מאפ 250 ג' יחיעם,יחידה,1,יחידה,false,0.0000,38.9,38.9000,false,1,
7290000319520,false,נקניק סלמי צרפתי יחיעם 100 גרם,מעדני יחיעם 1993,,"סלמי צרפתי 100 גרם ""יחיעם""",יחידה,1,יחידה,false,0.0000,22.9,22.9000,false,1,
7290000319803,false,קבנוס קלאסי יחיעם 125 גרם,תאי פרזידנט פוד פאבל,,קבנוס קלאסי 125 גרם,יחידה,1,יחידה,false,0.0000,15.9,15.9000,true,1,
7290000334042,false,"צ'יפס טוגן תפוגן 2 ק""ג","תעשיות תפוגן בע""מ",,תפוגן טוגן 2 קג,יחידה,1,יחידה,false,6.0000,29.9,29.9000,false,1,
7290000334745,false,"אמריקאן צ'יפס תפוגן 1.5 ק""ג","תעשיות תפוגן בע""מ",,תפוגן אמריקן צ'יפס 1.5 קג',יחידה,1,יחידה,false,6.0000,27,27.0000,false,1,
7290000336053,false,תרכיז סיידר הגליל מיץ תפוחים מרוכז 330 מל,"טמפו משקאות בע""מ",,תרכיז סיידר הגליל מיץ תפוחים מרוכז 330 מל,יחידה,1,יחידה,false,24.0000,15.9,15.9000,true,1,
7290000345291,false,תה ארל גריי ויסוצקי 25 יחידות,תה ויסוצקי,,ארל גריי 25,יחידה,1,יחידה,false,0.0000,18,18.0000,false,1,
7290000345307,false,תה ארל גריי ויסוצקי 50 יחידות,מולינו ניקולי s.p.a,,"ארל גריי-תה ""ויסוצקי""",יחידה,1,יחידה,false,0.0000,30,30.0000,false,1,
7290000346199,false,חליטת פירות יער הגן הקסום ויסוצקי 25 יחידות,תה ויסוצקי,,פירות יער,יחידה,1,יחידה,false,0.0000,19.9,19.9000,true,1,
7290000346205,false,חליטת קמומיל הגן הקסום ויסוצקי 25 יחידות,תה ויסוצקי,,קמומיל 25,יחידה,1,יחידה,false,0.0000,19.9,19.9000,true,1,
7290000347738,false,תה ירוק נענע ויסוצקי 25 יחידות,תה ויסוצקי,,תה ירוק נענע,יחידה,1,יחידה,false,0.0000,29.9,29.9000,true,1,
7290000347752,false,תה ירוק לימונית ולואיזה 25 שקיקים *1.5 ג'' ויסוצקי,תה ויסוצקי,,תה ירוק לימונית ולואיזה,יחידה,1,יחידה,false,0.0000,29.9,29.9000,true,1,
7290000364261,false,"דקניקים, סלסולי פסטרמה כתף בקר מעושנת 120 גרם",הנסיך- מפעל לייצור ט,,"דקניקים, סלסולי פסטרמה כתף בקר מעושנת 120 גרם",00000,1,00000,false,0.0000,15.9,15.9000,false,1,
7290000364278,false,דקניקים סלסולי סלמי איטלקי משובח טירת צבי 120 גרם,הנסיך- מפעל לייצור ט,,"דקניקים, סלסולי סלמי אטלקי 120 גרם",00000,1,00000,false,0.0000,15.9,15.9000,false,1,
7290000364285,false,דקניקים סלסולי פסטרמה הודו טירת צבי 120 גרם,הנסיך- מפעל לייצור ט,,"דקניקים, סלסולי הודו אפוי 120 גרם",00000,1,00000,false,0.0000,15.9,15.9000,false,1,
7290000364292,false,דקניקים סלסולי פסטרמה הודו על גחלים 1% טירת צבי 120 גרם,הנסיך- מפעל לייצור ט,,"דקניקים, סלסולי פסטרמה הודו גחלים דל שומן 120 גר'",00000,1,00000,false,0.0000,15.9,15.9000,false,1,
7290000364803,false,נקניקיות בקר אמריקאיות טירת צבי 500 גרם,הנסיך- מפעל לייצור ט,,"נקניקיות בקר בסגנון אמריקאי, 500 גרם",00000,1,00000,false,0.0000,28,28.0000,false,1,
7290000364858,false,"נקניקיות עוף טרי טירת צבי 1 ק""ג",הנסיך- מפעל לייצור ט,,"נקניקיות עוף 1 ק""ג",00000,1,00000,false,0.0000,29.9,29.9000,false,1,
7290000379258,false,"חלה מתוקה קונדטוריה ארוזה ""אנג'ל""",מאפיית שלמה א. אנג'\ל בע,,"חלה מתוקה קונדטוריה ארוזה ""אנג'ל""",יחידה,1,יחידה,false,0.0000,18.9,18.9000,false,1,
7290000379654,false,"חלה חשופה קלועה ""אנג'ל"" -מוצר בפיקוח",מאפיית אנג'ל,,"חלה חשופה קלועה ""אנג'ל"" -מוצר בפיקוח",יחידה,1,יחידה,false,0.0000,4.99,4.9900,false,1,
7290000408316,false,יוגורט דנונה דל לקטוז 200 גרם,מיוצר עי קונדיטוריית,,דנונה ביו טבעי 3% 200 ג',יחידה,1,יחידה,false,0.0000,3.8,3.8000,false,1,
7290000408354,false,יוגורט עם אורז מצופה שוקולד קקאו 175 ג' דנונה,"שטראוס בריאות בע""\מ",,"מעדן פצפוצים ""דנונה בר""",יחידה,1,יחידה,false,0.0000,5,5.0000,false,1,
7290000412481,false,נוזל לניקוי אסלות 00 סנו 1 ליטר,מיוצר עי קונדיטוריית,,"מנקה אסלות 00 1 ליטר ""סנו""",יחידה,1,יחידה,false,0.0000,9.9,9.9000,false,1,
7290000416021,false,ממרח בטעם שוקולד השחר חלבי 500,השחר העולה,,שוקולד השחר 500 גרם,יחידה,1,יחידה,false,24.0000,15.9,15.9000,false,1,
=======
7290000238029,false,"בצק עלים צרפתי מרודד מעדנות 1 ק""ג",תנובה מרכז שיתופי לשיווק תוצרת,,בצק עלים צרפתי מרודד,00000,1,00000,false,9.0000,19.9,19.9000,true,1,
7290000238036,false,מלאווח מעדנות 6 יח`700 גרם קפוא,תנובה מרכז שיתופי לשיווק תוצרת,,מלווח,00000,1,00000,false,16.0000,21.9,21.9000,false,1,
7290000238173,false,.בורקס במילוי גבינה 800 גרם מעדנות,מיוצר עי קונדיטוריית,,בורקס גבינה,00000,1,00000,false,14.0000,26.9,26.9000,false,1,
7290000238180,false,בורקס במילוי תפוא 800 גרם מעדנות,מיוצר עי קונדיטוריית,,בורקס תפוחי אדמה מעדנות,00000,1,00000,false,12.0000,23.9,23.9000,false,1,
7290000245270,false,"פרסיל אבקה לכביסה רגיל שקית 1.25 ק""ג",גורי שיווק בעמ,,פרסיל- שקית,יחידה,1,יחידה,false,0.0000,19.9,19.9000,false,1,
7290000253251,false,נטיפי שוקולד צ`יפס לבן לאפיה 250 גרם,תה ויסוצקי (ישראל) בעמ,,שוקלד ציפס לבן,יחידה,1,יחידה,false,0.0000,13.9,13.9000,false,1,
7290000254197,false,קפה אספרסטו זהב עלית (200 גרם),שטראוס גרופ בע`מ,,קפה אספרסו זהב 200 ג',יחידה,1,יחידה,false,6.0000,29.9,29.9000,false,1,
7290000272726,false,חומץ רכיבים רכיבים טבעיים 5% עסיס 1 ליטר,קבוצת אוסם סחר שותפות מוגבלת,,עסיס חומץ טבעי 5% 1ליטר חדש,יחידה,1,יחידה,false,12.0000,8.9,8.9000,false,1,
7290000288017,false,אקונומיקה בריח לימון סנו ז'אוול 1 ליטר,החברה הדרומית לשיווק בעמ,,"אקונומיקה JAVEL לימון 1 ליטר ""סנו""",יחידה,1,יחידה,false,0.0000,8.9,8.9000,false,1,
7290000288024,false,סנו - ז'אוול אקונומיקה בריח לימון 4 ליטר,החברה הדרומית לשיווק בעמ,,"אקונומיקה 4JAVEL ליטר ""סנו""",יחידה,1,יחידה,false,0.0000,18.9,18.9000,true,1,
7290000288048,false,ז`אוול מרסס לניקוי כללי לבנדר סנו (1 ליט,החברה הדרומית לשיווק בעמ,,"מרסס JAVEL לבנדר ""סנו""",יחידה,1,יחידה,false,0.0000,19.9,19.9000,false,1,
7290000292915,false,רסס ונגב לניקוי כללי תרסיס סנו (750 מל),החברה הדרומית לשיווק בעמ,,"אקדח לניקוי כללי רסס נגב ""סנו""",יחידה,1,יחידה,false,0.0000,15.9,15.9000,false,1,
7290000293073,false,מקסימה מרכך כביסה ביו לבן סנו 4 ליטר,החברה הדרומית לשיווק בעמ,,מרכך- כביסה- מקסימה,יחידה,1,יחידה,false,0.0000,25,25.0000,false,1,
7290000294575,false,סנו סושי רב מגבת 63 דפים בגליל,החברה הדרומית לשיווק בעמ,,"רב מגבת ""סנו""",יחידה,1,יחידה,false,0.0000,16.9,16.9000,false,1,
7290000295404,false,שקיות אשפה עם שרוך 54 * 65 סנו סושי 60 יחידות,החברה הדרומית לשיווק בעמ,,רב שקית סנו סושי,יחידה,1,יחידה,false,0.0000,27.9,27.9000,false,1,
7290000295558,false,"רדיד אלומיניום רוחב 30 ס""מ סנו סושי 2 יח' 7.5 מטר",החברה הדרומית לשיווק בעמ,,"זוג רדיד אלומינים ""סנו""",יחידה,1,יחידה,false,0.0000,15.9,15.9000,false,1,
7290000300900,false,שניצל תירס מרכיבים טבעיים טבעול 750 גרם,קבוצת אוסם סחר שותפות מוגבלת,,טבעול שניצל תירס 750 גרם,יחידה,1,יחידה,false,8.0000,25.9,25.9000,true,1,
7290000304663,false,סלט טונה נון 160 גרם בדצ עדה חרדית,דיפלומט מפיצים (1968) בעמ**,,סלט טונה נון 160 גרם בדצ עדה חרדית,יחידה,1,יחידה,false,48.0000,7.9,7.9000,false,1,
7290000311203,false,"וופלים בטעם שוקולד ""מן"" 200 גרם",רוקחמן בעמ מפעל לייצור ופלים ו,,"וופלים בטעם שוקולד ""מן"" 200 גרם",יחידה,1,יחידה,false,12.0000,6.9,6.9000,false,1,
7290000311210,false,"וופלים בטעם לימון ""מן"" 200 גרם",רוקחמן בעמ מפעל לייצור ופלים ו,,"וופלים בטעם לימון ""מן"" 200 גרם",יחידה,1,יחידה,false,12.0000,6.9,6.9000,false,1,
7290000311715,false,מן עוגיות כוכבים בטעם שוקולד 300 גרם*נ.ל.פ,רוקחמן בעמ מפעל לייצור ופלים ו,,"עוגיות בטעם שוקולד ""מן"" 300 גרם",יחידה,1,יחידה,false,12.0000,11.9,11.9000,false,1,
7290000313160,false,זהבה ושלושת הדובים עוגיות בטעם שוקולד אסם 350 גרם,קבוצת אוסם סחר שותפות מוגבלת,,אסם עוגיות שוקולד זהבה 250 גרם,יחידה,1,יחידה,false,12.0000,8.9,8.9000,false,1,
7290000313184,false,עוגיות חברים גן חיות וניל אסם 250 גר',קבוצת אוסם סחר שותפות מוגבלת,,אסם עוגיות גן חיות וניל 250 גרם,יחידה,1,יחידה,false,12.0000,8.9,8.9000,false,1,
7290000313290,false,אסם נודלס נודלס איטריות מסולסלות 200גר,קבוצת אוסם סחר שותפות מוגבלת,,נודלס אטריות מסולסלות 200 ג',יחידה,1,יחידה,false,12.0000,13,13.0000,false,1,
7290000315133,false,קנור ציר בקר משחתי 300ג,יוניליוור ישראל שיווק בע`מ,,קנור ציר בקר משחתי 300ג,יחידה,1,יחידה,false,12.0000,27.9,27.9000,false,1,
7290000318127,false,נקניקיות ביס יחיעם (380 גרם),מעדני יחיעם (1993) בעמ,,"נקניקיות ביס 380 גרם ""יחיעם""",יחידה,1,יחידה,false,0.0000,13.9,13.9000,true,1,
7290000318479,false,נקניק פרושוטו בקר יחיעם 100 גרם,מעדני יחיעם ( 1993 ) בע`מ,,"פרושוטו בקר 100 גרם ""יחיעם""",יחידה,1,יחידה,false,0.0000,29.9,29.9000,false,1,
7290000318677,false,נקניק סלמי סרוולט יחיעם 150 גרם,מעדני יחיעם (1993) בעמ,,"סרוולט סלמי 150 גרם ""יחיעם""",יחידה,1,יחידה,false,0.0000,29.9,29.9000,false,1,
7290000318943,false,פסטרמה של פעם מעושן 1.5% יחיעם 200 גרם,מעדני יחיעם ( 1993 ) בע`מ,,"פסטרמה של פעם 200 גרם ""יחיעם""",יחידה,1,יחידה,false,0.0000,25.9,25.9000,false,1,
7290000319124,false,סלמי סרוולט מאפ יחיעם 250 גרם,מעדני יחיעם ( 1993 ) בע`מ,,סרוולד מאפ 250 ג' יחיעם,יחידה,1,יחידה,false,0.0000,38.9,38.9000,false,1,
7290000319520,false,נקניק סלמי צרפתי יחיעם 100 גרם,מעדני יחיעם (1993) בעמ,,"סלמי צרפתי 100 גרם ""יחיעם""",יחידה,1,יחידה,false,0.0000,22.9,22.9000,false,1,
7290000319803,false,קבנוס קלאסי יחיעם (125 גרם),מעדני יחיעם ( 1993 ) בע`מ,,קבנוס קלאסי 125 גרם,יחידה,1,יחידה,false,0.0000,15.9,15.9000,true,1,
7290000334042,false,צ`יפסים טוגני תפוח אדמה טוגן (2 קג),קבוצת אסם סחר שות. מוגבלת,,תפוגן טוגן 2 קג,יחידה,1,יחידה,false,6.0000,29.9,29.9000,false,1,
7290000334745,false,"ציפס אמריקאי דקדק תפוגן 1.5 ק""ג",קבוצת אוסם סחר שותפות מוגבלת,,תפוגן אמריקן צ'יפס 1.5 קג',יחידה,1,יחידה,false,6.0000,27,27.0000,false,1,
7290000336053,false,תרכיז סיידר הגליל מיץ תפוחים מרוכז 330 מל,טמפו משקאות בע`מ,,תרכיז סיידר הגליל מיץ תפוחים מרוכז 330 מל,יחידה,1,יחידה,false,24.0000,15.9,15.9000,true,1,
7290000345291,false,תה ארל גרי 1.5/ 25 שקיקים ויסוצקי,תה ויסוצקי (ישראל) בעמ,,ארל גריי 25,יחידה,1,יחידה,false,0.0000,18,18.0000,false,1,
7290000345307,false,תה ארל גרי 1.5/ 50 שקיקים ויסוצקי,תה ויסוצקי (ישראל) בעמ,,"ארל גריי-תה ""ויסוצקי""",יחידה,1,יחידה,false,0.0000,30,30.0000,false,1,
7290000346199,false,חליטת פירות יער הגן הקסום ויסוצקי 25 יחידות,תה ויסוצקי (ישראל) בעמ,,פירות יער,יחידה,1,יחידה,false,0.0000,19.9,19.9000,true,1,
7290000346205,false,חליטת קמומיל הגן הקסום ויסוצקי 25 יחידות,תה ויסוצקי (ישראל) בעמ,,קמומיל 25,יחידה,1,יחידה,false,0.0000,19.9,19.9000,true,1,
7290000347738,false,תה ירוק בתוספת עלי נענע 25 שקיקים,תה ויסוצקי (ישראל) בעמ,,תה ירוק נענע,יחידה,1,יחידה,false,0.0000,29.9,29.9000,true,1,
7290000347752,false,תה ירוק לימונית ולואיזה 25 שקיקים *1.5 ג'' ויסוצקי,תה ויסוצקי (ישראל) בעמ,,תה ירוק לימונית ולואיזה,יחידה,1,יחידה,false,0.0000,29.9,29.9000,true,1,
7290000364261,false,"דקניקים, סלסולי פסטרמה כתף בקר מעושנת 120 גרם",תנובה מרכז שיתופי לשיווק תוצרת,,"דקניקים, סלסולי פסטרמה כתף בקר מעושנת 120 גרם",00000,1,00000,false,0.0000,15.9,15.9000,false,1,
7290000364278,false,דקניקים סלסולי סלמי איטלקי משובח טירת צבי 120 גרם,תנובה מרכז שיתופי לשיווק תוצרת,,"דקניקים, סלסולי סלמי אטלקי 120 גרם",00000,1,00000,false,0.0000,15.9,15.9000,false,1,
7290000364285,false,דקניקים סלסולי פסטרמה הודו טירת צבי 120 גרם,תנובה מרכז שיתופי לשיווק תוצרת,,"דקניקים, סלסולי הודו אפוי 120 גרם",00000,1,00000,false,0.0000,15.9,15.9000,false,1,
7290000364292,false,דקניקים סלסולי פסטרמה הודו על גחלים 1% טירת צבי 120 גרם,תנובה מרכז שיתופי לשיווק תוצרת,,"דקניקים, סלסולי פסטרמה הודו גחלים דל שומן 120 גר'",00000,1,00000,false,0.0000,15.9,15.9000,false,1,
7290000364803,false,נקניקיות בקר אמריקאיות טירת צבי 500 גרם,הנסיך- מפעל לייצור ט,,"נקניקיות בקר בסגנון אמריקאי, 500 גרם",00000,1,00000,false,0.0000,28,28.0000,false,1,
7290000364858,false,"נקניקיות עוף טרי טירת צבי 1 ק""ג",הנסיך- מפעל לייצור ט,,"נקניקיות עוף 1 ק""ג",00000,1,00000,false,0.0000,29.9,29.9000,false,1,
7290000379258,false,"חלה מתוקה קונדטוריה ארוזה ""אנג'ל""",מאפיית שלמה א. אנג'\ל בע,,"חלה מתוקה קונדטוריה ארוזה ""אנג'ל""",יחידה,1,יחידה,false,0.0000,18.9,18.9000,false,1,
7290000379654,false,"חלה חשופה קלועה ""אנג'ל"" -מוצר בפיקוח",שלמה א.אנג ל בעמ,,"חלה חשופה קלועה ""אנג'ל"" -מוצר בפיקוח",יחידה,1,יחידה,false,0.0000,4.99,4.9900,false,1,
7290000408316,false,יוגורט דנונה דל לקטוז 200 גרם,שטראוס גרופ בעמ/מצונן,,דנונה ביו טבעי 3% 200 ג',יחידה,1,יחידה,false,0.0000,3.8,3.8000,false,1,
7290000408354,false,יוגורט עם אורז מצופה שוקולד קקאו 175 ג' דנונה,שטראוס גרופ בעמ/מצונן,,"מעדן פצפוצים ""דנונה בר""",יחידה,1,יחידה,false,0.0000,5,5.0000,false,1,
7290000412481,false,נוזל לניקוי אסלות 00 סנו (1 ליטר),החברה הדרומית לשיווק בעמ,,"מנקה אסלות 00 1 ליטר ""סנו""",יחידה,1,יחידה,false,0.0000,9.9,9.9000,false,1,
7290000416021,false,ממרח בטעם שוקולד השחר העולה (500 גרם),השחר העולה תעשית ממתקים בעמ,,שוקולד השחר 500 גרם,יחידה,1,יחידה,false,24.0000,15.9,15.9000,false,1,
>>>>>>> d048ac2f4f281c9d788043ab4e81b61b0dbe3743
7290000419107,false,לנדוור קפה מקורי לבוקר טחון טורקי 100 גרם,קפה לנדוור בע''מ,,לנדוור כחול המקורי טחון טורקי 100גרם,יחידה,1,יחידה,false,24.0000,8.9,8.9000,false,1,
7290000420325,false,"פופסטאר פופקורן למקירוגל בטעם טבעי 5 שקיות,500 גרם",פרסטון פארמס,,"פופסטאר פופקורן למקירוגל בטעם טבעי 5 שקיות,500 גרם",יחידה,1,יחידה,false,0.0000,17.9,17.9000,false,1,
7290000446523,false,ממרח בוטנים מתוק בטר אנד דיפרנט 350 גרם,בטר אנד דיפרנט בעמ,,חמאת- בוטנים,יחידה,1,יחידה,false,0.0000,17.9,17.9000,false,1,
7290000446547,false,חמאת בוטנים טבעית בטר אנד דיפרנט 350 גרם,"בטר אנד דיפרנט בע""מ",,חמאת בוטנים טבעית B&D,יחידה,1,יחידה,false,0.0000,17.9,17.9000,false,1,
7290000453019,false,שמרים טריים לאפייה שקית שמרית 50 ג',שטראוס גרופ בעמ/מצונן,,שמרית שקית שמרים,יחידה,1,יחידה,false,0.0000,5.5,5.5000,false,1,
7290000453422,false,בצק פילו מצונן ומוכן לאפייה שמרית 300 גרם,שטראוס גרופ בעמ/מצונן,,שמרית בצק פילו,00000,1,00000,false,0.0000,18.9,18.9000,false,1,
7290000453446,false,פיצה קראסט בצק שמרים מצונן להכנת פיצה ופוקצ'ה,שטראוס גרופ בעמ/מצונן,,פיצה קראסט שמרית 500 גרם,יחידה,1,יחידה,false,8.0000,21.9,21.9000,false,1,
7290000461625,false,בייגלה שמיניות מלח בייגל בייגל 400 ג',יוניליוור ישראל שיווק בע`מ,,שמונה שמונה 400גר',יחידה,1,יחידה,false,12.0000,11.9,11.9000,false,1,
7290000462141,false,סחוג אדום תימני מקורי חריף מאוד זהבי 150 גרם,שטראוס גרופ בעמ/מצונן,,"סחוג חריף מאוד 150 גרם ""זהבי""",יחידה,1,יחידה,false,0.0000,9.9,9.9000,false,1,
7290000467320,false,מלך החומוס אבו מרוואן 400 גרם,קבוצת אוסם סחר שותפות מוגבלת,,חומוס אבו מרוואן 400 ג' צבר,יחידה,1,יחידה,false,6.0000,15.9,15.9000,false,1,
7290000467511,false,ביסלי חטיף ברביקיו אסם 55 ג',"אסם השקעות בע""מ",,ביסלי ברביקיו 55 גרם אסם,יחידה,1,יחידה,false,48.0000,4.5,4.5000,true,1,
7290000467887,false,ביסלי בטעם פיצה 55 גרם אסם,"אסם השקעות בע""מ",,ביסלי בטעם פיצה 55 גרם אסם,יחידה,1,יחידה,false,24.0000,4.5,4.5000,true,1,
7290000468747,false,ביסלי חטיף גריל אסם 55 ג',"אסם השקעות בע""מ",,ביסלי גריל 55 גרם אסם,יחידה,1,יחידה,false,48.0000,4.5,4.5000,true,1,
7290000468877,false,ביסלי בטעם בצל 55 גרם אסם,"אסם השקעות בע""מ",,ביסלי בטעם בצל 55 גרם אסם,יחידה,1,יחידה,false,24.0000,4.5,4.5000,true,1,
7290000474540,false,טוב טעם גבינה לבנה 3% טרה 250 גרם,החברה המרכזית טלהפצת משקאות בע,,גבינת טוב טעם לבישול ואפייה,יחידה,1,יחידה,false,0.0000,11.9,11.9000,false,1,
7290000480107,false,קוואקר שיבולת שועל פחית 500 גרם,שטראוס פריטו ליי בעמ,,קוואקר שיבולת שועל בפח 500 גרם,יחידה,1,יחידה,false,24.0000,14.9,14.9000,false,1,
7290000480442,false,קוואקר שיבולת שועל בשקית 500 גרם,שטראוס פריטו ליי בע`מ,,קוואקר שיבולת שועל בשקית 500 גרם,יחידה,1,יחידה,false,16.0000,13.9,13.9000,false,1,
7290000482019,false,שקיות לצליה קוקי 10 יחידות,"ש. שסטוביץ בע""מ",,שקיות קוקי לצלייה,יחידה,1,יחידה,false,0.0000,15.9,15.9000,false,1,
7290000484747,false,"ארק עלית 700 מ""ל 40% יקב הגליל*",יקב הגליל יוסף גולד ובניו,,"ארק עלית 700 מ""ל",יחידה,1,יחידה,false,12.0000,59.5,59.2000,false,1,
7290000490601,false,גלידל וניל פלדמן מארז שמינייה,הגלידות של פלדמן,,"שמיניית גלידל וניל ""פלדמן""",יחידה,1,יחידה,false,0.0000,36.9,36.9000,false,1,
7290000490762,false,גלידל שוקו פלדמן מארז שמינייה,הגלידות של פלדמן,,"שמיניית גלידל שוקו ""פלדמן""",יחידה,1,יחידה,false,0.0000,36.9,36.9000,false,1,
<<<<<<< HEAD
7290000493176,false,אסם אבקת רוטב צלי לבשר 22 ג',"אסם השקעות בע""\מ",,אסם אבקת רוטב צלי לבשר 22 ג',יחידה,1,יחידה,false,12.0000,5,5.0000,false,1,
=======
7290000493176,false,אסם אבקת רוטב צלי לבשר 22 ג',קבוצת אוסם סחר שותפות מוגבלת,,אסם אבקת רוטב צלי לבשר 22 ג',יחידה,1,יחידה,false,12.0000,5,5.0000,false,1,
>>>>>>> d048ac2f4f281c9d788043ab4e81b61b0dbe3743
7290000504278,false,ממתיק סוכרזית אריזת פטנט 700 טבליות,אף.סי תבליני בגליל ב,,סוכרזית פטנט 700,יחידה,1,יחידה,false,15.0000,19.9,19.9000,false,1,
7290000518220,false,ממתיק סוכרה דיאט 100 יחידות,מתוק וקל בעמ,,סוכרה דיאט 100 שקיות,יחידה,1,יחידה,false,12.0000,29.9,29.9000,false,1,
7290000518251,false,ממתיק זהב מתוק וקל 100 יחידות,מתוק וקל בע`מ,,מתוק וקל זהב 100 שקיות,יחידה,1,יחידה,false,0.0000,17.9,17.9000,false,1,
7290000518879,false,סוכרה דיאט 250 שקיות אריזת חסכון,מתוק וקל בעמ,,סוכרה דיאט 250 שקיות אריזת חסכון,יחידה,1,יחידה,false,0.0000,55.9,55.9000,false,1,
7290000521022,false,"של סגל, יין לבן חצי יבש 750 מ""ל","מיוצר ע""י כרמי צבי-",,"של סגל, יין לבן חצי יבש 750 מ""ל",יחידה,1,יחידה,false,0.0000,24.9,24.6000,false,1,
7290000523125,false,מלח הארץ הים האדום 250 ג' עדין,"חברת מלח הארץ אילת בע""\מ",,מלח הארץ ים יבש 250 גרם,יחידה,1,יחידה,false,0.0000,6.7,6.7000,false,1,
7290000523224,false,מלח הארץ הים האדום 500 ג' עדין,"חברת מלח הארץ אילת בע""\מ",,"ג' בד""צ 500 מלח הארץ ים יבש",יחידה,1,יחידה,false,0.0000,8.9,8.9000,false,1,
7290000525969,false,מיץ תפוזים סחוט רכיבים טבעיים פרימור 1 ליטר,שטראוס גרופ בעמ/מצונן,,פרימור סחוט 1 ל'- תפוזים,יחידה,1,יחידה,false,0.0000,16.9,16.6000,false,1,
7290000530413,false,המבורגר זהב זוגלובק 400 גרם,נקניק נהריה כשר זוגל,,המבורגר זהב 400,יחידה,1,יחידה,false,0.0000,29.9,29.9000,true,1,
7290000530598,false,נקניקיות עוף וינר זוגלובק 500 גרם,נקניק נהריה כשר זוגל,,וינר גוליבר טרי 500,יחידה,1,יחידה,false,0.0000,15.9,15.9000,false,1,
7290000537566,false,נקניקיות עוף טרי 400 ג' זוגלובק,נקניק נהריה כשר זוגל,,נקניקיות עוף טרי 400,יחידה,1,יחידה,false,0.0000,13.9,13.9000,false,1,
7290000542812,false,"חלה חשופה מתוקה עם שומשום ""אנג'ל""- 13 ש""ח",שלמה א. אנג`ל בעמ,,"חלה חשופה מתוקה עם שומשום ""אנג'ל""- 13 ש""ח",00000,1,00000,false,0.0000,13,13.0000,false,1,
7290000552989,false,בשר טחון טיבון ויל 500 גרם,"טיבון ויל אחזקות בע""\מ",,בשר טחון מובחר 500 ג,יחידה,1,יחידה,false,0.0000,38.9,38.9000,false,1,
7290000554402,false,מעדן חלב מלבי גד (160 גרם),מחלבות גד שיווק 1992 בעמ,,מלבי 5 אחוז 160 גרם גד,יחידה,1,יחידה,false,0.0000,6.9,6.9000,true,1,
7290000554457,false,גבינה צפתית 5% 350 גרם - רבנות,מחלבות גד שיווק 1992 בעמ,,צפתית מיני 5 אחוז 350גרם גד,יחידה,1,יחידה,false,0.0000,22.9,22.9000,false,1,
7290000554471,false,נקניק מוצרלה 22 אחוז 180גרם גד מהדרין,מחלבות גד שיווק 1992 בעמ,,נקניק מוצרלה 22 אחוז 180גרם גד מהדרין,יחידה,1,יחידה,false,0.0000,18.9,18.9000,false,1,
7290000554532,false,גבינה צפתית מעודנת במלח ים 5% 200 ג' גד,מחלבות גד שיווק 1992 בעמ,,צפתית מעודנת מלח ים 200גרם גד,יחידה,1,יחידה,false,0.0000,15.9,15.9000,false,1,
7290000554600,false,מוצרלה מגורדת 22 אחוז 300גרם גד מהדרין,מחלבות גד שיווק 1992 בעמ,,מוצרלה מגורדת 22 אחוז 300גרם גד מהדרין,יחידה,1,יחידה,false,0.0000,28.5,28.5000,false,1,
7290000554624,false,ירח מתוק מעדן חלב עם אורז 3% גד 150 גרם,מחלבות גד שיווק 1992 בעמ,,ירח מתוק 150 גרם גד,יחידה,1,יחידה,false,0.0000,6.5,6.5000,true,1,
7290000554686,false,גבינת לאבנה בתוספת שמן זית וזעתר 5% גד 250 גרם,מחלבות גד שיווק 1992 בעמ,,לבנה שמן זית וזעתר 5 אחוז 250גרם גד,יחידה,1,יחידה,false,0.0000,14.9,14.9000,false,1,
7290000554822,false,ריקוטה גבינה לבנה בסגנון איטלקי 5% גד 250 גרם,מחלבות גד שיווק 1992 בעמ,,ריקוטה טבעית 5% 250 ג' גד,יחידה,1,יחידה,false,0.0000,16.9,16.9000,true,1,
7290000554839,false,מסקרפונה שמנת מתוקה קשה בסגנון איטלקי 40% גד 250 גרם,מחלבות גד שיווק 1992 בעמ,,מסקרפונה 40 אחוז 250גרם גד,יחידה,1,יחידה,false,0.0000,23.9,23.9000,false,1,
7290000560540,false,אדג`פרו ג`ל לגילוח עור רגיש כתום220,המאפיה של הרמן,,ג'ל גילוח אדג' לעור רגיש,יחידה,1,יחידה,false,0.0000,23.9,23.9000,false,1,
7290000561202,false,גרעינים חמניה 200 גרם פיצוחי חממה,בוטנת בעמ חברה לקלייה ואריזת פ,,גרעינים חמניה 200 גרם פיצוחי חממה,יחידה,1,יחידה,false,0.0000,6.5,6.5000,false,1,
7290000561233,false,בוטן קלוף קלוי פיצוחי חממה (200 גרם),בוטנת בעמ חברה לקלייה ואריזת פ,,בוטנים קלויים 200 גרם פיצוחי חממה,יחידה,1,יחידה,false,0.0000,9.5,9.5000,false,1,
7290000561363,false,גרעיני אבטיח 200 גרם פיצוחי חממה,בוטנת בעמ חברה לקלייה ואריזת פ,,גרעיני אבטיח 200 גרם פיצוחי חממה,יחידה,1,יחידה,false,0.0000,13.9,13.9000,false,1,
7290000561561,false,מנצ`יס פיצוחי חממה (200 גרם),בוטנת בעמ חברה לקלייה ואריזת פ,,מנצ'יס 200 גרם פיצוחי חממה,יחידה,1,יחידה,false,0.0000,10,10.0000,false,1,
7290000561585,false,קבוקים 200 גרם פיצוחי חממה,בוטנת בעמ חברה לקלייה ואריזת פ,,קבוקים 200 גרם פיצוחי חממה,יחידה,1,יחידה,false,0.0000,8.5,8.5000,false,1,
7290000561714,false,צנובר פיצוחי חממה (100 גרם),בוטנת בעמ חברה לקלייה ואריזת פ,,צנובר 100 גרם פיצוחי חממה,יחידה,1,יחידה,false,0.0000,22.9,22.9000,false,1,
7290000571232,false,גבינת גאודה טבעית פרוס 30% המחלווה 150ג',גבינות משק אחים מאיר בית,,גבינת גאודה פרוסה 200 גרם,יחידה,1,יחידה,false,0.0000,25.9,25.9000,false,1,
7290000571386,false,המחלבה יוגורמה יוגורט מחלב כבשים 5% 850 גרם,גבינות משק אחים מאיר בית,,המחלבה יוגורמה יוגורט מחלב כבשים 5% 850 גרם,יחידה,1,יחידה,false,0.0000,27.9,27.9000,false,1,
7290000571393,false,המחלבה יוגורמה יוגורט מחלב כבשים 5% 140 גרם,מחלבות גד שיווק 1992 בעמ,,המחלבה יוגורמה יוגורט מחלב כבשים 5% 140 גרם,יחידה,1,יחידה,false,0.0000,6.5,6.5000,false,1,
7290000571478,false,גבינת עיזים תום פרוסה המחלבה (200 גרם),גבינות משק אחים מאיר בית,,גאודה-תום פרוסה 200 גרם,יחידה,1,יחידה,false,0.0000,40,40.0000,false,1,
7290000571843,false,המחלבה יוגורמה גביע מחלב עזים 140 גרם,גבינות משק אחים מאיר בית,,המחלבה יוגורמה גביע מחלב עזים 140 גרם,יחידה,1,יחידה,false,0.0000,6.5,6.5000,false,1,
7290000572208,false,חלוה בטעם וניל אחווה 100 גרם,שוורצקוף& הנקל דיסלד,,חלוה בטעם וניל אחווה 100 גרם,יחידה,1,יחידה,false,20.0000,4.9,4.9000,false,1,
7290000572529,false,חלוה עם פיסטוק אחווה 400 גרם,אחדות ביתחרושת לטחינה חלבה,,חלוה עם פיסטוק אחווה 400 גרם,יחידה,1,יחידה,false,0.0000,16,16.0000,false,1,
7290000572536,false,אחווה חלווה ווניל במגש 400 גר,אחדות ביתחרושת לטחינה חלבה,,חלוה בטעם וניל אחווה 400 גרם,יחידה,1,יחידה,false,12.0000,11,11.0000,false,1,
7290000572628,false,חלבה חטיף לייט 25 ג* 11יח קופ`שי אחוה,שוורצקוף& הנקל דיסלד,,חלבה לייט חטיפים,יחידה,1,יחידה,false,0.0000,17,17.0000,false,1,
7290000573854,false,שומשום/בוטנים/קוקוס ענק,,,שומשום/בוטנים/קוקוס ענק,יחידה,1,יחידה,false,24.0000,5.9,5.9000,false,1,
<<<<<<< HEAD
7290000644783,false,נתחי פילה סלמון קפוא קג,דגי תנובה,,"סלמון מנות קפוא ""תנובה""","ק""ג",1,"ק""ג",true,0.0000,119.9,119.9000,false,1,
7290000652542,false,פילה אמנון קפוא 5-7 קג,דגי תנובה,,פילה אמנון קפוא 5-7,"ק""ג",1,"ק""ג",true,0.0000,39.9,39.9000,false,1,
7290000662817,false,סלמון מעושן 100 גרם נורבגי מדג טרי,דגיים קפואים,,סלמון מעושן 100 גרם,00000,1,00000,false,0.0000,21.8,21.8000,false,1,
7290000688077,false,"מי עדן 0.500 מ""ל פקק רגיל",מופק ממקור בזלתי עדן,,"מי עדן 500 מ""ל פקק רגיל",יחידה,1,יחידה,false,24.0000,5,4.7000,false,1,
7290000688381,false,שישיית מי עדן פקק ספורט 0.5 ליטר,"מופק ממקור בזלתי עדן ,1",,"מי עדן 500 מ""ל ספורט מארז שישייה",יחידה,1,יחידה,false,4.0000,15,13.2000,false,1,
7290000688503,false,"מים מינרלים פקק ספורט מי עדן 6*750 מ""ל","מופק ממקור בזלתי עדן ,1",,מי עדן 750 מ'ל מארז שישייה,יחידה,1,יחידה,false,0.0000,19,17.2000,false,1,
7290000961804,false,תבלין עמבה,ברכת קטיף,,דלעת ארוזה,"ק""ג",1,"ק""ג",true,0.0000,18,18.0000,false,1,
=======
7290000644783,false,נתחי פילה סלמון קפוא קג,תנובה קפואים,,"סלמון מנות קפוא ""תנובה""","ק""ג",1,"ק""ג",true,0.0000,119.9,119.9000,false,1,
7290000652542,false,פילה אמנון 5-7 100% דג- תנובה,תנובה קפואים,,פילה אמנון קפוא 5-7,"ק""ג",1,"ק""ג",true,0.0000,39.9,39.9000,false,1,
7290000662817,false,סלמון מעושן 100 גרם נורבגי מדג טרי,תנובה ענף ב.ע.ד,,סלמון מעושן 100 גרם,00000,1,00000,false,0.0000,21.8,21.8000,false,1,
7290000688077,false,"מי עדן 0.500 מ""ל פקק רגיל",יפאורה שותפות מוגבלת לשיווק,,"מי עדן 500 מ""ל פקק רגיל",יחידה,1,יחידה,false,24.0000,5,4.7000,false,1,
7290000688381,false,מים מינרלים פקק ספורט מי עדן (500x6 מל),יפאורה שותפות מוגבלת לשיווק,,"מי עדן 500 מ""ל ספורט מארז שישייה",יחידה,1,יחידה,false,4.0000,15,13.2000,false,1,
7290000688503,false,"מים מינרלים פקק ספורט מי עדן 6*750 מ""ל",יפאורה שותפות מוגבלת לשיווק,,מי עדן 750 מ'ל מארז שישייה,יחידה,1,יחידה,false,0.0000,19,17.2000,false,1,
7290000961804,false,תבלין עמבה,"בכורי השדה צפון1994 ג.ד. בע""מ",,דלעת ארוזה,"ק""ג",1,"ק""ג",true,0.0000,18,18.0000,false,1,
>>>>>>> d048ac2f4f281c9d788043ab4e81b61b0dbe3743
7290000990224,false,"מיקס מובחר 250 גרם ""סופר יודה""",,,"מיקס מובחר 250 גרם ""סופר יודה""",יחידה,1,יחידה,false,0.0000,26.9,26.9000,false,1,
7290000990385,false,"""סופר יודה"" בננה מיובשת 150 גרם",,,"""סופר יודה"" בננה מיובשת 150 גרם",יחידה,1,יחידה,false,0.0000,14.9,14.9000,false,1,
7290000990408,false,"שקד קלוי 200 גרם ""סופר יודה""",,,"שקד קלוי 200 גרם ""סופר יודה""",יחידה,1,יחידה,false,0.0000,22.9,22.9000,false,1,
7290000990415,false,"קשיו קלוי 200 גרם ""סופר יודה""",,,"קשיו קלוי 200 גרם ""סופר יודה""",יחידה,1,יחידה,false,0.0000,22.9,22.9000,false,1,
7290000990422,false,"פיסטוק קלוי 200 גרם ""סופר יודה""",,,"פיסטוק קלוי 200 גרם ""סופר יודה""",יחידה,1,יחידה,false,0.0000,22.9,22.9000,false,1,
7290000990668,false,"""סופר יודה"" מנגו טבעי 200 גרם",,,"""סופר יודה"" מנגו טבעי 200 גרם",יחידה,1,יחידה,false,0.0000,19.9,19.9000,false,1,
7290000994871,false,"תמר מג'הול 300 גרם ""סופר יודה""",,,"תמר מג'הול 300 גרם ""סופר יודה""",יחידה,1,יחידה,false,0.0000,19.9,19.9000,false,1,
7290001002803,false,"חומוס מי ומי 250 גרם ""סומך""",,,"חומוס מי ומי 250 גרם ""סומך""",יחידה,1,יחידה,false,0.0000,15.9,15.9000,false,1,
<<<<<<< HEAD
7290001045169,false,מיץ תפוחי עץ צלול פרימור 1 ליטר,"גניר (1992) בע""מ",,פרימור סחוט 1 ל'- תפוחים,יחידה,1,יחידה,false,0.0000,16.9,16.6000,false,1,
7290001045633,false,פרימור מיץ לימון ונענע סחוט טרי 400מל,פרימור,,"פרימור סחוט 400 מ""ל- לימונענע",יחידה,1,יחידה,false,0.0000,10,9.7000,false,1,
7290001045657,false,פרימור מיץ תפוחים סחוט מקורר 400מל,פרימור,,"פרימור סחוט 400 מ""ל- תפוחים",יחידה,1,יחידה,false,0.0000,10,9.7000,false,1,
7290001045688,false,"מיץ תפוזים סחוט פרימור 400 מ""ל",פרימור,,"פרימור סחוט 400 מ""ל- תפוזים",יחידה,1,יחידה,false,0.0000,10,9.7000,false,1,
=======
7290001045169,false,מיץ תפוחי עץ צלול פרימור 1 ליטר,שטראוס גרופ בעמ/מצונן,,פרימור סחוט 1 ל'- תפוחים,יחידה,1,יחידה,false,0.0000,16.9,16.6000,false,1,
7290001045633,false,פרימור מיץ לימון ונענע סחוט טרי 400מל,שטראוס גרופ בעמ/מצונן,,"פרימור סחוט 400 מ""ל- לימונענע",יחידה,1,יחידה,false,0.0000,10,9.7000,false,1,
7290001045657,false,פרימור מיץ תפוחים סחוט מקורר 400מל,שטראוס גרופ בעמ/מצונן,,"פרימור סחוט 400 מ""ל- תפוחים",יחידה,1,יחידה,false,0.0000,10,9.7000,false,1,
7290001045688,false,"מיץ תפוזים סחוט פרימור 400 מ""ל",שטראוס גרופ בעמ/מצונן,,"פרימור סחוט 400 מ""ל- תפוזים",יחידה,1,יחידה,false,0.0000,10,9.7000,false,1,
>>>>>>> d048ac2f4f281c9d788043ab4e81b61b0dbe3743
7290001113585,false,"קבוקים 200 גרם ""סופר יודה""",,,"קבוקים 200 גרם ""סופר יודה""",יחידה,1,יחידה,false,0.0000,11.9,11.9000,false,1,
7290001121979,false,נקניק סלמי הרץ מעדני יחיעם 150 גרם,מעדני יחיעם ( 1993 ) בע`מ,,סלמי הרץ 150 ג' יחיעם,יחידה,1,יחידה,false,0.0000,27.9,27.9000,false,1,
7290001216040,false,טחינה גולמית שומשום טהור אל ארז 500 גרם,אגס ירוק מסחר ושירותים,,טחינה גולמית שומשום טהור אל ארז 500 גרם,יחידה,1,יחידה,false,24.0000,19.9,19.9000,false,1,
7290001216231,false,טחינה גולמית שומשום מלא אל ארז 500 גרם,אגס ירוק מסחר ושירותים,,טחינה גולמית שומשום מלא אל ארז 500 גרם,יחידה,1,יחידה,false,24.0000,21.9,21.9000,false,1,
7290001247099,false,קרטונית נקטר ספרינג מנגו 1 ליטר,יפאורה שותפות מוגבלת לשיווק,,קרטונית נקטר ספרינג מנגו 1 ליטר,יחידה,1,יחידה,false,15.0000,7.5,7.5000,true,1,
7290001274934,false,"שמיניית גלידל פרי לימון ""פלדמן""",הגלידות של פלדמן,,"שמיניית גלידל פרי לימון ""פלדמן""",יחידה,1,יחידה,false,0.0000,28.9,28.9000,false,1,
7290001274941,false,"שמיניית גלידל פרי פטל ""פלדמן""",הגלידות של פלדמן,,"שמיניית גלידל פרי פטל ""פלדמן""",יחידה,1,יחידה,false,0.0000,28.9,28.9000,false,1,
7290001302279,false,אוסם - במבה קלאסי 60 גרם,מיוצר עי קונדיטוריית,,במבה קלאסי 60 גרם אסם,יחידה,1,יחידה,false,48.0000,4.8,4.8000,true,1,
7290001305058,false,"פלמוליב - נטורלס תחליב רחצה חלב ודבש 500 מ""ל",הנסיך- מפעל לייצור ט,,"ס. נוזלי לידיים חלב ודבש 500 מ""ל ""פלמוליב""",יחידה,1,יחידה,false,0.0000,17.9,17.9000,false,1,
7290001305188,false,"נוזל לניקוי כלים בריח לימון פלמוליב 750 מ""ל",יבואן ומשווק: ש. שסט,,פלמוליב לכלים,יחידה,1,יחידה,false,0.0000,13.9,13.9000,false,1,
7290001327180,false,שטראוס קרמיסימו וניל ציפ 1.33 ליטר,"גלידת שטראוס בע""\מ, רחוב",,"קרמיסימו וניל צ'יפ ""שטראוס""",יחידה,1,יחידה,false,6.0000,22.9,22.9000,false,1,
7290001346747,false,"בוטנים 200 גרם ""סופר יודה""",,,"בוטנים 200 גרם ""סופר יודה""",יחידה,1,יחידה,false,0.0000,14.9,14.9000,false,1,
7290001407936,false,בארכה-טחינה גולמית מעודנת בקבוק לחיץ 310 ג',קבוצת אוסם סחר שותפות מוגבלת,,בארכה טחינה מעודנת 310 גרם,יחידה,1,יחידה,false,12.0000,13.9,13.9000,false,1,
7290001468753,false,קמח תפוחי אדמה 500 ג' נאמן,תבליני ביטון,,קמח תפוחי אדמה,יחידה,1,יחידה,false,0.0000,7.9,7.9000,false,1,
7290001468760,false,פחמים דחוס 3קג,CARBONBRIQMA,,פחם דחוס,יחידה,1,יחידה,false,0.0000,19,19.0000,false,1,
<<<<<<< HEAD
7290001468876,false,שיפודי מעץ,,,שיפודי מעץ,יחידה,1,יחידה,false,0.0000,3,3.0000,false,1,
7290001482186,false,אננס חתוך בסירופ קל ויליפוד 565 גרם,הנסיך- מפעל לייצור ט,,אננס חתוך ויליפוד 567 גרם,יחידה,1,יחידה,false,0.0000,10.9,10.9000,false,1,
=======
7290001468876,false,שיפודים מעץ,נאמן לאורך זמן בעמ,,שיפודי מעץ,יחידה,1,יחידה,false,0.0000,3,3.0000,false,1,
7290001482186,false,אננס חתוך בסירופ קל ויליפוד 565 גרם,ג.וילי-פוד אינטרנשיונל בעמ,,אננס חתוך ויליפוד 567 גרם,יחידה,1,יחידה,false,0.0000,10.9,10.9000,false,1,
>>>>>>> d048ac2f4f281c9d788043ab4e81b61b0dbe3743
7290001507339,false,פתיתי כוסמין אורגניים קוסקוס 400 גרם,השדה מוצרים אורגניים,,פתיתי כוסמין אורגניים קוסקוס 400 גרם,יחידה,1,יחידה,false,12.0000,18.9,18.9000,false,1,
7290001509326,false,פילה פטם ארוז קפוא פרימיום,,,פילה פטם ארוז קפוא פרימיום,00000,1,00000,true,0.0000,54.9,54.9000,false,1,
7290001548110,false,סלט חצילים סלוניקי 250 גרם,ירין חזון שיווק ומזון,,סלט חצילים סלוניקי,יחידה,1,יחידה,false,0.0000,17.9,17.9000,false,1,
7290001548134,false,כרוב לבן שום שמיר 250 גרם,סלטי מונטה קרלו,,כרוב לבן שום שמיר 250 גרם,00000,1,00000,false,0.0000,14.9,14.9000,false,1,
7290001548288,false,"סלט חומוס גרגרירים פיקנטיים ""מונטה קרלו""",מונטה קרלו,,"סלט חומוס גרגרירים פיקנטיים ""מונטה קרלו""",יחידה,1,יחידה,false,0.0000,14.9,14.9000,false,1,
7290001548325,false,סלט טונה ירקות מונטה קרלו 250 גרם,ירין חזון שיווק ומזון,,סלט טונה וירקות,יחידה,1,יחידה,false,0.0000,23.9,23.9000,false,1,
7290001548349,false,"סלט תפו""א במיונז בייתי 250 גרם",ירין חזון שיווק ומזון,,"סלט תפו""א במיונז ביתי 250 גרם",00000,1,00000,false,0.0000,14.9,14.9000,false,1,
7290001548356,false,סלט חצילים במיונז בייתי 250 גרם,ירין חזון שיווק ומזון,,סלט חצילים במיונז,יחידה,1,יחידה,false,0.0000,17.9,17.9000,false,1,
7290001548387,false,כרוב סיני מונטה קרל,מונטה קרלו,,כרוב סיניו 250 גרם,יחידה,1,יחידה,false,0.0000,15.9,15.9000,false,1,
<<<<<<< HEAD
7290001548400,false,"סלט חומוס זהב ""מונטה 'קרלו""",מונטה קרלו,,"סלט חומוס זהב ""מונטה 'קרלו""",00000,1,00000,false,0.0000,14.9,14.9000,false,1,
=======
7290001548400,false,חומוס זהב מונטה קרלו 250 גרם,ירין חזון שיווק ומזון,,"סלט חומוס זהב ""מונטה 'קרלו""",00000,1,00000,false,0.0000,14.9,14.9000,false,1,
>>>>>>> d048ac2f4f281c9d788043ab4e81b61b0dbe3743
7290001548424,false,כרוב קולסלאו מונטה,סלטי מונטה קרלו,,כרוב קולסלו 250 גרם,00000,1,00000,false,0.0000,14.9,14.9000,false,1,
7290001548714,false,"סלט איקרה ורודה 250 גרם ""מונטה קרלו""",מונטה קרלו,,"סלט איקרה ורודה 250 גרם ""מונטה קרלו""",יחידה,1,יחידה,false,0.0000,20.9,20.9000,false,1,
7290001548813,false,"טחינה זהב לבנה ,מונטה קרלו 250 גרם",,,"טחינה זהב לבנה ,מונטה קרלו 250 גרם",יחידה,1,יחידה,false,0.0000,13.9,13.9000,false,1,
7290001548967,false,חציל תאילנדי צילי 25,סלטי מונטה קרלו,,סלט חצילים תאילנדי,יחידה,1,יחידה,false,0.0000,17.9,17.9000,false,1,
<<<<<<< HEAD
7290001594155,false,"קוקה-קולה בבקבוק אישי 500 מ""ל",החברה המרכזית לייצור משקאות,,"קוקה-קולה בבקבוק אישי 500 מ""ל",יחידה,1,יחידה,false,24.0000,7.5,7.2000,false,1,
7290001594186,false,"דיאט קוקה-קולה בבקבוק אישי 500 מ""ל",החברה המרכזית לייצור משקאות,,דיאט קוקה-קולה בבקבוק אישי,יחידה,1,יחידה,false,24.0000,7.5,7.2000,false,1,
7290001594230,false,קינלי סודה בבקבוק זכוכית,החברה המרכזית לייצור,,קינלי סודה בבקבוק זכוכית,יחידה,1,יחידה,false,24.0000,5,4.7000,false,1,
7290001594377,false,פריגת תפוזים 0.5 ליטר חייב בפקדון,מבשלות בירה בינלאומיות ב,,פריגת משקה קל תפוזים,יחידה,1,יחידה,false,24.0000,7,6.7000,false,1,
7290001594384,false,פריגת אשכוליות 0.5 ליטר חייב בפקדון,מבשלות בירה בינלאומיות ב,,פריגת משקה קל אשכוליות,יחידה,1,יחידה,false,24.0000,7,6.7000,false,1,
7290001594391,false,"פריגת משקה קל ענבים בבקבוק אישי 500 מ""ל",מבשלות בירה בינלאומיות ב,,פריגת משקה קל ענבים,יחידה,1,יחידה,false,24.0000,7,6.7000,false,1,
7290001594520,false,"בירה טובורג רד בקבוק 330 מ""ל",מבשלות בירה בינלאומיות ב,,"טובורג בקבוק 330 מ""ל פקדון",יחידה,1,יחידה,false,24.0000,9,8.7000,false,1,
7290001594858,false,"שישייה בירה טובורג רד בקבוק 330 מ""ל",מבשלות בירה בינלאומיות ב,,טובורג רד מארז שישייה,יחידה,1,יחידה,false,4.0000,51.9,50.1000,true,1,
7290001594865,false,"שישייה בירה קרלסברג בקבוק 330 מ""ל",מבשלות בירה בינלאומיות ב,,קרלסברג מארז שישייה,יחידה,1,יחידה,false,4.0000,52.9,51.1000,true,1,
=======
7290001594155,false,"קוקה-קולה בבקבוק אישי 500 מ""ל",החברה המרכזית להפצת משקאות בעמ,,"קוקה-קולה בבקבוק אישי 500 מ""ל",יחידה,1,יחידה,false,24.0000,7.5,7.2000,false,1,
7290001594186,false,"דיאט קוקה-קולה בבקבוק אישי 500 מ""ל",החברה המרכזית להפצת משקאות בעמ,,דיאט קוקה-קולה בבקבוק אישי,יחידה,1,יחידה,false,24.0000,7.5,7.2000,false,1,
7290001594230,false,קינלי סודה בבקבוק זכוכית,החברה המרכזית להפצת משקאות בעמ,,קינלי סודה בבקבוק זכוכית,יחידה,1,יחידה,false,24.0000,5,4.7000,false,1,
7290001594377,false,פריגת תפוזים 0.5 ליטר חייב בפקדון,החברה המרכזית להפצת משקאות בעמ,,פריגת משקה קל תפוזים,יחידה,1,יחידה,false,24.0000,7,6.7000,false,1,
7290001594384,false,פריגת אשכוליות 0.5 ליטר חייב בפקדון,החברה המרכזית להפצת משקאות בעמ,,פריגת משקה קל אשכוליות,יחידה,1,יחידה,false,24.0000,7,6.7000,false,1,
7290001594391,false,"פריגת משקה קל ענבים בבקבוק אישי 500 מ""ל",החברה המרכזית להפצת משקאות בעמ,,פריגת משקה קל ענבים,יחידה,1,יחידה,false,24.0000,7,6.7000,false,1,
7290001594520,false,"בירה טובורג רד בקבוק 330 מ""ל",החברה המרכזית להפצת משקאות בעמ,,"טובורג בקבוק 330 מ""ל פקדון",יחידה,1,יחידה,false,24.0000,9,8.7000,false,1,
7290001594858,false,מארז שישייה בירה טובורג רד (330x6 מל),החברה המרכזית להפצת משקאות בעמ,,טובורג רד מארז שישייה,יחידה,1,יחידה,false,4.0000,51.9,50.1000,true,1,
7290001594865,false,"שישייה בירה קרלסברג בקבוק 330 מ""ל",החברה המרכזית להפצת משקאות בעמ,,קרלסברג מארז שישייה,יחידה,1,יחידה,false,4.0000,52.9,51.1000,true,1,
>>>>>>> d048ac2f4f281c9d788043ab4e81b61b0dbe3743
7290001598528,false,לחם כוסמין 100% 450ג' הברון,מאפיית יוסף ברון בעמ,,לחם כוסמין מלא %100,יחידה,1,יחידה,false,0.0000,15.9,15.9000,false,1,
7290001598573,false,לחמניות כוסמין 5 יח 99 קלוריות,מאפיית יוסף ברון בעמ,,לחמניות כוסמין מלא %100,יחידה,1,יחידה,false,0.0000,14.9,14.9000,false,1,
7290001598580,false,פיתות כוסמין 6יח 99 קלוריות,מאפיית יוסף ברון בעמ,,פיתות כוסמין מלא 100%,יחידה,1,יחידה,false,0.0000,16.9,16.9000,false,1,
7290001598597,false,פיתה כוסמין 99 קלוריות,,,פיתה כוסמין 99 100%,יחידה,1,יחידה,false,0.0000,16.9,16.9000,false,1,
7290001598856,false,פיתות כוסמין ביס חמש,,,פיתות כוסמין ביס 100%,יחידה,1,יחידה,false,0.0000,16.9,16.9000,false,1,
<<<<<<< HEAD
7290001670064,false,סכינים חד פעמי לבן 100 יח',קריות זול,,סכינים חד פעמי-הנמל100,יחידה,1,יחידה,false,0.0000,16.9,16.9000,true,1,
7290001670071,false,כפות חד פעמי לבן 100 יח',הנמל אריזות ושיווק ב,,חבילת כפות 100 יחידות,יחידה,1,יחידה,false,0.0000,16.9,16.9000,true,1,
=======
7290001670064,false,סכינים חד פעמי לבן 100 יח',הנמל אריזות ושיווק (1984) בעמ,,סכינים חד פעמי-הנמל100,יחידה,1,יחידה,false,0.0000,16.9,16.9000,true,1,
7290001670071,false,כפות חד פעמי לבן 100 יח',הנמל אריזות ושיווק (1984) בעמ,,חבילת כפות 100 יחידות,יחידה,1,יחידה,false,0.0000,16.9,16.9000,true,1,
>>>>>>> d048ac2f4f281c9d788043ab4e81b61b0dbe3743
7290001670736,false,כפפות נילון שקוף 100 יחידות,יבוא ושיווק: הנמל אר,,כפפות חד פעמיות,יחידה,1,יחידה,false,0.0000,6,6.0000,false,1,
7290001696729,false,פקאן טבעי פיצוחי חממה (100 גרם),בוטנת בעמ חברה לקלייה ואריזת פ,,פקאן טבעי 100 גרם פיצוחי חממה,יחידה,1,יחידה,false,0.0000,13.9,13.9000,false,1,
7290001696736,false,פקאן סיני פיצוחי חממה (100 גרם),בוטנת בעמ חברה לקלייה ואריזת פ,,פקאן סיני 100 גרם פיצוחי חממה,יחידה,1,יחידה,false,0.0000,15.9,15.9000,false,1,
7290001696767,false,בוטן בקליפה קלוי 200 גרם פיצוחי חממה,,,בוטן בקליפה קלוי 200 גרם פיצוחי חממה,יחידה,1,יחידה,false,0.0000,7.5,7.5000,false,1,
7290001780428,false,מאגדת גלידת לייט שוקולד נסטלה 6יח' 312ג',נגה גלידות שותפות מוגבלת,,מאגדת שלגוני לייט שוקולד כלפ.6 6*52ג,יחידה,1,יחידה,false,6.0000,36.9,36.9000,false,1,
7290001985007,false,שלגון מצופה שוקו שוקו 60יג',גלידות שטראוס בעמ,,שוקו בננה,יחידה,1,יחידה,false,0.0000,5,5.0000,false,1,
7290001990094,false,"סוכר חום כהה צנצנת קלאסי סוגת 1ק""ג",האי נאם סי או אל.טי.,,"סוכר חום כהה בצנצנת 1 ק""ג סוגת",יחידה,1,יחידה,false,0.0000,17.9,17.9000,false,1,
7290002007029,false,קוקוס טחון 100 ג' הנמל,יבוא ושיווק: הנמל אר,,קוקוס -לעוגה,יחידה,1,יחידה,false,0.0000,4,4.0000,true,1,
<<<<<<< HEAD
7290002007371,false,פירורי לחם הנמל 500 ג',הנמל,,'פרורי לחם 500ג,יחידה,1,יחידה,false,0.0000,7,7.0000,false,1,
7290002007487,false,צמר פלדה הנמל 100 גרם,"איטיליאן פוד, אס.פי.",,צמר פלדה,יחידה,1,יחידה,false,0.0000,5.9,5.9000,false,1,
7290002008071,false,גביעי נייר מספר 2 הנמל 1 יחידה,"הנמל אריזות ושיווק בע""\מ",,עטרות - לעוגה,יחידה,1,יחידה,false,0.0000,6,6.0000,false,1,
7290002008149,false,מדליק פחם מוצק הנמל אריזת 40יח',מ.א.יצור ויבוא מטליו,,מדליק פחם,יחידה,1,יחידה,false,0.0000,8,8.0000,false,1,
7290002008187,false,קשים מתקפלים לשתיה הנמל 40 יחידות,יבוא ושיווק: הנמל אריזות,,קשים מתקפלים,יחידה,1,יחידה,false,0.0000,3,3.0000,false,1,
7290002008507,false,נייר אפיה הנמל 50 יחידות,"הנמל אריזות ושיווק בע""\מ",,נייר אפייה 50 יחידות,יחידה,1,יחידה,false,0.0000,11,11.0000,false,1,
7290002008743,false,סוכר וניל עשירייה הנמל 100 גרם,"מיוצר וארוז ע""י: ר.ס",,אבקת סוכר וניל,יחידה,1,יחידה,false,0.0000,3,3.0000,false,1,
7290002019787,false,רוטב עגבניות מרוכז מאוד 260 גרם פריניר,פריניר ( הדס 1987) ב,,רסק עגבניות 22% פריניר 260 גרם,יחידה,1,יחידה,false,48.0000,5.2,5.2000,false,1,
7290002019794,false,רוטב עגבניות מרוכז מאוד 100 גרם פריניר,פריניר ( הדס 1987) ב,,רסק עגבניות 22% פריניר 100 גרם,יחידה,1,יחידה,false,120.0000,2.6,2.6000,false,1,
7290002040019,false,קוסקוס רגיל הנמל 350 גרם,"קוסקוס מזון בע""מ",,קוסקוס שקית,יחידה,1,יחידה,false,0.0000,5.9,5.9000,false,1,
7290002040064,false,קוסקוס דק הנמל 350 גרם,טרופיקל דגיל תעשיות,,'קוסקוס דק 503גר,יחידה,1,יחידה,false,0.0000,5.9,5.9000,false,1,
=======
7290002007371,false,פירורי לחם הנמל 500 ג',הנמל אריזות ושיווק 1984 בע`מ,,'פרורי לחם 500ג,יחידה,1,יחידה,false,0.0000,7,7.0000,false,1,
7290002007487,false,צמר פלדה הנמל 100 גרם,הנמל אריזות ושיווק (1984) בעמ,,צמר פלדה,יחידה,1,יחידה,false,0.0000,5.9,5.9000,false,1,
7290002008071,false,גביעי נייר מספר 2 הנמל 1 יחידה,הנמל אריזות ושיווק (1984) בעמ,,עטרות - לעוגה,יחידה,1,יחידה,false,0.0000,6,6.0000,false,1,
7290002008149,false,מדליק פחם מוצק הנמל אריזת 40יח',הנמל אריזות ושיווק (1984) בעמ,,מדליק פחם,יחידה,1,יחידה,false,0.0000,8,8.0000,false,1,
7290002008187,false,קשים מתקפלים לשתיה הנמל 40 יחידות,הנמל אריזות ושיווק 1984 בע`מ,,קשים מתקפלים,יחידה,1,יחידה,false,0.0000,3,3.0000,false,1,
7290002008507,false,נייר אפיה הנמל 50 יחידות,הנמל אריזות ושיווק (1984) בעמ,,נייר אפייה 50 יחידות,יחידה,1,יחידה,false,0.0000,11,11.0000,false,1,
7290002008743,false,סוכר וניל עשירייה הנמל 100 גרם,הנמל אריזות ושיווק 1984 בע`מ,,אבקת סוכר וניל,יחידה,1,יחידה,false,0.0000,3,3.0000,false,1,
7290002019787,false,רוטב עגבניות מרוכז מאוד 260 גרם פריניר,ח.כהן סוכנות מזון ומשקאות בע,,רסק עגבניות 22% פריניר 260 גרם,יחידה,1,יחידה,false,48.0000,5.2,5.2000,false,1,
7290002019794,false,רוטב עגבניות מרוכז מאוד 100 גרם פריניר,ח.כהן סוכנות מזון ומשקאות בע,,רסק עגבניות 22% פריניר 100 גרם,יחידה,1,יחידה,false,120.0000,2.6,2.6000,false,1,
7290002040019,false,קוסקוס רגיל מזון קוסקוס (350 גרם),הנמל אריזות ושיווק (1984) בעמ,,קוסקוס שקית,יחידה,1,יחידה,false,0.0000,5.9,5.9000,false,1,
7290002040064,false,קוסקוס דק להכנה מהירה בשקית 350 גרם,הנמל אריזות ושיווק (1984) בעמ,,'קוסקוס דק 503גר,יחידה,1,יחידה,false,0.0000,5.9,5.9000,false,1,
>>>>>>> d048ac2f4f281c9d788043ab4e81b61b0dbe3743
7290002065555,false,שישיית לחמנייה הכי רכה בהפסקה אנג'ל 450 גרם,מאפיית שלמה א. אנג'\ל בע,,"לחמניות שישיה בשקית ""אנג'ל""",יחידה,1,יחידה,false,0.0000,12.9,12.9000,false,1,
7290002065616,false,לחם שיפון גרעינים פרוס אחדות (750 גרם),מאפיית שלמה א. אנג'\ל בע,,"לחם שיפון גרעינים ""אנג'ל""",יחידה,1,יחידה,false,0.0000,15.8,15.8000,false,1,
7290002075035,false,אובלטים מלוחים דקיקים ברט (500 גרם),שוקוטרייד בעמ,,אובלטים,יחידה,1,יחידה,false,0.0000,21.9,21.9000,false,1,
7290002107491,false,גבינה לבנה מחלב עיזים למריחה 5% משק צוריאל 250 גרם,החברה המרכזית טלהפצת משקאות בע,,"גבינת עיזים למריחה 5%, 250 גרם",יחידה,1,יחידה,false,0.0000,15.9,15.9000,false,1,
7290002128205,false,נרות לא נוטפים 45יח-מנורה,,,נרות חנוכה,יחידה,1,יחידה,false,24.0000,10.9,10.9000,false,1,
7290002128311,false,נר נשמה בכוס זכוכית שבועי מנורה שי נר,"מנורה שי נר בע""מ",,נר נשמה כוס,יחידה,1,יחידה,false,12.0000,13.9,13.9000,false,1,
7290002128403,false,נרות שבת אורה מס 4 מנורה שי נר,אבאל יזמות בעמ,,נרות שולחן אורה 4 יחידות,יחידה,1,יחידה,false,50.0000,4.9,4.9000,false,1,
7290002128946,false,נר נשמה בכוס ל48 שעות מנורה שי נר,מנורה אור חדש בעמ,,נר נשמה כוס,יחידה,1,יחידה,false,24.0000,6,6.0000,false,1,
7290002130567,false,דבש דבורים טהור פרחי בר יד מרדכי 350 גרם,מכוורת יד מרדכי שטראוס ב,,דבש טהור 350 ג' יד מרדכי,יחידה,1,יחידה,false,12.0000,23.9,23.9000,false,1,
7290002211044,false,"סולת חיטה 1 ק""ג טחנת רוט",טחנת קמח רוט קרית גת,,סולת 1 ק'ג,יחידה,1,יחידה,false,0.0000,7.9,7.9000,false,1,
7290002211112,false,"קמח לבן 1 ק""ג כחול טחנת רוט",,,"קמח {כחול} ""רוט"" 1 ק""ג",יחידה,1,יחידה,false,0.0000,5.2,5.2000,false,1,
<<<<<<< HEAD
7290002253006,false,שום כתוש דורות בצנצנת 200 גרם,עיצובים 2020 (3.8),,דורות שום כתוש טרי 200 גרם,יחידה,1,יחידה,false,24.0000,24.9,24.9000,false,1,
7290002253105,false,קוביות שום כתוש טרי דורות 80 גרם,עיצובים 2020 (3.8),,דורות קוביות שום טרי 70 גרם,יחידה,1,יחידה,false,32.0000,11.9,11.9000,false,1,
7290002259640,false,דיימונד רדיד אלומיניום צר 30 ס''מ 7.5 מ'-,ריינולדס מוצרי צריכה,,רדיד קצר,יחידה,1,יחידה,false,0.0000,14.9,14.9000,false,1,
7290002319528,false,קמח מצה חמץ 200 גר' מיה,מיה תעשיות מזון,,קמח מצה מיה,יחידה,1,יחידה,false,0.0000,5.9,5.9000,false,1,
7290002331018,false,"נביעות מים עם פקק ספורט 500מ""ל",נביעות טבע הגליל בעמ,,נביעות 500 פ.שטוח פיקדון,יחידה,1,יחידה,false,24.0000,5,4.7000,false,1,
7290002331124,false,נביעות+ מים מינרליים בטעם תפוח,נביעות טבע הגליל בעמ,,נביעות+ מים מינרליים בטעם תפוח,יחידה,1,יחידה,false,24.0000,8.5,8.2000,false,1,
7290002331155,false,מים נביעות בטעם אפרסק 0.5 ליטר,נביעות טבע הגליל בעמ,,"נביעות + אפרסק 500 מ""ל",יחידה,1,יחידה,false,24.0000,8.5,8.2000,false,1,
7290002331162,false,נביעות מים מינרלים 1.5ל',נביעות,,בקבוק נביעות 1.5 ליטר,יחידה,1,יחידה,false,0.0000,6,5.7000,false,1,
7290002331421,false,"שישיית מים מינרליים GO TO נביעות 755 מ""ל",נביעות טבע הגליל בעמ,,מים מינרליים נביעות TOGO,יחידה,1,יחידה,false,0.0000,18.4,18.1000,false,1,
7290002331490,false,מים מינרליים נביעות 1 ליטר,נביעות טבע הגליל בעמ,,מים מינרליים נביעות 1 ליטר,יחידה,1,יחידה,false,15.0000,6,5.7000,false,1,
7290002331711,false,נביעות+מים מינרליים בטעם ענבים,נביעות טבע הגליל בעמ,,נביעות+מים מינרליים בטעם ענבים,יחידה,1,יחידה,false,24.0000,8.5,8.2000,false,1,
=======
7290002253006,false,שום טרי כתוש צנצנת דורות 200 גרם,קבוצת אוסם סחר-שות.מוגבלת,,דורות שום כתוש טרי 200 גרם,יחידה,1,יחידה,false,24.0000,24.9,24.9000,false,1,
7290002253105,false,שום במגשית 20 שיניים כתושות קפוא 80,קבוצת אוסם סחר-שות.מוגבלת,,דורות קוביות שום טרי 70 גרם,יחידה,1,יחידה,false,32.0000,11.9,11.9000,false,1,
7290002259640,false,דיימונד רדיד אלומיניום צר 30 ס''מ 7.5 מ'-,ריינולדס מוצרי צריכה,,רדיד קצר,יחידה,1,יחידה,false,0.0000,14.9,14.9000,false,1,
7290002319528,false,קמח מצה חמץ 200 גר' מיה,קבוצת אסם סחר שות. מוגבלת,,קמח מצה מיה,יחידה,1,יחידה,false,0.0000,5.9,5.9000,false,1,
7290002331018,false,"נביעות מים עם פקק ספורט 500מ""ל",החברה המרכזית להפצת משקאות בעמ,,נביעות 500 פ.שטוח פיקדון,יחידה,1,יחידה,false,24.0000,5,4.7000,false,1,
7290002331124,false,נביעות+ מים מינרליים בטעם תפוח,החברה המרכזית להפצת משקאות בעמ,,נביעות+ מים מינרליים בטעם תפוח,יחידה,1,יחידה,false,24.0000,8.5,8.2000,false,1,
7290002331155,false,מים נביעות בטעם אפרסק 0.5 ליטר,החברה המרכזית להפצת משקאות בעמ,,"נביעות + אפרסק 500 מ""ל",יחידה,1,יחידה,false,24.0000,8.5,8.2000,false,1,
7290002331162,false,נביעות מים מינרלים 1.5ל',החברה המרכזית להפצת משקאות בעמ,,בקבוק נביעות 1.5 ליטר,יחידה,1,יחידה,false,0.0000,6,5.7000,false,1,
7290002331421,false,"שישיית מים מינרליים GO TO נביעות 755 מ""ל",החברה המרכזית להפצת משקאות בעמ,,מים מינרליים נביעות TOGO,יחידה,1,יחידה,false,0.0000,18.4,18.1000,false,1,
7290002331490,false,מים מינרלים נביעות (1 ליטר),החברה המרכזית להפצת משקאות בעמ,,מים מינרליים נביעות 1 ליטר,יחידה,1,יחידה,false,15.0000,6,5.7000,false,1,
7290002331711,false,נביעות מים מינרלים בטעם ענבים0.5ליטר,החברה המרכזית להפצת משקאות בעמ,,נביעות+מים מינרליים בטעם ענבים,יחידה,1,יחידה,false,24.0000,8.5,8.2000,false,1,
>>>>>>> d048ac2f4f281c9d788043ab4e81b61b0dbe3743
7290002341079,false,כרית יפנית כסף סגול ארוז רביעיה ר. שמאי,,,כרית יפנית כסף סגול ארוז רביעיה ר. שמאי,יחידה,1,יחידה,false,0.0000,10.9,10.9000,false,1,
7290002345282,false,נתחי פילה סלמון קפוא דלידג,נטו מלינדה סחר בע`מ,,נתחי סלמון דלידג,"ק""ג",1,"ק""ג",true,0.0000,89.9,89.9000,false,1,
7290002348139,false,תחתיות ארטישוק ויליגר (390 גרם),נטו מילנדה סחר בעמ*,,תחתיות-ארטישוק,יחידה,1,יחידה,false,0.0000,15,15.0000,false,1,
7290002353836,false,סרדינים רוברט בשמן זית 115 גרם,קונסרבס פורטוגל נורטה,,"סרדנים בשמן זית, 115 גרם",יחידה,1,יחידה,false,0.0000,10.9,10.9000,false,1,
<<<<<<< HEAD
7290002371533,false,דקניקים סלסולי פסטרמה דבש טירת צבי 120 גרם,הנסיך- מפעל לייצור ט,,"דקניקים, סלסולי פסטרמה בדבש 120 גרם",00000,1,00000,false,0.0000,15.9,15.9000,false,1,
7290002374268,false,שמן חמניות מילומור 1 ליטר,שמן תעשיות,,שמן חמניות מילומור 1 ליטר,יחידה,1,יחידה,false,0.0000,13.5,13.5000,false,1,
7290002374312,false,"שמן קנולה מילומור 1 ל' עד""ח","נארז ע""י : א.ג. גילר",,שמן קנולה מילומור 1 ליטר,יחידה,1,יחידה,false,0.0000,12.4,12.4000,false,1,
7290002479352,false,דבש טהור מפרחי בר עמק חפר 350 גרם,מכוורת עמק חפר,,דבש עמק חפר 350 גרם,יחידה,1,יחידה,false,0.0000,21.9,21.9000,false,1,
7290002517580,false,"תערובת תיבול לעוף 80 גרם ""טעם וריח""",תות ממתקי איכות,,"תערובת תיבול לעוף 80 גרם ""טעם וריח""",יחידה,1,יחידה,false,0.0000,12.9,12.9000,false,1,
7290002542780,false,"שישייה בירה סטלה ארטואה בקבוק 330X6 מ""ל","אינבב, ברוורייפליין",,"סטלה ארטואה -שישיה-6 בק 330 מ""ל",יחידה,1,יחידה,false,4.0000,44.9,43.1000,false,1,
7290002542810,false,"בירה הוגרדן בקבוק 330 מ""ל","אינבב, ברוורייפליין",,"הוגרדן - בק ' 330 מ""ל",יח,1,יח,false,0.0000,14.9,14.6000,false,1,
7290002543046,false,קלוגס פרוסטיס דגנים וסוכר 750ג',קלוג מנייופרטורינג א,,קלוגס פרוסטיס 750 גרם,יחידה,1,יחידה,false,0.0000,23.9,23.9000,false,1,
=======
7290002371533,false,דקניקים סלסולי פסטרמה דבש טירת צבי 120 גרם,תנובה מרכז שיתופי לשיווק תוצרת,,"דקניקים, סלסולי פסטרמה בדבש 120 גרם",00000,1,00000,false,0.0000,15.9,15.9000,false,1,
7290002374268,false,שמן חמניות מזוכך ללא כולסטרול 1 ליטר,סוגת תעשיות בעמ,,שמן חמניות מילומור 1 ליטר,יחידה,1,יחידה,false,0.0000,13.5,13.5000,false,1,
7290002374312,false,שמן קנולה מזוכך 6% מילומור (1 ליטר),"נארז ע""י : א.ג. גילר",,שמן קנולה מילומור 1 ליטר,יחידה,1,יחידה,false,0.0000,12.4,12.4000,false,1,
7290002479352,false,דבש טהור מפרחי בר עמק חפר 350 גרם,טעמן שווק מזון בעמ,,דבש עמק חפר 350 גרם,יחידה,1,יחידה,false,0.0000,21.9,21.9000,false,1,
7290002517580,false,"תערובת תיבול לעוף 80 גרם ""טעם וריח""",תבליני טעם וריח בעמ,,"תערובת תיבול לעוף 80 גרם ""טעם וריח""",יחידה,1,יחידה,false,0.0000,12.9,12.9000,false,1,
7290002542780,false,"שישייה בירה סטלה ארטואה בקבוק 330X6 מ""ל","אינבב, ברוורייפליין",,"סטלה ארטואה -שישיה-6 בק 330 מ""ל",יחידה,1,יחידה,false,4.0000,44.9,43.1000,false,1,
7290002542810,false,"בירה הוגרדן בקבוק 330 מ""ל","אינבב, ברוורייפליין",,"הוגרדן - בק ' 330 מ""ל",יח,1,יח,false,0.0000,14.9,14.6000,false,1,
7290002543046,false,קלוגס פרוסטיס דגנים וסוכר 750ג',דיפלומט מפיצים (1968) בעמ**,,קלוגס פרוסטיס 750 גרם,יחידה,1,יחידה,false,0.0000,23.9,23.9000,false,1,
>>>>>>> d048ac2f4f281c9d788043ab4e81b61b0dbe3743
7290002543237,false,דגני בוקר קלוגס קורנפלקס 750 גרם,קלוגס קומפני אוף גרייט ב,,קלוגס קורנפלקס 750 גרם,יחידה,1,יחידה,false,0.0000,23.9,23.9000,false,1,
7290002579533,false,צימרונים מעץ בשקית,חביב,,קסמי אוזניים,יחידה,1,יחידה,false,0.0000,2,2.0000,false,1,
7290002579588,false,'קיסמי שיניים 500יח,,,'קיסמי שיניים 500יח,יחידה,1,יחידה,false,0.0000,5,5.0000,false,1,
7290002710004,false,ביצים אורגניות מן הטבע 12 יחידות,מן הטבע בארותיים בעמ,,ביצים אורגניות תרייסר,יחידה,1,יחידה,false,0.0000,28.9,28.9000,false,1,
7290002710110,false,מן הטבע ביצי חופש 12יח.,מן הטבע בארותיים,,ביצי חופש תרייסר,יחידה,1,יחידה,false,0.0000,25.9,25.9000,false,1,
7290002715504,false,ארוחת נודלס בטעם עוף מג`יק (70 גרם),נטו מלינדה סחר בע`מ,,מג'יק טעם עוף בכוס,יחידה,1,יחידה,false,0.0000,6.9,6.9000,false,1,
7290002715511,false,ארוחת נודלס בטעם בשר מג`יק (70 גרם),נטו מלינדה סחר בע`מ,,מג'יק טעם בשר בכוס,יחידה,1,יחידה,false,0.0000,6.9,6.9000,false,1,
7290002715528,false,ארוחת נודלס בטעם ירקות מג`יק (70 גרם),נטו מילנדה סחר בעמ*,,מג'יק טעם ירקות בכוס,יחידה,1,יחידה,false,0.0000,6.9,6.9000,false,1,
7290002730262,false,נוזל לניקוי כלים קלאסי פלמוליב (750 מל),יבואן ומשווק: ש. שסט,,פלמוליב לכלים,יחידה,1,יחידה,false,0.0000,13.9,13.9000,false,1,
7290002730521,false,צימרוני אוזניים בלונס בקופסא 200 יח',ש. שסטוביץ בע`מ,,מקלוני אוזנים,יחידה,1,יחידה,false,0.0000,7.9,7.9000,false,1,
7290002730675,false,"קולגייט משחת שיניים אדומה משפחתי 100 מ""ל",קולגייט-פלמוליב,,"משחת שיניים אדומה ""קולגייט""",יחידה,1,יחידה,false,0.0000,14.9,14.9000,false,1,
7290002752332,false,"סוכריות מנטוס פירות בגליל, 37.5 גרם",הדקלאים אגודת שיתופי,,מנטוס סוכריות לעיסה בטעם פירות,00000,1,00000,false,40.0000,5,5.0000,false,1,
7290002752349,false,סוכריות מנטוס מנטה 40יח' בגליל 38ג',ליימן שליסל בעמ,,מנטוס מנטה,00000,1,00000,false,40.0000,5,5.0000,false,1,
7290002814016,false,"מסיר שומנים מתז 750 מ""ל סנט מוריץ כשל""פ עד""ח",קומפלקס כימיקלסבעמ ~~~,,סנט מוריץ מסיר שומנים,יחידה,1,יחידה,false,0.0000,19.9,19.9000,false,1,
7290002824183,false,"גבינה לבנה סקי 500 גרם 5% ""שטראוס"" -מוצר בפיקוח",שטראוס גרופ בעמ/מצונן,,"גבינה לבנה סקי 500 גרם 5% ""שטראוס"" -מוצר בפיקוח",יחידה,1,יחידה,false,0.0000,9.96,9.9600,false,1,
7290002824466,false,יוגורט דנונה ביו לבן 0% שומן 200 גרם,שטראוס גרופ בעמ/מצונן,,דנונה ביו טבעי 0% 200 ג',יחידה,1,יחידה,false,0.0000,3.8,3.8000,false,1,
7290002824640,false,"גבינת סקי 250 גרם 5% ""שטראוס"" -מוצר בפיקוח",שטראוס גרופ בעמ/מצונן,,"גבינת סקי 250 גרם 5% ""שטראוס"" -מוצר בפיקוח",יחידה,1,יחידה,false,0.0000,4.98,4.9800,false,1,
7290002842699,false,יולה מיץ שזיפים יבשים 946 מל,קליפסטאר קונפוריישן,,"יולה מיץ שזיפים 943 מ""ל",יחידה,1,יחידה,false,0.0000,24.9,24.9000,false,1,
7290002879282,false,ציפס חטיף תירס טבעי סומבררו 200 גרם,אן. וי סנק פוד,,טורטיה צ'יפס רגיל 200 פלוטקין,יחידה,1,יחידה,false,0.0000,10.9,10.9000,false,1,
7290002879305,false,מלפפונים קטנים בחומץ,דדוש דניאל,,מלפפונים מוחמצים קטן,יחידה,1,יחידה,false,12.0000,19.9,19.9000,false,1,
7290002879633,false,וופל בלגי אמיתי רזיט 550 גרם,אן.וי ביסקוויטרי טיז,,וופל בלגי,יחידה,1,יחידה,false,8.0000,29.9,29.9000,false,1,
<<<<<<< HEAD
7290002922117,false,מקלות קינמון וסוכר חום,"אקלר בע""מ",,מקלות קינמון וסוכר חום,יחידה,1,יחידה,false,0.0000,24.9,24.9000,false,1,
7290003009183,false,"סירופ דיאט תפוחים פריגת 750 מ""ל",סירופ - גבעת חיים,,"סירופ דיאט תפוחים 750 מ""ל",יחידה,1,יחידה,false,6.0000,24.8,24.8000,false,1,
7290003009329,false,בוטנים אמריקאיים קליית גת 200 גרם,הדקלאים אגודת שיתופי,,בוטנים אמריקאים 200 ג',00000,1,00000,false,0.0000,6.9,6.9000,false,1,
7290003029181,false,משקה יטבתה שוקו' בקבוק 1ל מהדרין,שטראוס גרופ,,שוקו יטבתה 1 ליטר מהדרין,יחידה,1,יחידה,false,0.0000,12.5,12.5000,false,1,
7290003029372,false,משקה חלב בטעם בננה יטבתה 1 ליטר,שטראוס גרופ,,משקה בננה יטבתה 1 ליטר מהדרין,יחידה,1,יחידה,false,12.0000,12.5,12.5000,false,1,
7290003029389,false,"משקה חלב בננה פקק ספורט 250 מ""ל יוטבתה",שטראוס גרופ,,"בננה פקק 250 מ""ל מהדרין",יחידה,1,יחידה,false,0.0000,5.9,5.9000,false,1,
7290003029433,false,"משקה יטבתה שוקו פקק 250 מ""ל מהדרין",שטראוס גרופ,,"שוקו פקק 250 מ""ל מהדרין",יחידה,1,יחידה,false,0.0000,5.9,5.9000,false,1,
7290003029792,false,"משקה יטבתה שוקו שקיות מהדרין מארז 225X8מ""ל",שטראוס גרופ,,מארז שמיניית שקיות שוקו יטבתה מהדרין,יחידה,1,יחידה,false,0.0000,21.9,21.9000,false,1,
7290003029815,false,כד חלב 3% יטבתה 2 ליטר מהדרין,שטראוס גרופ,,חלב יטבתה 2 ליטר 3%,יחידה,1,יחידה,false,0.0000,15.9,15.9000,false,1,
7290003029907,false,אייס קפה יטבתה 1 ליטר מהדרין,שטראוס גרופ,,אייס קפה יטבתה 1 ליטר מהדרין,יחידה,1,יחידה,false,0.0000,12.5,12.5000,false,1,
7290003047642,false,תה שחור יילו לייבל 100*1.5 ג' שקיק ליפטון,"יונילוור רוסייה בע""מ",,תה ליפטון צהוב (100 שקיקים),יחידה,1,יחידה,false,12.0000,20.9,20.9000,false,1,
7290003054657,false,חרדל ריין דיז'ון אקסטרה פורטה 370 גרם,מרום את קונפינו,,חרדל דיז'ון אקסטרא פורטה 370 גרם,יחידה,1,יחידה,false,12.0000,12.9,12.9000,false,1,
=======
7290002922117,false,מקלות קינמון וסוכר חום,הלל בן הלל שיווק ומסחר בעמ,,מקלות קינמון וסוכר חום,יחידה,1,יחידה,false,0.0000,24.9,24.9000,false,1,
7290003009183,false,סירופ דיאט 750 מל בטעם תפוחים פריגת,החברה המרכזית להפצת משקאות בעמ,,"סירופ דיאט תפוחים 750 מ""ל",יחידה,1,יחידה,false,6.0000,24.8,24.8000,false,1,
7290003009329,false,בוטנים אמריקאיים קליית גת (200 גרם),הדקלאים אגודת שיתופי,,בוטנים אמריקאים 200 ג',00000,1,00000,false,0.0000,6.9,6.9000,false,1,
7290003029181,false,משקה יטבתה שוקו' בקבוק 1ל מהדרין,שטראוס גרופ בעמ/מצונן,,שוקו יטבתה 1 ליטר מהדרין,יחידה,1,יחידה,false,0.0000,12.5,12.5000,false,1,
7290003029372,false,יטבתה משקה בטעם בננה %3 בקבוק 1 ליטר,שטראוס גרופ בעמ/מצונן,,משקה בננה יטבתה 1 ליטר מהדרין,יחידה,1,יחידה,false,12.0000,12.5,12.5000,false,1,
7290003029389,false,"משקה חלב בננה פקק ספורט 250 מ""ל יוטבתה",שטראוס גרופ בעמ/מצונן,,"בננה פקק 250 מ""ל מהדרין",יחידה,1,יחידה,false,0.0000,5.9,5.9000,false,1,
7290003029433,false,"משקה יטבתה שוקו פקק 250 מ""ל מהדרין",שטראוס גרופ בעמ/מצונן,,"שוקו פקק 250 מ""ל מהדרין",יחידה,1,יחידה,false,0.0000,5.9,5.9000,false,1,
7290003029792,false,"משקה יטבתה שוקו שקיות מהדרין מארז 225X8מ""ל",שטראוס גרופ בעמ/מצונן,,מארז שמיניית שקיות שוקו יטבתה מהדרין,יחידה,1,יחידה,false,0.0000,21.9,21.9000,false,1,
7290003029815,false,כד חלב 3% יטבתה 2 ליטר מהדרין,שטראוס גרופ בעמ/מצונן,,חלב יטבתה 2 ליטר 3%,יחידה,1,יחידה,false,0.0000,15.9,15.9000,false,1,
7290003029907,false,משקה חלב אייס קפה 2% יטבתה (1 ליטר,שטראוס גרופ בעמ/מצונן,,אייס קפה יטבתה 1 ליטר מהדרין,יחידה,1,יחידה,false,0.0000,12.5,12.5000,false,1,
7290003047642,false,תה שחור יילו לייבל 100*1.5 ג' שקיק ליפטון,"יוניליוור ישראלשיווק בע""מ",,תה ליפטון צהוב (100 שקיקים),יחידה,1,יחידה,false,12.0000,20.9,20.9000,false,1,
7290003054657,false,חרדל ריין דיז'ון אקסטרה פורטה 370 גרם,דיפלומט מפיצים (1968) בעמ**,,חרדל דיז'ון אקסטרא פורטה 370 גרם,יחידה,1,יחידה,false,12.0000,12.9,12.9000,false,1,
>>>>>>> d048ac2f4f281c9d788043ab4e81b61b0dbe3743
7290003054725,false,חרדל אנגלי קולמנס 100 גרם,,,חרדל אנגלי קולמנס 100 גרם,יחידה,1,יחידה,false,0.0000,16.9,16.9000,false,1,
7290003107216,false,קמח לבן בהיר 1 קג דגן מוביל,טחנות קמח דגן (2006) בעמ,,קמח לבן 1ק'ג דגן,יחידה,1,יחידה,false,0.0000,6.9,6.9000,false,1,
7290003126712,false,יוגורט עיזים מחלב מלא 3.7% משק צוריאל 150 גרם,החברה המרכזית טלהפצת משקאות בע,,יוגורט עיזים טבעי 150 גרם,יחידה,1,יחידה,false,0.0000,6.5,6.5000,false,1,
7290003145751,false,אגוזי קשיו קלויים קליית גת (200 גרם),הדקלאים אגודת שיתופי,,"קליית גת אגוזי קלויים, 200 גרם",00000,1,00000,false,0.0000,21.9,21.9000,false,1,
7290003210114,false,מארז טרופיות 40 יחיד,בוסתן,,טרופית בוסתן,יחידה,1,יחידה,false,40.0000,2.9,2.9000,false,1,
<<<<<<< HEAD
7290003229123,false,פסטרמה הודו על גחלים 2% טירת צבי 400 גרם,הנסיך- מפעל לייצור ט,,פסטרמה גחלים 400 גרם,00000,1,00000,false,0.0000,29.9,29.9000,false,1,
7290003229147,false,נקניק סלמי איטלקי מעושן טירת צבי 300 גרם,הנסיך- מפעל לייצור ט,,א.מ סלמי איטלקי 300 גרם,00000,1,00000,false,0.0000,29.9,29.9000,false,1,
7290003229208,false,פסטרמה ספרדית 2% טירת צבי 360 גרם,טירת צבי - מדף,,פסטרמה בסגנון ספרדי 360 גרם,יחידה,1,יחידה,false,0.0000,29.9,29.9000,false,1,
7290003229222,false,נקניק סלמי תה טירת צבי 300 גרם,הנסיך- מפעל לייצור ט,,סלמי תה 300 גרם,יחידה,1,יחידה,false,0.0000,28,28.0000,false,1,
7290003321155,false,יוגורט בר עם פקאן מצופה שוקולד 183 ג' דנונה,"שטראוס בריאות בע""\מ",,"מעדן פקאן ""דנונה בר""",יחידה,1,יחידה,false,0.0000,5,5.0000,false,1,
7290003411689,false,ליפתניות לבן 25 יחידות,הנמל אריזות ושיווק ב,,צלחות ליפתן,יחידה,1,יחידה,false,0.0000,7.9,7.9000,false,1,
7290003411696,false,"מרקיות לבן ח""פ הנמל 25 יח'",פלסטכים תורכיה,,מרקיות צלחות,יחידה,1,יחידה,false,0.0000,11.9,11.9000,false,1,
7290003427154,false,"שמן זית כתית מעולה טעם מעודן זיתא 750 מ""ל",זיתא תעשיות שמן זיתt\,,"שמן זית כתית מעולה 750 מ""ל",יחידה,1,יחידה,false,0.0000,39.9,39.9000,false,1,
7290003450725,false,חומץ היינץ בן יין אד,ה.י.היינץ קומפני ל.פ,,"חומץ יין 5% 355 מ""ל",יחידה,1,יחידה,false,12.0000,13,13.0000,false,1,
7290003457861,false,סולרו קלאסיק חלבי - פירות טרופיים,"מיוצר ע""\י גלידת שטראוס",,"סולרו בטעם פירות טרופיים ""שטראוס""",יחידה,1,יחידה,false,30.0000,10,10.0000,false,1,
7290003643004,false,"סוגת אורז בסמטי קלאסי 1 ק""ג",האי נאם סי או אל.טי.,,"אורז בסמטי 1 ק""ג סוגת",יחידה,1,יחידה,false,0.0000,15.9,15.9000,false,1,
7290003643127,false,עשיריה אבקת אפיה 10*10 גרם סוגת,גוד פוד פרודקטס S.p,,עשיריה אבקת אפיה 10*10 גרם סוגת,יחידה,1,יחידה,false,0.0000,3,3.0000,false,1,
7290003643134,false,סוכר וניל סוגת 100 גרם מארז 10 יחידות,גוד פוד פרודקטס S.p,,סוכר וניל עשיריות סוגת,יחידה,1,יחידה,false,0.0000,3,3.0000,false,1,
7290003643158,false,קורנפולר שקית 200 ג' סוגת,המאפיה של הרמן,,קורנפולר שקית 200 ג' סוגת,יחידה,1,יחידה,false,0.0000,4.5,4.5000,false,1,
7290003643172,false,אבקת סוכר סוגת 100 גרם,א.ל ייצור ושיווק תבל,,אבקת סוכר 100 גרם סוגת,יחידה,1,יחידה,false,0.0000,3,3.0000,false,1,
7290003643325,false,קוסקוס בינוני סוגת 350 גרם,"אסיף תעשיות מזון בע""\מ",,קוסקוס בינוני 350 גרם סוגת,יחידה,1,יחידה,false,0.0000,5.9,5.9000,false,1,
7290003643387,false,"סוכר לבן בצנצנת 1 ק""ג סוגת",האי נאם סי או אל.טי.,,"סוכר לבן צנצנת 1 ק""ג סוגת",יחידה,1,יחידה,false,0.0000,9.9,9.9000,false,1,
7290003643646,false,"סוכר דמררה קלאסי בצנצנת סוגת 1 ק""ג",האי נאם סי או אל.טי.,,"סוכר חום דמררה צנצנת 1 ק""ג",יחידה,1,יחידה,false,0.0000,13.9,13.9000,false,1,
7290003643684,false,אפונה יבשה סוגת 500 גר',האי נאם סי או אל.טי.,,אפונה 500 גרם סוגת,יחידה,1,יחידה,false,0.0000,7.9,7.9000,false,1,
7290003643707,false,סוגת גריסים 500 גרם,"סוגת תעשיות בע""מ",,גריסים 500 גרם סוגת,יחידה,1,יחידה,false,0.0000,5.9,5.9000,false,1,
7290003643714,false,חומוס גרגירים 500 גרם סוגת,האי נאם סי או אל.טי.,,חומוס גרגירים 500 גרם סוגת,יחידה,1,יחידה,false,0.0000,9.9,9.9000,false,1,
7290003643738,false,סוגת חיטה 500 גרם,האי נאם סי או אל.טי.,,חיטה סוגת 500 גרם,יחידה,1,יחידה,false,0.0000,5.9,5.9000,false,1,
7290003643745,false,סוגת כוסמת 500 גרם,האי נאם סי או אל.טי.,,כוסמת 500 גרם סוגת,יחידה,1,יחידה,false,0.0000,8.9,8.9000,false,1,
=======
7290003229123,false,פסטרמה הודו על גחלים 2% טירת צבי 400 גרם,תנובה מרכז שיתופי לשיווק תוצרת,,פסטרמה גחלים 400 גרם,00000,1,00000,false,0.0000,29.9,29.9000,false,1,
7290003229147,false,נקניק סלמי איטלקי מעושן טירת צבי 300 גרם,תנובה מרכז שיתופי לשיווק תוצרת,,א.מ סלמי איטלקי 300 גרם,00000,1,00000,false,0.0000,29.9,29.9000,false,1,
7290003229208,false,פסטרמה ספרדית 2% טירת צבי 360 גרם,תנובה מרכז שיתופי לשיווק תוצרת,,פסטרמה בסגנון ספרדי 360 גרם,יחידה,1,יחידה,false,0.0000,29.9,29.9000,false,1,
7290003229222,false,נקניק סלמי תה טירת צבי 300 גרם,תנובה מרכז שיתופי לשיווק תוצרת,,סלמי תה 300 גרם,יחידה,1,יחידה,false,0.0000,28,28.0000,false,1,
7290003321155,false,יוגורט בר עם פקאן מצופה שוקולד 183 ג' דנונה,שטראוס גרופ בעמ/מצונן,,"מעדן פקאן ""דנונה בר""",יחידה,1,יחידה,false,0.0000,5,5.0000,false,1,
7290003411689,false,לפתניות פלסטיק חד פעמיות 25 יח`,הנמל אריזות ושיווק (1984) בעמ,,צלחות ליפתן,יחידה,1,יחידה,false,0.0000,7.9,7.9000,false,1,
7290003411696,false,מרקיות פלסטיק חד פעמיות 25 יח`,הנמל אריזות ושיווק (1984) בעמ,,מרקיות צלחות,יחידה,1,יחידה,false,0.0000,11.9,11.9000,false,1,
7290003427154,false,"שמן זית כתית מעולה טעם מעודן זיתא 750 מ""ל",תה ויסוצקי (ישראל) בעמ,,"שמן זית כתית מעולה 750 מ""ל",יחידה,1,יחידה,false,0.0000,39.9,39.9000,false,1,
7290003450725,false,חומץ היינץ בן יין אד,ה.י.היינץ קומפני ל.פ,,"חומץ יין 5% 355 מ""ל",יחידה,1,יחידה,false,12.0000,13,13.0000,false,1,
7290003457861,false,סולרו קלאסיק חלבי - פירות טרופיים,"מיוצר ע""\י גלידת שטראוס",,"סולרו בטעם פירות טרופיים ""שטראוס""",יחידה,1,יחידה,false,30.0000,10,10.0000,false,1,
7290003643004,false,אורז בסמטי קלאסי סוגת (1 קג),האי נאם סי או אל.טי.,,"אורז בסמטי 1 ק""ג סוגת",יחידה,1,יחידה,false,0.0000,15.9,15.9000,false,1,
7290003643127,false,עשיריה אבקת אפיה 10*10 גרם סוגת,גוד פוד פרודקטס S.p,,עשיריה אבקת אפיה 10*10 גרם סוגת,יחידה,1,יחידה,false,0.0000,3,3.0000,false,1,
7290003643134,false,סוכר וניל סוגת 100 גרם מארז 10 יחידות,גוד פוד פרודקטס S.p,,סוכר וניל עשיריות סוגת,יחידה,1,יחידה,false,0.0000,3,3.0000,false,1,
7290003643158,false,קורנפולר שקית 200 ג' סוגת,סוגת תעשיות בעמ,,קורנפולר שקית 200 ג' סוגת,יחידה,1,יחידה,false,0.0000,4.5,4.5000,false,1,
7290003643172,false,סוגת אבקת סוכר 100 גרם,א.ל ייצור ושיווק תבל,,אבקת סוכר 100 גרם סוגת,יחידה,1,יחידה,false,0.0000,3,3.0000,false,1,
7290003643325,false,קוסקוס בינוני סוגת (350 גרם),"אסיף תעשיות מזון בע""\מ",,קוסקוס בינוני 350 גרם סוגת,יחידה,1,יחידה,false,0.0000,5.9,5.9000,false,1,
7290003643387,false,סוכר לבן בצנצנת פלסטיק 1 ק`ג,האי נאם סי או אל.טי.,,"סוכר לבן צנצנת 1 ק""ג סוגת",יחידה,1,יחידה,false,0.0000,9.9,9.9000,false,1,
7290003643646,false,"סוכר דמררה קלאסי בצנצנת סוגת 1 ק""ג",האי נאם סי או אל.טי.,,"סוכר חום דמררה צנצנת 1 ק""ג",יחידה,1,יחידה,false,0.0000,13.9,13.9000,false,1,
7290003643684,false,אפונה יבשה סוגת 500 גר',האי נאם סי או אל.טי.,,אפונה 500 גרם סוגת,יחידה,1,יחידה,false,0.0000,7.9,7.9000,false,1,
7290003643707,false,גריסים סוגת (500 גרם),"סוגת תעשיות בע""מ",,גריסים 500 גרם סוגת,יחידה,1,יחידה,false,0.0000,5.9,5.9000,false,1,
7290003643714,false,חומוס גרגירים 500 גרם סוגת,האי נאם סי או אל.טי.,,חומוס גרגירים 500 גרם סוגת,יחידה,1,יחידה,false,0.0000,9.9,9.9000,false,1,
7290003643738,false,חיטה סוגת (500 גרם),האי נאם סי או אל.טי.,,חיטה סוגת 500 גרם,יחידה,1,יחידה,false,0.0000,5.9,5.9000,false,1,
7290003643745,false,כוסמת סוגת (500 גרם),האי נאם סי או אל.טי.,,כוסמת 500 גרם סוגת,יחידה,1,יחידה,false,0.0000,8.9,8.9000,false,1,
>>>>>>> d048ac2f4f281c9d788043ab4e81b61b0dbe3743
7290003643752,false,עדשים ירוקים יבש סוגת 500 גר',האי נאם סי או אל.טי.,,עדשים ירוקים 500 גרם סוגת,יחידה,1,יחידה,false,0.0000,8.9,8.9000,false,1,
7290003643769,false,עדשים אדומים יבש סוגת 500 גר',"סוגת תעשיות בע""\מ",,עדשים אדומים 500 גרם סוגת,יחידה,1,יחידה,false,0.0000,8.9,8.9000,false,1,
7290003643776,false,"פופקורן גרעינים סוגת 500 ג' כשל""פ",האי נאם סי או אל.טי.,,פופקורן 500 גרם סוגת,יחידה,1,יחידה,false,0.0000,7.9,7.9000,false,1,
7290003643783,false,קוקוס טחון סוגת 100 גרם,האי נאם סי או אל.טי.,,קוקוס 100 גרם סוגת,יחידה,1,יחידה,false,0.0000,3.9,3.9000,false,1,
7290003643806,false,שעועית לבנה יבשה סוגת (500 גרם),האי נאם סי או אל.טי.,,שעועית לבנה סוגת 500 גרם,יחידה,1,יחידה,false,0.0000,12.9,12.9000,false,1,
7290003643813,false,שעועית אדומה יבשה סוגת 500 גר',האי נאם סי או אל.טי.,,שעועית אדומה 500 ג' סוגת,יחידה,1,יחידה,false,0.0000,12.9,12.9000,false,1,
7290003643820,false,חומוס ענק יבש סוגת 500 גרם,"סוגת תעשיות בע""\מ",,חומוס ענק 500 גרם סוגת,יחידה,1,יחידה,false,0.0000,11.9,11.9000,false,1,
<<<<<<< HEAD
7290003726615,false,"טופו ויילר 300 גרם ""שטראוס""",הדקלאים אגודת שיתופי,,"טופו ויילר 300 גרם ""שטראוס""",00000,1,00000,false,0.0000,12.9,12.9000,false,1,
7290003805501,false,"פתית בסגנון שוודי תלמה בד""צ 300 גרם",יוניליוור ישראל מזון בע\,,"פתית שוודי בד""צ חדש 300X24 גר'",יחידה,1,יחידה,false,6.0000,17.9,17.9000,false,1,
7290003805587,false,"פתית חיטה מלאה בד""צ 250 גרם-קופסא",יוניליוור ישראל מזון בע\,,"פתית חיטה מלאה בד""צ חדש 250X24 גר'",יחידה,1,יחידה,false,6.0000,17.9,17.9000,false,1,
7290003807482,false,קנור רוטב טריאקי מופחת נתרן 370 גרם,יוניליוור ישראל מזון בע\,,"רוטב טריאקי 300 מ""ל",יחידה,1,יחידה,false,12.0000,13.9,13.9000,false,1,
7290003882922,false,עלי גפן ממולאים באורז וילי פוד 360 גרם,הזה פלאקספו פוד קו ב,,עלי גפן ממולא 400 גרם ויליפוד,יחידה,1,יחידה,false,0.0000,9.9,9.9000,false,1,
=======
7290003726615,false,"טופו ויילר 300 גרם ""שטראוס""",שטראוס גרופ בעמ/מצונן,,"טופו ויילר 300 גרם ""שטראוס""",00000,1,00000,false,0.0000,12.9,12.9000,false,1,
7290003805501,false,"פתית בסגנון שוודי תלמה בד""צ 300 גרם",יוניליוור ישראל שיווק בע`מ,,"פתית שוודי בד""צ חדש 300X24 גר'",יחידה,1,יחידה,false,6.0000,17.9,17.9000,false,1,
7290003805587,false,"פתית חיטה מלאה בד""צ 250 גרם-קופסא",יוניליוור ישראל שיווק בע`מ,,"פתית חיטה מלאה בד""צ חדש 250X24 גר'",יחידה,1,יחידה,false,6.0000,17.9,17.9000,false,1,
7290003807482,false,קנור רוטב טריאקי מופחת נתרן 370 גרם,יוניליוור ישראל שיווק בע`מ,,"רוטב טריאקי 300 מ""ל",יחידה,1,יחידה,false,12.0000,13.9,13.9000,false,1,
7290003882922,false,עלי גפן ממולאים באורז וילי פוד 360 גרם,ג. וילי-פוד אינטרנשיונל בע`מ,,עלי גפן ממולא 400 גרם ויליפוד,יחידה,1,יחידה,false,0.0000,9.9,9.9000,false,1,
>>>>>>> d048ac2f4f281c9d788043ab4e81b61b0dbe3743
7290003955015,false,סוכריות צבעוניות לעוגה,קריות זול,,סוכריות צבעוניות לעוגה,יחידה,1,יחידה,false,0.0000,10,10.0000,false,1,
7290003955121,false,תמצית אפייה בטעם רום/וניל,,,תמצית אפייה בטעם רום/וניל,יחידה,1,יחידה,false,0.0000,6,6.0000,false,1,
7290003955152,false,צבע מאכל,,,צבע מאכל,יחידה,1,יחידה,false,0.0000,5,5.0000,false,1,
7290003955213,false,מזרה לבבות צורות שונ,מזון דני,,סוכריות בצורות,00000,1,00000,false,0.0000,10,10.0000,false,1,
7290003955244,false,עדשי שוקלד 85 גרם,,,עדשי שוקלד 85 גרם,יחידה,1,יחידה,false,0.0000,10,10.0000,false,1,
7290003989539,false,רביולי עם גבינה שטראוס (400 גרם),שטראוס גרופ בעמ/מצונן,,רביולי גבינה 400 ג',יחידה,1,יחידה,false,0.0000,21,21.0000,true,1,
7290004011338,false,קצפת מתוקה מוכנה ספריי ריץ` (250 מל),נטו מלינדה סחר בע`מ,,ריץ' קצפת מיכל 250מל,יחידה,1,יחידה,false,0.0000,17.9,17.9000,false,1,
7290004063016,false,מלח שולחן מעולה סלית (1 קג)פיקוח,האי נאם סי או אל.טי.,,מלח שולחן -מוצר בפיקוח,יחידה,1,יחידה,false,0.0000,2,2.0000,false,1,
7290004063115,false,"מלח מטבח עבה להמלחת בשר ובישול 1 ק""ג 1ק""ג",האי נאם סי או אל.טי.,,מלח שולחן גס -מוצר בפיקוח,יחידה,1,יחידה,false,0.0000,2,2.0000,false,1,
<<<<<<< HEAD
7290004068028,false,"יוגורט צזיקי לשתיה 3.5% 500 מ""ל רובין",מיוצר על ידי קוד יצר,,יוגורט ציזקי לשתייה גד,יחידה,1,יחידה,false,0.0000,10.9,10.9000,false,1,
7290004068035,false,"איירן יוגורט לשתייה 3% גד 500 מ""ל","מיוצר ע""י קוד יצרן M",,"איירן 500 מ""ל 3 אחוז גד",יחידה,1,יחידה,false,0.0000,8.9,8.9000,false,1,
7290004068172,false,"יוגורט עיזים בדלי 5% 600 מ""ל רובין",קוד יצרן MKN,,יוגורט עיזים דלי 600 גרם 5 % גד,יחידה,1,יחידה,false,0.0000,18.9,18.9000,false,1,
7290004119133,false,כד יוגורט תנובה 6.5% שומן 1.5 ליטר,מיוצר עי קונדיטוריית,,יוגורט 6.5 % 1.5 ליטר,יחידה,1,יחידה,false,0.0000,18.9,18.9000,false,1,
7290004119225,false,יופלה יוגורט אננס %3 גביע 150 גרם,תנובה מרכז שיתופי לש,,3% יופלה אננס 150 גרם,יחידה,1,יחידה,false,0.0000,5.7,5.7000,true,1,
7290004120108,false,יופלה דיאט יוגורט דובדבן %0 גביע 150גרם,תנובה מרכז שיתופי לש,,דיאט יופלה דובדבן 150 גרם,יחידה,1,יחידה,false,0.0000,5.2,5.2000,true,1,
7290004120566,false,פיראוס 24% גבינה בולגרית 250 גרם,תנובה חלב,,פיראוס 24% גבינה בולגרית 250 גרם,יחידה,1,יחידה,false,0.0000,25.9,25.9000,false,1,
7290004120634,false,גבינה פיראוס בולגרית 5% 250 גרם,תנובה מרכז שיתופי לש,,'בולגרית פיראוס %50 250 גרם,יחידה,1,יחידה,false,0.0000,25.9,25.9000,false,1,
7290004121488,false,יופלה דיאט אפרסק 0% גביע 150 גרם,תנובה מרכז שיתופי לש,,דיאט יופלה אפרסק 150 גרם,יחידה,1,יחידה,false,0.0000,5.7,5.7000,true,1,
7290004122119,false,פתיתי פרמזן לפסטה 23% השף הלבן 100 גרם,פ.פ.ח. שאביט,,פתיתי פרמזן 23% לפסטה השף הלבן 100 גרם,יחידה,1,יחידה,false,28.0000,14.8,14.8000,false,1,
7290004122195,false,גוש חלב גבינה צהובה פרוסה 28% תנובה 200 גרם,תנובה חלב,,גוש חלב פרוס מהדרין 200 גרם,יחידה,1,יחידה,false,0.0000,15.9,15.9000,false,1,
=======
7290004068028,false,"יוגורט צזיקי לשתיה 3.5% 500 מ""ל רובין",מחלבות גד שיווק 1992 בעמ,,יוגורט ציזקי לשתייה גד,יחידה,1,יחידה,false,0.0000,10.9,10.9000,false,1,
7290004068035,false,"איירן יוגורט לשתייה 3% גד 500 מ""ל",מחלבות גד שיווק 1992 בעמ,,"איירן 500 מ""ל 3 אחוז גד",יחידה,1,יחידה,false,0.0000,8.9,8.9000,false,1,
7290004068172,false,"יוגורט עיזים בדלי 5% 600 מ""ל רובין",מחלבות גד שיווק 1992 בעמ,,יוגורט עיזים דלי 600 גרם 5 % גד,יחידה,1,יחידה,false,0.0000,18.9,18.9000,false,1,
7290004119133,false,כד יוגורט תנובה 6.5% שומן 1.5 ליטר,מיוצר עי קונדיטוריית,,יוגורט 6.5 % 1.5 ליטר,יחידה,1,יחידה,false,0.0000,18.9,18.9000,false,1,
7290004119225,false,יופלה יוגורט בטעם אננס %3 150 גרם,תנובה מרכז שיתופי לש,,3% יופלה אננס 150 גרם,יחידה,1,יחידה,false,0.0000,5.7,5.7000,true,1,
7290004120108,false,יופלה דיאט יוגורט דובדבן %0 גביע 150גרם,תנובה מרכז שיתופי לש,,דיאט יופלה דובדבן 150 גרם,יחידה,1,יחידה,false,0.0000,5.2,5.2000,true,1,
7290004120566,false,גבינה בולגרית (25024% גרם)פיראוס תנובה,"תנובה בע""מ ***",,פיראוס 24% גבינה בולגרית 250 גרם,יחידה,1,יחידה,false,0.0000,25.9,25.9000,false,1,
7290004120634,false,גבינה בולגרית (2505% גרם)פיראוס תנובה,תנובה מרכז שיתופי לש,,'בולגרית פיראוס %50 250 גרם,יחידה,1,יחידה,false,0.0000,25.9,25.9000,false,1,
7290004121488,false,יוגורט ביו דיאט 0% אפרסק יופלה (150 גרם),תנובה מרכז שיתופי לש,,דיאט יופלה אפרסק 150 גרם,יחידה,1,יחידה,false,0.0000,5.7,5.7000,true,1,
7290004122119,false,פתיתי פרמזן לפסטה 23% השף הלבן 100 גרם,"תנובה בע""מ ***",,פתיתי פרמזן 23% לפסטה השף הלבן 100 גרם,יחידה,1,יחידה,false,28.0000,14.8,14.8000,false,1,
7290004122195,false,גוש חלב גבינה צהובה פרוסה 28% תנובה 200 גרם,"תנובה בע""מ ***",,גוש חלב פרוס מהדרין 200 גרם,יחידה,1,יחידה,false,0.0000,15.9,15.9000,false,1,
>>>>>>> d048ac2f4f281c9d788043ab4e81b61b0dbe3743
7290004122270,false,עמק קלאסית פרוסות גבינה חצי קשה 28% 200 גרם,תנובה מרכז שיתופי לש,,עמק קלאסית פרוסות גבינה חצי קשה 28% 200 גרם,יחידה,1,יחידה,false,0.0000,17.8,17.8000,false,1,
7290004122348,false,גבינה צהובה מופחתת שומן 9% עמק (200 גרם),תנובה מרכז שיתופי לש,,9% עמק לייט פרוס 200 גרם,יחידה,1,יחידה,false,0.0000,18.9,18.9000,false,1,
7290004122676,false,גבינה חמד לייט (2505% גרם)פיראוס תנובה,"תנובה,מחלבת טנא נוגה",,5% גבינה חמד לייט 250 גרם,יחידה,1,יחידה,false,0.0000,21.5,21.5000,false,1,
7290004122683,false,עמק חטיף אצבעות גבינה חצי קשה 28% שומן,תנובה מרכז שיתופי לש,,עמק חטיף אצבעות גבינה חצי קשה 28% שומן,יחידה,1,יחידה,false,0.0000,17.8,17.8000,false,1,
7290004124205,false,יופלה דיאט יוגורט תות %0 גביע 150 גרם,תנובה מרכז שיתופי לש,,דיאט יופלה תות 150 גרם,יחידה,1,יחידה,false,0.0000,5.7,5.7000,true,1,
7290004125370,false,"שמנת חמוצה 9% מופחתת שומן תנובה 200 מ""ל מהדרין",תנובה מרכז שיתופי לש,,"שמנת חמוצה 9 % מופחתת שומן 200 מ""ל",יחידה,1,יחידה,false,0.0000,3.9,3.9000,false,1,
7290004125400,false,"אשל שלי מהדרין 200 מ""ל 4.5% ""תנובה""- מוצר בפיקוח",פארייפאבה אגרואינדוס,,"אשל שלי מהדרין 200 מ""ל 4.5% ""תנובה""- מוצר בפיקוח",יחידה,1,יחידה,false,0.0000,1.69,1.6900,false,1,
7290004125417,false,"גיל 3% שלי 200 מ""ל ""תנובה"" -מוצר בפיקוח",תנובה מרכז שיתופי לש,,"גיל 3% שלי 200 מ""ל ""תנובה"" -מוצר בפיקוח",יחידה,1,יחידה,false,0.0000,1.51,1.5100,false,1,
7290004125455,false,"שמנת חמוצה 200 מ""ל 15% ""תנובה"" -מוצר בפיקוח",תנובה מרכז שיתופי לש,,"שמנת חמוצה 200 מ""ל 15% ""תנובה"" -מוצר בפיקוח",יחידה,1,יחידה,false,0.0000,2.4,2.4000,false,1,
7290004125509,false,"שמנת חמוצה 15% מועשרת תנובה 100 מ""ל",תנובה מרכז שיתופי לש,,"שמנת חמוצה מועשרת 100 מ""ל",יחידה,1,יחידה,false,0.0000,2,2.0000,false,1,
7290004125578,false,משקה סויה מעושר בסידן תנובה 1ל',תנובה מרכז שיתופי לש,,משקה סויה מועשר 1 ליטר,יחידה,1,יחידה,false,0.0000,11.9,11.9000,false,1,
7290004125585,false,משקה סויה בטעם וניל תנובה 1 ליטר,תנובה מרכז שיתופי לש,,משקה סויה וניל על הבוקר 1 ליטר,יחידה,1,יחידה,false,0.0000,12.9,12.9000,false,1,
7290004125721,false,"השף הלבן שמנת עמידה לבישול 15% תנובה 250 מ""ל",תנובה מרכז שיתופי לש,,"15% שמנת לבישול השף הלבן 250 מ""ל",יחידה,1,יחידה,false,0.0000,8.9,8.9000,false,1,
7290004125738,false,שמנת מתוקה להקצפה32% 250מל עמיד השף הלבן,תנובה מרכז שיתופי לש,,"שמנת עמידה להקצפה 32% השף הלבן 250 מ""ל",יחידה,1,יחידה,false,0.0000,7.3,7.3000,false,1,
<<<<<<< HEAD
7290004125776,false,גבינה צהובה עמק 28% 400 גרם בקופסא,תנובה חלב,,עמק- משפחתי 400 גרם,יחידה,1,יחידה,false,0.0000,31.9,31.9000,false,1,
=======
7290004125776,false,גבינה צהובה קלאסית 28% עמק (400 גרם),"תנובה בע""מ ***",,עמק- משפחתי 400 גרם,יחידה,1,יחידה,false,0.0000,31.9,31.9000,false,1,
>>>>>>> d048ac2f4f281c9d788043ab4e81b61b0dbe3743
7290004126674,false,טל העמק פרוסות גבינה חצי קשה לייט %9 200 גרם בקופסא,תנובה מרכז שיתופי לש,,טל העמק פרוסות גבינה חצי קשה לייט %9 200 גרם בקופסא,יחידה,1,יחידה,false,0.0000,20.9,20.9000,false,1,
7290004127077,false,קוטג תנובה 3% גביע 250 גרם מהדרין,מיוצר עי קונדיטוריית,,קוטג 3% תנובה 250 גרם,יחידה,1,יחידה,false,0.0000,5.9,5.9000,false,1,
7290004127329,false,קוטג תנובה גביע 250 גרם %5 ו.מהדרין,מיוצר עי קונדיטוריית,,קוטג'5% -תנובה מהדרין 250 גרם,יחידה,1,יחידה,false,0.0000,5.9,5.9000,false,1,
7290004127336,false,קוטג תנובה גביע 250 גרם %9 ו.מהדרין,מיוצר עי קונדיטוריית,,קוטג 9% תנובה מהדרין 250 גרם,יחידה,1,יחידה,false,0.0000,5.9,5.9000,false,1,
7290004127800,false,"גבינה לבנה 500 גרם 5% ""תנובה"" -מוצר בפיקוח",מיוצר עי קונדיטוריית,,"גבינה לבנה 500 גרם 5% ""תנובה"" -מוצר בפיקוח",יחידה,1,יחידה,false,0.0000,9.96,9.9600,false,1,
<<<<<<< HEAD
7290004128333,false,לאבנה על בסיס יוגורט %9 שומן 500 ג' פיראוס,תנובה חלב,,9% פיראוס לאבנה 500 גרם,יחידה,1,יחידה,false,0.0000,22.9,22.9000,false,1,
=======
7290004128333,false,לאבנה על בסיס יוגורט %9 שומן 500 ג' פיראוס,תנובה בעמ ***,,9% פיראוס לאבנה 500 גרם,יחידה,1,יחידה,false,0.0000,22.9,22.9000,false,1,
>>>>>>> d048ac2f4f281c9d788043ab4e81b61b0dbe3743
7290004129101,false,גבינת שמנת 25% בטעם טבעי 225 ג' נפוליאון,תנובה מרכז שיתופי לש,,30% נפוליאון טבעי 225 גרם,יחידה,1,יחידה,false,0.0000,15.1,15.1000,false,1,
7290004129156,false,גבינת שמנת25% עם שום שמיר 225 ג' נפוליאון,תנובה מרכז שיתופי לש,,30% נפוליאון שום שמיר 225 גרם,יחידה,1,יחידה,false,0.0000,15.1,15.1000,false,1,
7290004130794,false,משקה סויה במתיקות מופחתת תנובה (1 ליטר),תנובה מרכז שיתופי לש,,משקה-סויה במתיקות מופחתת 1 ליטר,יחידה,1,יחידה,false,0.0000,12.9,12.9000,false,1,
7290004130916,false,יוגורט יופלה פירות יער בשמנת 3% 150 גרם,תנובה מרכז שיתופי לש,,3% יופלה פירות יער בשמנת 150 גרם,יחידה,1,יחידה,false,0.0000,5.7,5.7000,true,1,
7290004131074,false,"חלב 1 ליטר 3% קרטון ""תנובה""- מוצר בפיקוח",תנובה מרכז שיתופי לש,,"חלב 1 ליטר 3% קרטון ""תנובה""- מוצר בפיקוח",יחידה,1,יחידה,false,0.0000,6.23,6.2300,true,1,
<<<<<<< HEAD
7290004131456,false,יוגורט ביו 1.5% שומן 200 ג' יופלה,תנובה מרכז שיתופי לש,,יופלה לבן %1.5 טבעי 200 גרם,יחידה,1,יחידה,false,0.0000,4.5,4.5000,false,1,
=======
7290004131456,false,יוגורט ביו 1.5% שומן 200 ג' יופלה,מיוצר עי קונדיטוריית,,יופלה לבן %1.5 טבעי 200 גרם,יחידה,1,יחידה,false,0.0000,4.5,4.5000,false,1,
>>>>>>> d048ac2f4f281c9d788043ab4e81b61b0dbe3743
7290004132552,false,משקה סויה בטעם טבעי לייט תנובה 1 ליטר,תנובה מרכז שיתופי לש,,חלב דיאט סויה טבעי,יחידה,1,יחידה,false,0.0000,12.9,12.9000,false,1,
7290004132712,false,חטיף אצבעות גבינת מוצרלה 20% 172 ג' עמק,תנובה מרכז שיתופי לש,,אצבעות עמק מוצרלה 172 גרם,יחידה,1,יחידה,false,0.0000,17.8,17.8000,false,1,
7290004135614,false,גבינה בולגרית מעודנת 5% פיראוס 250 גרם,"תנובה בע""מ ***",,5% בולגרית מעודנת פיראוס 250 גרם,יחידה,1,יחידה,false,0.0000,25.9,25.9000,false,1,
7290004136598,false,מארז הפסקת אוכל עם קורנפלקס ומשקה חלב עמיד בטעם וניל,פארייפאבה אגרואינדוס,,"מארז הפסקת אוכל ( 150 מ""ל )",יחידה,1,יחידה,false,0.0000,10.5,10.5000,false,1,
7290004137021,false,"שמנת עמידה לבישול מופחת שומן 10% השף הלבן 250 מ""ל",תנובה מרכז שיתופי לש,,10% שמנת לבישול השף הלבן,יחידה,1,יחידה,false,0.0000,8.9,8.9000,false,1,
7290004137311,false,גבינה צהובה מופחתת שומן 9% עמק (400 גרם),"תנובה בע""מ ***",,9% עמק לייט משפחתית 400 גרם,יחידה,1,יחידה,false,0.0000,33.8,33.8000,false,1,
7290004137809,false,לאבנה אסלית 5% גביע (250 גרם)פיראוס תנו,"תנובה, מחלבת אלון תב",,5% פיראוס לאבנה 250 גרם,יחידה,1,יחידה,false,0.0000,15.1,15.1000,false,1,
7290004200794,false,סט זיקוקים קטנים+עבי,HUNAN,,סט זיקוקים 1+2,יחידה,1,יחידה,false,0.0000,12,12.0000,false,1,
7290004221409,false,וובר רוטב חזרת 453 גרם בקבוק לחיץ,וובר ספרינגפילד,,רוטב חזרת,יחידה,1,יחידה,false,0.0000,22.9,22.9000,false,1,
7290004253073,false,אגוזי מלך 200גרם,דין שיווק,,אגוזי מלך,יחידה,1,יחידה,false,0.0000,22,22.0000,false,1,
<<<<<<< HEAD
7290004255428,false,נר נשמה 24 שעות - מנורה,"מנורה שי נר בע""מ",,נר נשמה 24 שעות,יחידה,1,יחידה,false,48.0000,2.4,2.4000,false,1,
=======
7290004255428,false,נר נשמה בפחית 24 שעות מנורה,"מנורה שי נר בע""מ",,נר נשמה 24 שעות,יחידה,1,יחידה,false,48.0000,2.4,2.4000,false,1,
>>>>>>> d048ac2f4f281c9d788043ab4e81b61b0dbe3743
7290004339784,false,המבורגר ניו יורק מהצומח על הגריל טבע דלי 400 גרם,טבע דלי,,המבורגר ניו יורק על האש 400 גרם טבע דלי,יחידה,1,יחידה,false,0.0000,27.9,27.9000,false,1,
7290004485399,false,חזה עוף קפוא בתזונה צמחונית,,,חזה עוף קפוא בתזונה צמחונית,"ק""ג",1,"ק""ג",true,0.0000,51.9,51.9000,false,1,
7290004485436,false,כרעיים עוף קפוא בתזונה צמחונית,,,כרעיים עוף קפוא בתזונה צמחונית,"ק""ג",1,"ק""ג",true,0.0000,43.9,43.9000,false,1,
7290004492274,false,בייגלה טבעות מלוחות בייגל בייגל 400 גרם,יוניליוור ישראל שיווק בע`מ,,"בייגלה גל גל 400 גרם ""בייגל בייגל""",יחידה,1,יחידה,false,12.0000,11.9,11.9000,false,1,
7290004502690,false,וודקה פינלנדיה 1 ליטר,,,פינלנדיה 1 ליטר,יחידה,1,יחידה,false,12.0000,105,104.7000,false,1,
7290004502997,false,וודקה פינלנדיה בקבוק,בראון פורמן,,"פינלנדיה 500 מ""ל",יחידה,1,יחידה,false,12.0000,59,58.7000,false,1,
7290004554781,false,קרחון אסקימו שטראוס לימון,גלידות שטראוס בעמ,,"קרחון בטעם לימון ""שטראוס""",יחידה,1,יחידה,false,50.0000,3,3.0000,false,1,
7290004554798,false,"שלגון מטרה פטל,לימון וענבים","מיוצר ע"" גלידת שטראו",,"שלגון מטרה ""שטראוס""",יחידה,1,יחידה,false,32.0000,8,8.0000,false,1,
<<<<<<< HEAD
7290004584306,false,רבעיית גמדים בטעם תות בננה * 100 ג' שטראוס,מיוצר עי קונדיטוריית,,רביעיית גמדים בטעם תות בננה,יחידה,1,יחידה,false,0.0000,11.9,11.9000,true,1,
7290004584351,false,גבינה לבנה סימפוניה עם תוספות 200 ג' חמישית 200,"שטראוס בריאות בע""\מ",,גבינת סימפוניה בטעם טבעי,יחידה,1,יחידה,false,0.0000,12.9,12.9000,false,1,
7290004584528,false,יוגורט דנונה ביו לבן 1.7% שומן 200 גרם,מיוצר עי קונדיטוריית,,1.5% ביו דנונה 200 ג',יחידה,1,יחידה,false,0.0000,3.8,3.8000,false,1,
7290004585907,false,דני ועדן וניל 1.5% 125ג' שטראוס,מיוצר עי קונדיטוריית,,"מעדן דני וניל ""שטראוס""",יחידה,1,יחידה,false,0.0000,2.8,2.8000,false,1,
7290004658953,false,יין סוביניון בלאן פרייבט קולקשן יקבי כרמל,"כד בני דרום בע""מ",,יין סובניון בלאן .P.C,יחידה,1,יחידה,false,0.0000,44.9,44.6000,false,1,
7290004731557,false,"מקסימה תרסיס מרכך ומבשם כביסה במייבש מאסק סנו 750 מ""ל",סנו מקסימה,,"מקסימה למייבש מאסק ""סנו""",יחידה,1,יחידה,false,0.0000,22.9,22.9000,false,1,
7290004737719,false,אספרגוס שלם מקולף בצנצנת ויליפוד 330 גרם,קריות זול,,אספרגוס שלם מקולף בצנצנת 330 ג',יחידה,1,יחידה,false,0.0000,12.9,12.9000,false,1,
7290004872021,false,קרחון רמזור כלפ 48*80גר,גלידות נסטלה )נגה גלידות,,קרחון רמזור כלפ 48*80גר,יחידה,1,יחידה,false,48.0000,3,3.0000,false,1,
7290004872069,false,קרחון לימון כלפ.48*80גרם,גלידות נסטלה )נגה גלידות,,קרחון לימון כלפ.48*80גרם,יחידה,1,יחידה,false,48.0000,3,3.0000,false,1,
7290004872250,false,שלגון שרבט אבטיח נסטלה 108 גרם,גלידות נסטלה )נגה גלידות,,אבטיח שרבט כלפ 36*108גרם 2019,יחידה,1,יחידה,false,36.0000,6,6.0000,false,1,
7290004872359,false,קרחון דובדבן נסטלה 80 גרם,גלידות נסטלה )נגה גלידות,,קרחון דובדבן כלפ. 48*80גרם,יחידה,1,יחידה,false,48.0000,3,3.0000,false,1,
=======
7290004584306,false,רבעיית גמדים בטעם תות בננה * 100 ג' שטראוס,שטראוס גרופ בעמ/מצונן,,רביעיית גמדים בטעם תות בננה,יחידה,1,יחידה,false,0.0000,11.9,11.9000,true,1,
7290004584351,false,גבינה לבנה סימפוניה עם תוספות 200 ג' חמישית 200,שטראוס גרופ בעמ/מצונן,,גבינת סימפוניה בטעם טבעי,יחידה,1,יחידה,false,0.0000,12.9,12.9000,false,1,
7290004584528,false,יוגורט דנונה ביו לבן 1.7% שומן 200 גרם,שטראוס גרופ בעמ/מצונן,,1.5% ביו דנונה 200 ג',יחידה,1,יחידה,false,0.0000,3.8,3.8000,false,1,
7290004585907,false,דני ועדן וניל 1.5% 125ג' שטראוס,שטראוס גרופ בעמ/מצונן,,"מעדן דני וניל ""שטראוס""",יחידה,1,יחידה,false,0.0000,2.8,2.8000,false,1,
7290004658953,false,יין סוביניון בלאן פרייבט קולקשן יקבי כרמל,"כד בני דרום בע""מ",,יין סובניון בלאן .P.C,יחידה,1,יחידה,false,0.0000,44.9,44.6000,false,1,
7290004731557,false,"מקסימה תרסיס מרכך ומבשם כביסה במייבש מאסק סנו 750 מ""ל",החברה הדרומית לשיווק בעמ,,"מקסימה למייבש מאסק ""סנו""",יחידה,1,יחידה,false,0.0000,22.9,22.9000,false,1,
7290004737719,false,אספרגוס שלם מקולף בצנצנת ויליפוד 330 גרם,ג.וילי-פוד אינטרנשיונל בעמ,,אספרגוס שלם מקולף בצנצנת 330 ג',יחידה,1,יחידה,false,0.0000,12.9,12.9000,false,1,
7290004872021,false,קרחון רמזור כלפ 48*80גר,גלידות נסטלה )נגה גלידות,,קרחון רמזור כלפ 48*80גר,יחידה,1,יחידה,false,48.0000,3,3.0000,false,1,
7290004872069,false,קרחון לימון כלפ.48*80גרם,נגה גלידות שותפות מוגבלת,,קרחון לימון כלפ.48*80גרם,יחידה,1,יחידה,false,48.0000,3,3.0000,false,1,
7290004872250,false,שלגון שרבט אבטיח נסטלה 108 גרם,נגה גלידות שותפות מוגבלת,,אבטיח שרבט כלפ 36*108גרם 2019,יחידה,1,יחידה,false,36.0000,6,6.0000,false,1,
7290004872359,false,"קרחון דובדבן עם סוכריות כשל""פ",נגה גלידות שותפות מוגבלת,,קרחון דובדבן כלפ. 48*80גרם,יחידה,1,יחידה,false,48.0000,3,3.0000,false,1,
>>>>>>> d048ac2f4f281c9d788043ab4e81b61b0dbe3743
7290004872731,false,טילון וניל אקסטרים נסטלה 72 גרם,גלידות נסטלה,,אקסטרים טילון וניל,יחידה,1,יחידה,false,0.0000,8,8.0000,false,1,
7290004952778,false,טופו מפולי סויה אורגני הרדוף 300 גר,כפר בריא בעמ,,טופו אורגני 300 גר'- הרדוף,יחידה,1,יחידה,false,10.0000,17.9,17.9000,false,1,
7290005008184,false,"סבון נוזלי בניחוח חלב שקדים פלמוליב 500 מ""ל",הנסיך- מפעל לייצור ט,,"ס. נוזלי לידיים שקדים 500 מ""ל ""פלמוליב""",יחידה,1,יחידה,false,0.0000,17.9,17.9000,false,1,
7290005075148,false,מתוק לי,,,מתוק לי,יחידה,1,יחידה,false,0.0000,12.9,12.9000,false,1,
7290005084355,false,סנסודין משחת שיניים דואל קר פלואוריד 75,גלקסו סמית קליין,,סנסודיין זהב משחת שיניים,יחידה,1,יחידה,false,24.0000,20.9,20.9000,false,1,
<<<<<<< HEAD
7290005174551,false,סלט חומוס עם צנוברים 125 ג' אחלה,מיוצר עי קונדיטוריית,,חומוס יום יום 125 ג',יחידה,1,יחידה,false,0.0000,5.9,5.9000,false,1,
7290005174568,false,סלט חצילים במיונז אחלה 125 גרם,מיוצר עי קונדיטוריית,,חצילים יום יום 125 גרם,יחידה,1,יחידה,false,0.0000,5.9,5.9000,false,1,
7290005174575,false,טחינה אחלה יום יום משובחת 125ג',מיוצר עי קונדיטוריית,,טחינה משובחת 125 גרם,יחידה,1,יחידה,false,0.0000,5.9,5.9000,false,1,
=======
7290005174551,false,סלט חומוס עם צנוברים 125 ג' אחלה,שטראוס גרופ בעמ/מצונן,,חומוס יום יום 125 ג',יחידה,1,יחידה,false,0.0000,5.9,5.9000,false,1,
7290005174568,false,אחלה יום יום חצילים במיונז 125 גרם,שטראוס גרופ בעמ/מצונן,,חצילים יום יום 125 גרם,יחידה,1,יחידה,false,0.0000,5.9,5.9000,false,1,
7290005174575,false,טחינה אחלה יום יום משובחת 125ג',שטראוס גרופ בעמ/מצונן,,טחינה משובחת 125 גרם,יחידה,1,יחידה,false,0.0000,5.9,5.9000,false,1,
>>>>>>> d048ac2f4f281c9d788043ab4e81b61b0dbe3743
7290005197758,false,"עוגיות חיוכים שוקולד עלית 150 גרם בד""צ",אפיפית נצרת תעשיות ב,,"עוגיות חיוכים שוקו 150 ג' ""עלית""",יחידה,1,יחידה,false,24.0000,5.9,5.9000,false,1,
7290005200786,false,תפוצ'יפס בטעם שמנת בצל עלית 50 גרם,"שטראוס פריטו ליי בע""\מ )",,תפוצ'יפס בטעם שמנת בצל 50 ג',יחידה,1,יחידה,false,48.0000,5,5.0000,false,1,
7290005287336,false,סטארקיסט טונה בשמן 80גרם שלישיות - בדצ עדה חרדית,סטארקיסט,,סטארקיסט טונה בשמן 80גרם שלישיות - בדצ עדה חרדית,יחידה,1,יחידה,false,40.0000,13.9,13.9000,false,1,
7290005287527,false,"סטארקיסט טונה בשמן עם לימון 160 גרם בד""צ",סטארקיסט דיפלומט היינץ,,סטארקיסט בטעם לימון 160גרם,יחידה,1,יחידה,false,24.0000,9.9,9.9000,false,1,
7290005326585,false,ממרח אוליביה פסטו בזיליקום 180 ג',"אוליביה גורמה בע""מ",,פסטו בזיליקום,יחידה,1,יחידה,false,0.0000,13.9,13.9000,false,1,
<<<<<<< HEAD
7290005423833,false,פוליויקס נוזל לניקוי פרקט סנו 2 ליטר,"סנו מפעלי ברונוס בע""\מ",,"ניקוי לפרקט 2 ליטר ""פוליויקס""",יחידה,1,יחידה,false,0.0000,24.9,24.9000,false,1,
7290005424847,false,"מפיות סופט לבנות לשולחן (150 יח') ""סנו""",מיוצר עי קונדיטוריית,,"מפיות סופט לבנות לשולחן (150 יח') ""סנו""",יחידה,1,יחידה,false,0.0000,10,10.0000,false,1,
7290005426193,false,ספוגית הפלא סנו סושי 6 יחידות,טרופיקל דגיל תעשיות,,"ספוג הפלא ""סנו סושי""",יחידה,1,יחידה,false,0.0000,14.9,14.9000,false,1,
7290005426230,false,מטלית הפלא לרצפה מיקרופייבר סנו 1יח',סנו סושי,,"סחבת הפלא לריצפה ""סנו סושי""",יחידה,1,יחידה,false,0.0000,14.9,14.9000,false,1,
7290005428852,false,ממחטות טישו צבעוניים סנו סופט 5 יח' *100דף,ישרפייפר,,"טישו לאף סופט צבעוני ""סנו""",יחידה,1,יחידה,false,0.0000,18.9,18.9000,false,1,
7290005430602,false,"סנו אוקסיג'ן ספריי להסרת כתמים עם חמצן פעיל 750 מ""ל","סנו מפעלי ברונוס בע""",,"מרסס מסיר כתמים ""אוקסיג'ן""",יחידה,1,יחידה,false,0.0000,22.9,22.9000,false,1,
7290005559907,false,פיצה משפחתית 100% גבינה מעדנות 500 גרם,מיוצר עי קונדיטוריית,,פיצה משפחתית גבינה,00000,1,00000,false,10.0000,21.9,21.9000,true,1,
7290005559914,false,פיצה משפחתית עם 100% גבינה בתוספת זיתים מעדנות 550 גרם,מיוצר עי קונדיטוריית,,פיצה משפחתית זיתים,00000,1,00000,false,0.0000,25.9,25.9000,true,1,
7290005559990,false,בצק פילאס תורכי מעדנות 600 גרם,מיוצר עי קונדיטוריית,,בצק פילאס תורכי מעדנות,00000,1,00000,false,16.0000,26.9,26.9000,true,1,
=======
7290005423833,false,פוליוויקס נוזל לניקוי פרקט סנו (2 ליטר).,החברה הדרומית לשיווק בעמ,,"ניקוי לפרקט 2 ליטר ""פוליויקס""",יחידה,1,יחידה,false,0.0000,24.9,24.9000,false,1,
7290005424847,false,"מפיות סופט לבנות לשולחן (150 יח') ""סנו""",החברה הדרומית לשיווק בעמ,,"מפיות סופט לבנות לשולחן (150 יח') ""סנו""",יחידה,1,יחידה,false,0.0000,10,10.0000,false,1,
7290005426193,false,ספוגית הפלא סנו סושי 6 יחידות,החברה הדרומית לשיווק בעמ,,"ספוג הפלא ""סנו סושי""",יחידה,1,יחידה,false,0.0000,14.9,14.9000,false,1,
7290005426230,false,מטלית הפלא לרצפה מיקרופייבר סנו 1יח',החברה הדרומית לשיווק בעמ,,"סחבת הפלא לריצפה ""סנו סושי""",יחידה,1,יחידה,false,0.0000,14.9,14.9000,false,1,
7290005428852,false,ממחטות טישו צבעוניים סנו סופט 5 יח' *100דף,החברה הדרומית לשיווק בעמ,,"טישו לאף סופט צבעוני ""סנו""",יחידה,1,יחידה,false,0.0000,18.9,18.9000,false,1,
7290005430602,false,"סנו אוקסיג'ן ספריי להסרת כתמים עם חמצן פעיל 750 מ""ל",החברה הדרומית לשיווק בעמ,,"מרסס מסיר כתמים ""אוקסיג'ן""",יחידה,1,יחידה,false,0.0000,22.9,22.9000,false,1,
7290005559907,false,פיצה משפחתית 100% גבינה מעדנות 500 גרם,תנובה מרכז שיתופי לשיווק תוצרת,,פיצה משפחתית גבינה,00000,1,00000,false,10.0000,21.9,21.9000,true,1,
7290005559914,false,פיצה משפחתית עם 100% גבינה בתוספת זיתים מעדנות 550 גרם,תנובה מרכז שיתופי לשיווק תוצרת,,פיצה משפחתית זיתים,00000,1,00000,false,0.0000,25.9,25.9000,true,1,
7290005559990,false,בצק עלים פילאס תורכי 600 גרם קפוא,תנובה מרכז שיתופי לשיווק תוצרת,,בצק פילאס תורכי מעדנות,00000,1,00000,false,16.0000,26.9,26.9000,true,1,
>>>>>>> d048ac2f4f281c9d788043ab4e81b61b0dbe3743
7290005588976,false,טחינה כרובי 500 גרם,,,טחינה כרובי 500 גרם,יחידה,1,יחידה,false,0.0000,19.9,19.9000,false,1,
7290005588983,false,חומוס מי ומי 500 גרם,General,,חומוס מי ומי 500 גרם,יחידה,1,יחידה,false,0.0000,19.9,19.9000,false,1,
7290005591761,false,דבש טהור מפרחי בר בלחיץ 400 ג' יד מרדכי,מכוורת יד מרדכי שטרא,,דבש טהור לחיץ 400 ג' יד מרדכי,יחידה,1,יחידה,false,12.0000,24.8,24.8000,false,1,
7290005697333,false,קממבר עיזים מנות שקיל גלילי,גלילי,,קממבר עיזים-הרועה הגלילי,"ק""ג",1,"ק""ג",true,0.0000,199.9,199.9000,false,1,
7290005697388,false,גבינת קממבר גלילי במ,גלילי,,גבינת קממבר גלילי,"ק""ג",1,"ק""ג",true,0.0000,199.9,199.9000,false,1,
7290005803628,false,קרחון מלון - צבע מאכל טבעי,גלידות נסטלה )נגה גלידות,,קרטיב מלון,יחידה,1,יחידה,false,0.0000,3,3.0000,false,1,
7290005838002,false,מעדן גבינה ויוגורט בטעם וניל 88 ג' דניאלה,שטראוס גרופ בעמ/מצונן,,דניאלה וניל,יחידה,1,יחידה,false,0.0000,4.5,4.5000,false,1,
7290005838613,false,קרם גבינה 3% בטעם וניל סקי (125 גרם),שטראוס גרופ בעמ/מצונן,,"סקי וניל בודד 125 גרם ""שטראוס""",יחידה,1,יחידה,false,0.0000,4.2,4.2000,false,1,
7290005838972,false,סקי יום יום גבינה לבנה %5 125 גרם,שטראוס גרופ בעמ/מצונן,,"סקי יום יום 5% ""שטראוס""",יחידה,1,יחידה,false,0.0000,3.7,3.7000,false,1,
7290005839078,false,שמיניית יוגורט לבן 3% ביו דנונה 150 גרם,שטראוס גרופ בעמ/מצונן,,מארז 8 ביו 3% 150 ג',יחידה,1,יחידה,false,0.0000,17.9,17.9000,false,1,
7290005839108,false,גבינה לבנה סימפוניה עם תוספות 200 ג'+זיתים 5%,שטראוס גרופ בעמ/מצונן,,גבינת סימפוניה 5% בטעם זיתים,יחידה,1,יחידה,false,0.0000,12.9,12.9000,false,1,
7290005839313,false,מילקי Top עם שוקולדה מגולגלת 140 גרם,שטראוס גרופ בעמ/מצונן,,מילקי טופ,יחידה,1,יחידה,false,0.0000,4.9,4.9000,false,1,
7290005854569,false,שלגון בננה מצופה שוקולד,גלידות שטראוס בעמ,,שוקו בננה,יחידה,1,יחידה,false,0.0000,6,6.0000,false,1,
7290005896620,false,סאן בנדטו - מוגז עדין - 1.5 ליטר,אקווה מינרלה סאן בנד,,סאן בנדטו - מוגז עדין - 1.5 ליטר,יחידה,1,יחידה,false,0.0000,6,5.7000,false,1,
7290005938245,false,ממרח פסטו קלאסי פרסקו 220ג' מצונן,מיוצר עי פרסקו חצבה,,פסטו קלאסי 220 גרם,יחידה,1,יחידה,false,0.0000,19.9,19.9000,false,1,
<<<<<<< HEAD
7290005992018,false,"יוגורט עיזים לשתיה 3% מחלבות גד 500 מ""ל","מיוצר ע""\י קוד יצרן MKN",,"יוגורט עזים 3 אחוז 500 מ""ל גד",יחידה,1,יחידה,false,0.0000,14.9,14.9000,false,1,
7290005992575,false,גבינה בולגרית למריחה 5% גד 250 גרם,מחלבות גד בעמ,,בולגרית למריחה 5% גד 250 גרם,יחידה,1,יחידה,false,0.0000,17.9,17.9000,false,1,
7290005992735,false,לאבנה טבעית 5% 250 גר' - רבנות,הנסיך- מפעל לייצור ט,,לאבנה טבעי 5 אחוז 250גרם גד,יחידה,1,יחידה,false,0.0000,12.9,12.9000,false,1,
7290005996221,false,פסטרמה של פעם דקדק יחיעם 120 גרם,מעדני יחיעם,,פסטרמה של פעם דק דק 120 גרם,00000,1,00000,false,0.0000,15.9,15.9000,true,1,
7290006199218,false,"שמיניית גלידל אייס מוקה ""פלדמן""",הגלידות של פלדמן,,"שמיניית גלידל אייס מוקה ""פלדמן""",יחידה,1,יחידה,false,0.0000,36.9,36.9000,false,1,
7290006271181,false,ג'חנון אפוי למיקרוגל מעדנות 750 גרם,מיוצר עי קונדיטוריית,,ג'חנון אפוי מעדנות,00000,1,00000,false,10.0000,27.9,27.9000,false,1,
7290006272072,false,חטיפי פיצה גבינה מעדנות 650 גרם,"מעדנות בע""\מ",,חטיפי פיצה גבינה מוזל,00000,1,00000,false,8.0000,36.9,36.9000,true,1,
7290006272430,false,בצק עלים חמאה מעדנות 600 גרם,מיוצר עי קונדיטוריית,,בצק עלים חמאה,00000,1,00000,false,9.0000,29.9,29.9000,false,1,
7290006346018,false,"הבולגרית של דורית 250 גרם ""מונטה קרלו""",מונטה קרלו,,"הבולגרית של דורית 250 גרם ""מונטה קרלו""",יחידה,1,יחידה,false,0.0000,32.9,32.9000,false,1,
7290006346414,false,"אבוקדו 250 גרם ""מונטה קרלו""",קלאס פוד,,"אבוקדו 250 גרם ""מונטה קרלו""",00000,1,00000,false,0.0000,22.9,22.9000,false,1,
7290006374738,false,קונפיטורית תות 340 גר' יד מרדכי,אף.סי תבליני בגליל ב,,קונפיטורת תות 340 ג' יד מרדכי,יחידה,1,יחידה,false,0.0000,15.9,15.9000,false,1,
7290006492432,false,גבינת מוצרלה בייבי 18% גד 150 גרם,מחלבות גד בעמ,,בייבי מוצרלה 18 אחוז 150גרם גד,יחידה,1,יחידה,false,0.0000,15.9,15.9000,false,1,
7290006492616,false,גבינה בולגרית מעודנת פרוסות 5% גד 250 גרם,DSH עבור מחלבות גד ב,,בולגרית גד בפרוסות 5% 250 גרם,יחידה,1,יחידה,false,0.0000,28.9,28.9000,false,1,
7290006492630,false,גבינת פרומעז עיזים 22% גד 180 גרם,מחלבות גד בעמ,,גליל גד עז 26 אחוז 180 גרם,יחידה,1,יחידה,false,0.0000,24,24.0000,false,1,
7290006492685,false,גבינת לאבנה עיזים 5% גד 250 גרם,מחלבות גד בעמ,,לאבנה עיזים גד,יחידה,1,יחידה,false,0.0000,18.9,18.9000,false,1,
7290006492852,false,גבינת עיזים למריחה 5% שומן 250 ג' גד,קריות זול,,גבינת עזים למריחה 5 אחוז 250גרם גד,יחידה,1,יחידה,false,0.0000,18.9,18.9000,true,1,
7290006492913,false,גבינת לאבנה ציזיקי 5% מחלבות גד 250 גרם,מחלבות גד בעמ,,לאבנה ציזיקי 5 אחוז 250גרם גד,יחידה,1,יחידה,false,0.0000,13.9,13.9000,false,1,
=======
7290005992018,false,"יוגורט עיזים לשתיה 3% מחלבות גד 500 מ""ל",מחלבות גד שיווק 1992 בעמ,,"יוגורט עזים 3 אחוז 500 מ""ל גד",יחידה,1,יחידה,false,0.0000,14.9,14.9000,false,1,
7290005992575,false,גבינה בולגרית למריחה 5% גד (250 גרם),מחלבות גד שיווק 1992 בעמ,,בולגרית למריחה 5% גד 250 גרם,יחידה,1,יחידה,false,0.0000,17.9,17.9000,false,1,
7290005992735,false,לאבנה טבעית 5% 250 גר' - רבנות,מחלבות גד שיווק 1992 בעמ,,לאבנה טבעי 5 אחוז 250גרם גד,יחידה,1,יחידה,false,0.0000,12.9,12.9000,false,1,
7290005996221,false,פסטרמה של פעם דק דק (120 גר`)יחיעם,מעדני יחיעם (1993) בעמ,,פסטרמה של פעם דק דק 120 גרם,00000,1,00000,false,0.0000,15.9,15.9000,true,1,
7290006199218,false,"שמיניית גלידל אייס מוקה ""פלדמן""",הגלידות של פלדמן,,"שמיניית גלידל אייס מוקה ""פלדמן""",יחידה,1,יחידה,false,0.0000,36.9,36.9000,false,1,
7290006271181,false,ג'חנון אפוי למיקרוגל מעדנות 750 גרם,תנובה מרכז שיתופי לשיווק תוצרת,,ג'חנון אפוי מעדנות,00000,1,00000,false,10.0000,27.9,27.9000,false,1,
7290006272072,false,חטיפי פיצה גבינה מעדנות 650 גרם,תנובה קפואים,,חטיפי פיצה גבינה מוזל,00000,1,00000,false,8.0000,36.9,36.9000,true,1,
7290006272430,false,בצק עלים חמאה חלבי מעדנות (600 גרם),מיוצר עי קונדיטוריית,,בצק עלים חמאה,00000,1,00000,false,9.0000,29.9,29.9000,false,1,
7290006346018,false,"הבולגרית של דורית 250 גרם ""מונטה קרלו""",מונטה קרלו,,"הבולגרית של דורית 250 גרם ""מונטה קרלו""",יחידה,1,יחידה,false,0.0000,32.9,32.9000,false,1,
7290006346414,false,סלט אבוקדו מונטה קרלו 250 גרם,ירין חזון שיווק ומזון,,"אבוקדו 250 גרם ""מונטה קרלו""",00000,1,00000,false,0.0000,22.9,22.9000,false,1,
7290006374738,false,קונפיטורה תות יד מרדכי בטעם תות,אף.סי תבליני בגליל ב,,קונפיטורת תות 340 ג' יד מרדכי,יחידה,1,יחידה,false,0.0000,15.9,15.9000,false,1,
7290006492432,false,גבינה מוצרלה בייבי 18% גד (150 גרם),מחלבות גד שיווק 1992 בעמ,,בייבי מוצרלה 18 אחוז 150גרם גד,יחידה,1,יחידה,false,0.0000,15.9,15.9000,false,1,
7290006492616,false,גבינה בולגרית מעודנת פרוסות 5% גד 250 גרם,מחלבות גד שיווק 1992 בעמ,,בולגרית גד בפרוסות 5% 250 גרם,יחידה,1,יחידה,false,0.0000,28.9,28.9000,false,1,
7290006492630,false,גבינת פרומעז עיזים 22% גד 180 גרם,מחלבות גד שיווק 1992 בעמ,,גליל גד עז 26 אחוז 180 גרם,יחידה,1,יחידה,false,0.0000,24,24.0000,false,1,
7290006492685,false,גבינת לאבנה עיזים 5% גד (250 גרם),מחלבות גד שיווק 1992 בעמ,,לאבנה עיזים גד,יחידה,1,יחידה,false,0.0000,18.9,18.9000,false,1,
7290006492852,false,גבינת עיזים למריחה 5% שומן 250 ג' גד,מחלבות גד שיווק 1992 בעמ,,גבינת עזים למריחה 5 אחוז 250גרם גד,יחידה,1,יחידה,false,0.0000,18.9,18.9000,true,1,
7290006492913,false,גבינת לאבנה ציזיקי 5% מחלבות גד 250 גרם,מחלבות גד שיווק 1992 בעמ,,לאבנה ציזיקי 5 אחוז 250גרם גד,יחידה,1,יחידה,false,0.0000,13.9,13.9000,false,1,
>>>>>>> d048ac2f4f281c9d788043ab4e81b61b0dbe3743
7290006559067,false,גבינת בורטה חצי קשה,,,בורטה יחידות,יחידה,1,יחידה,false,0.0000,29.9,29.9000,false,1,
7290006559098,false,לבנה בופאלו כדור בשמן זית 250גר,,,לבנה כדורים בשמן זית,יחידה,1,יחידה,false,0.0000,33.9,33.9000,false,1,
7290006559180,false,לבנה בופאלו למריחה 250 גר,,,לבנה למריחה בופאלו,יחידה,1,יחידה,false,0.0000,21.9,21.9000,false,1,
7290006559265,false,גבינת מוצרלה בופאלו,,,מוצרלה די בופאלו,יחידה,1,יחידה,false,0.0000,44.9,44.9000,false,1,
7290006559340,false,בוקצינו די בופאלו 150 גר,,,בוקנציני די בופאלו,יחידה,1,יחידה,false,0.0000,27.9,27.9000,false,1,
7290006559388,false,"יורט סגנון של יוגורט 850 גרם ""בופלו""",מחלבת חוות הבופאלו,,"יורט סגנון של יוגורט 850 גרם ""בופלו""",יחידה,1,יחידה,false,0.0000,26.9,26.9000,false,1,
7290006559692,false,גבינת קדם %00 55ג' בופלו,,,גבינת קדם %00 55ג' בופלו,יחידה,1,יחידה,false,0.0000,29.9,29.9000,false,1,
7290006559975,false,גבינת בופאלו עיראקית,,,גבינת בופאלו עיראקית,"ק""ג",1,"ק""ג",true,0.0000,149.9,149.9000,false,1,
<<<<<<< HEAD
7290006653819,false,פתיתי קוסקוס דק 350 גרם,"מיוצר ע""י קוד יצרן K",,קוסקוס דק 350 ג',יחידה,1,יחידה,false,12.0000,8.9,8.9000,false,1,
7290006664655,false,"אקטימל לבן טבעי מארז 100X8 מ""ל",מיוצר עי קונדיטוריית,,שמיניית אקטימל בטעם טבעי,יחידה,1,יחידה,false,0.0000,22.9,22.9000,false,1,
7290006664990,false,"יוגורט דנונה ביו לבן 1.7% שומן 8*150 מ""ל",מיוצר עי קונדיטוריית,,מארז 8 ביו 1.5% 150 ג',יחידה,1,יחידה,false,0.0000,17.9,17.9000,false,1,
7290006681065,false,"קסטה שוקו וניל ""שטראוס""","מיוצר ע""\י גלידת שטראוס",,"קסטה שוקו וניל ""שטראוס""",יחידה,1,יחידה,false,43.0000,10,10.0000,false,1,
7290006681560,false,קרמבו בטעם מוקה שטראוס 8 יחידות,"גלידת שטראוס בע""\מ",,קרמבו בטעם מוקה (8 יח'),יחידה,1,יחידה,false,0.0000,17.5,17.5000,false,1,
=======
7290006653819,false,קוסקוס אמיתי דק בשקית 350 גרם,קבוצת אוסם סחר שותפות מוגבלת,,קוסקוס דק 350 ג',יחידה,1,יחידה,false,12.0000,8.9,8.9000,false,1,
7290006664655,false,דנונה Actimel יוגורט טבעי 8*100 מ``ל,שטראוס גרופ בעמ/מצונן,,שמיניית אקטימל בטעם טבעי,יחידה,1,יחידה,false,0.0000,22.9,22.9000,false,1,
7290006664990,false,"יוגורט דנונה ביו לבן 1.7% שומן 8*150 מ""ל",שטראוס גרופ בעמ/מצונן,,מארז 8 ביו 1.5% 150 ג',יחידה,1,יחידה,false,0.0000,17.9,17.9000,false,1,
7290006681065,false,"קסטה שוקו וניל ""שטראוס""","מיוצר ע""\י גלידת שטראוס",,"קסטה שוקו וניל ""שטראוס""",יחידה,1,יחידה,false,43.0000,10,10.0000,false,1,
7290006681560,false,קרמבו בטעם מוקה שטראוס 8 יחידות,"גלידות שטראוס בע""מ",,קרמבו בטעם מוקה (8 יח'),יחידה,1,יחידה,false,0.0000,17.5,17.5000,false,1,
>>>>>>> d048ac2f4f281c9d788043ab4e81b61b0dbe3743
7290006739346,false,נקניקיות פרגיות טרי 400 גרם זוגלובק,נקניק נהריה כשר זוגל,,נקניקיות פרגיות 400,יחידה,1,יחידה,false,0.0000,15.9,15.9000,false,1,
7290006739414,false,נקניק סלמי קוניאק זוגלובק 300 גרם,נקניק נהריה כשר זוגל,,סלמי קוניאק 300 גרם,יחידה,1,יחידה,false,0.0000,27.9,27.9000,false,1,
7290006739445,false,שניצל תירס קלאסי 750 ג' זוגלובק,נקניק נהריה כשר זוגל,,שניצל תירס קלאסי 750 גרם,יחידה,1,יחידה,false,0.0000,32.9,32.9000,false,1,
7290006742278,false,פסטרמה הודו צלויה על לבנים 330 ג' זוגלובק,נקניק נהריה כשר זוגל,,פסטרמה צלויה על לבנים 330 גרם,יחידה,1,יחידה,false,0.0000,27.9,27.9000,false,1,
7290006742292,false,פסטרמה הודו בדבש 330 ג' זוגלובק,נקניק נהריה כשר זוגל,,פסטרמה בדבש 330 גרם,יחידה,1,יחידה,false,0.0000,27.9,27.9000,false,1,
<<<<<<< HEAD
7290006764478,false,"בירה נשר מאלט בקבוק זכוכית 330 מ""ל","טמפו משקאות בע""מ",,"בירה נשר מאלט בקבוק זכוכית 330 מ""ל",יחידה,1,יחידה,false,6.0000,5.5,5.2000,false,1,
7290006775016,false,עוגה מבית טוב 450 גרם תפוז,אחדות ביחר לטחינה חל,,אחווה עוגת תפוז 450 גרם,יחידה,1,יחידה,false,0.0000,12.9,12.9000,false,1,
7290006775030,false,"עוגה מבית טוב"" 450 גרם שוקו-ציפס",אחדות ביחר לטחינה חל,,עוגת שוקו צ'יפס אחוה 450 גרם,יחידה,1,יחידה,false,0.0000,12.9,12.9000,false,1,
7290006775047,false,"עוגה מבית טוב"" 450 גרם שוקולד",אחדות ביחר לטחינה חל,,עוגת שוקולד אחוה 450 גרם,יחידה,1,יחידה,false,0.0000,12.9,12.9000,false,1,
7290006775054,false,עוגת שיש אחווה 450 ג' אחוה,אחדות ביחר לטחינה חל,,עוגת שיש אחוה 450 גרם,יחידה,1,יחידה,false,0.0000,12.9,12.9000,false,1,
7290006805850,false,פילסברי פנקייק תערובת להכנת חביתיות,הדקלאים אגודת שיתופי,,פילסברי פנקייק תערובת להכנת חביתיות,00000,1,00000,false,1.0000,20,20.0000,false,1,
7290006822192,false,נקטר דיאט חמוציות אושן ספריי פריגת 1 ליטר,מבשלות בירה בינלאומיות ב,,אושן ספריי נקטר חמוציות דיאט,יחידה,1,יחידה,false,15.0000,12.9,12.6000,false,1,
7290006866363,false,מיץ סחוט אשכוליות אדומות פרימור 1 ליטר,"גניר (1992) בע""מ",,פרימור סחוט 1 ל'- אשכולית אדומה,יחידה,1,יחידה,false,0.0000,16.9,16.6000,false,1,
7290006908377,false,שקד טבעי 150 גר פיצוחי חממה,בוטנת,,שקד טבעי 150 גר פיצוחי חממה,יחידה,1,יחידה,false,0.0000,18.9,18.9000,false,1,
7290006908520,false,"""סופר יודה"" שזיף 200 גרם",,,"""סופר יודה"" שזיף 200 גרם",יחידה,1,יחידה,false,0.0000,12.9,12.9000,false,1,
7290006983152,false,קרוטונים מתובלים למרק אסם 400 גרם,עינת תעשיות מזון אגו,,אסם קרוטונים מתובלים 400 גרם,יחידה,1,יחידה,false,12.0000,21.9,21.9000,false,1,
7290006983763,false,עוגת הבית שוקולד 400 גרם אסם.,מיוצר עי קונדיטוריית,,הבית עוגת שוקולד 400 גרם,יחידה,1,יחידה,false,8.0000,15.9,15.9000,false,1,
7290006983770,false,עוגת הבית שיש אסם 400 גרם,מיוצר עי קונדיטוריית,,הבית עוגת שיש 400 גרם,יחידה,1,יחידה,false,8.0000,15.9,15.9000,false,1,
7290006983794,false,עוגת הבית בטעם תפוז אסם 400 גרם,מיוצר עי קונדיטוריית,,הבית עוגת תפוז 400 גרם,יחידה,1,יחידה,false,8.0000,15.9,15.9000,false,1,
=======
7290006764478,false,"בירה נשר מאלט בקבוק זכוכית 330 מ""ל",החברה המרכזית להפצת משקאות בעמ,,"בירה נשר מאלט בקבוק זכוכית 330 מ""ל",יחידה,1,יחידה,false,6.0000,5.5,5.2000,false,1,
7290006775016,false,עוגת תפוז אחוה (450 גרם)אחוה,אחדות ביתחרושת לטחינה חלבה,,אחווה עוגת תפוז 450 גרם,יחידה,1,יחידה,false,0.0000,12.9,12.9000,false,1,
7290006775030,false,עוגת שוקו צ`יפס אחוה (450 גרם)אחוה,אחדות ביתחרושת לטחינה חלבה,,עוגת שוקו צ'יפס אחוה 450 גרם,יחידה,1,יחידה,false,0.0000,12.9,12.9000,false,1,
7290006775047,false,עוגת שוקולד אחוה (450 גרם)אחוה,אחדות ביתחרושת לטחינה חלבה,,עוגת שוקולד אחוה 450 גרם,יחידה,1,יחידה,false,0.0000,12.9,12.9000,false,1,
7290006775054,false,עוגת שיש אחוה (450 גרם)אחוה,אחדות ביתחרושת לטחינה חלבה,,עוגת שיש אחוה 450 גרם,יחידה,1,יחידה,false,0.0000,12.9,12.9000,false,1,
7290006805850,false,תערובת להכנת פנקייקס פילסברי (500 גרם),הדקלאים אגודת שיתופי,,פילסברי פנקייק תערובת להכנת חביתיות,00000,1,00000,false,1.0000,20,20.0000,false,1,
7290006822192,false,נקטר דיאט חמוציות אושן ספריי פריגת 1 ליטר,החברה המרכזית להפצת משקאות בעמ,,אושן ספריי נקטר חמוציות דיאט,יחידה,1,יחידה,false,15.0000,12.9,12.6000,false,1,
7290006866363,false,מיץ סחוט אשכוליות אדומות פרימור 1 ליטר,שטראוס גרופ בעמ/מצונן,,פרימור סחוט 1 ל'- אשכולית אדומה,יחידה,1,יחידה,false,0.0000,16.9,16.6000,false,1,
7290006908377,false,שקד טבעי 150 גר פיצוחי חממה,בוטנת בעמ,,שקד טבעי 150 גר פיצוחי חממה,יחידה,1,יחידה,false,0.0000,18.9,18.9000,false,1,
7290006908520,false,"""סופר יודה"" שזיף 200 גרם",,,"""סופר יודה"" שזיף 200 גרם",יחידה,1,יחידה,false,0.0000,12.9,12.9000,false,1,
7290006983152,false,קרוטונים מתובלים למרק אסם (400 גרם),קבוצת אוסם סחר שותפות מוגבלת,,אסם קרוטונים מתובלים 400 גרם,יחידה,1,יחידה,false,12.0000,21.9,21.9000,false,1,
7290006983763,false,עוגת הבית בטעם שוקולד אסם (400 גרם),קבוצת אוסם סחר שותפות מוגבלת,,הבית עוגת שוקולד 400 גרם,יחידה,1,יחידה,false,8.0000,15.9,15.9000,false,1,
7290006983770,false,עוגת הבית שיש אסם (400 גרם),קבוצת אוסם סחר שותפות מוגבלת,,הבית עוגת שיש 400 גרם,יחידה,1,יחידה,false,8.0000,15.9,15.9000,false,1,
7290006983794,false,עוגת הבית בטעם תפוז אסם 400 גרם,קבוצת אוסם סחר שותפות מוגבלת,,הבית עוגת תפוז 400 גרם,יחידה,1,יחידה,false,8.0000,15.9,15.9000,false,1,
>>>>>>> d048ac2f4f281c9d788043ab4e81b61b0dbe3743
7290007789128,false,תפוח עץ 150 גרם,,,תפוח עץ 150 גרם,00000,1,00000,false,0.0000,14.9,14.9000,false,1,
7290007789166,false,פקאן סיני 250 גרם,,,פקאן סיני 250 גרם,00000,1,00000,false,0.0000,29.9,29.9000,false,1,
7290007789531,false,פקאן טבעי 150 גרם,,,פקאן טבעי 150 גרם,00000,1,00000,false,0.0000,19.9,19.9000,false,1,
7290007789548,false,חמוציות ללא תוספת סוכר 200 גרם,,,חמוציות ללא תוספת סוכר 200 גרם,00000,1,00000,false,0.0000,15.9,15.9000,false,1,
7290007789562,false,משמש טורקי 200 גרם,,,משמש טורקי 200 גרם,00000,1,00000,false,0.0000,16.9,16.9000,false,1,
7290008175173,false,חמאה מפינלנד ללא מלח 200 גרם ויליפוד,ג.וילי-פוד אינטרנשיונל **גבינו,,חמאה מקורית מפינלנד ללא מלח 200 גרם,יחידה,1,יחידה,false,0.0000,12.9,12.9000,false,1,
7290008175210,false,גבינת פרמזן מגורדת 90ג' ויליפוד,ג.וילי-פוד אינטרנשיונל **גבינו,,פרמזן- מגורדת מלחיה 90 גרם,יחידה,1,יחידה,false,0.0000,19.9,19.9000,false,1,
7290008175814,false,וילי פוד פטריות שמפיניון חתוך בדץ 400ג,ג.וילי-פוד אינטרנשיונל בעמ,,פטריות שמפיניון חתוכות ויליפוד,יחידה,1,יחידה,false,0.0000,5.8,5.8000,false,1,
7290008343466,false,בצק פילו שלושת האופים (500 גרם),שלושת האופים שגמור,,בצק פילו 500 גרם,יחידה,1,יחידה,false,0.0000,23.5,23.5000,false,1,
7290008409100,false,אצבעות שניצל בציפוי שומשום מאמא עוף 700 גרם,תנובה גליל שותפות מוגבלת,,אצבעות שומשום,00000,1,00000,false,0.0000,36.9,36.9000,false,1,
<<<<<<< HEAD
7290008409124,false,מאמא עוף קפוא שניצל ג'ונגל פריך 700 גרם,תנובה גליל שותפות מוגבלת,,שניצל ג'ונגל,00000,1,00000,false,10.0000,36.9,36.9000,false,1,
7290008409551,false,שניצל עוף אמיתי בציפוי מעודן 700 ג' מאמא עוף,תנובה גליל שותפות מוגבלת,,שניצל אמיתי מעודן,00000,1,00000,false,10.0000,44.9,44.9000,true,1,
7290008409773,false,קציצות עוף אמיתיות מאמא עוף 700 גרם,תנובה גליל שותפות מוגבלת,,קציצות עוף והודו ארוז,00000,1,00000,false,10.0000,34.9,34.9000,false,1,
7290008461221,false,סרדינים רוברט בשמן חמניות 115 גרם,קונסוורס,,"סרדינים בשמן חמניות, 115 גרם",יחידה,1,יחידה,false,0.0000,8.9,8.9000,false,1,
7290008462204,false,חרדל דיז'ון מקורי נטו מאי 380 גרם,יוליניבר,,"חרדל דיז'ון מקורי, 380 גרם",יחידה,1,יחידה,false,0.0000,17.9,17.9000,true,1,
7290008464024,false,"בירה גולדסטאר Unfiltered, בירה לא מסוננת, פחית 500 מ""ל","טמפו משקאות בע""מ",,"בירה גולדסטאר Unfiltered, בירה לא מסוננת, פחית 500 מ""ל",יחידה,1,יחידה,false,24.0000,12,11.7000,false,1,
7290008464130,false,"בירה גולדסטאר Unfiltered, בירה לא מסוננת, מארז שישייה, בקבוק 330 מ""ל",טמפו,,"בירה גולדסטאר Unfiltered, בירה לא מסוננת, מארז שישייה, בקבוק 330 מ""ל",יחידה,1,יחידה,false,4.0000,49.9,48.1000,true,1,
7290008464338,false,בירה מכבי בקבוק בודד 330 מל,בירה מכבי,,"בירה מכבי בקבוק 330 מ""ל",יחידה,1,יחידה,false,6.0000,8,7.7000,false,1,
7290008464345,false,"בירה גולדסטאר, בקבוק 330 מ''ל",פארייפאבה אגרואינדוס,,"בירה גולדסטאר, בקבוק 330 מ''ל",יחידה,1,יחידה,false,0.0000,8,7.7000,false,1,
7290008464468,false,"בירה גולדסטאר, פחית 500 מ""ל",פארייפאבה אגרואינדוס,,"בירה גולדסטאר, פחית 500 מ""ל",יחידה,1,יחידה,false,24.0000,11,10.7000,false,1,
7290008464604,false,"בירה הייניקן פחית 500 מ""ל",טמפו משקאות בע''מ,,"בירה היינקן, פחית 500 מ""ל",יחידה,1,יחידה,false,24.0000,14,13.7000,false,1,
7290008464611,false,"הסודה של טמפו, מי סודה בגיזוז חזק, 275 מל",טמפו משקאות בעמ,,"הסודה של טמפו, מי סודה בגיזוז חזק, 275 מל",יחידה,1,יחידה,false,24.0000,5,4.7000,false,1,
7290008464673,false,"בירה גולדסטאר SLOWBREW פחית 10%, 500 מ""ל","טמפו משקאות בע""\מ",,"גולדסטאר SLOW BREW פחית 500 מ""ל",יחידה,1,יחידה,false,0.0000,12,11.7000,false,1,
7290008464697,false,"בירה מכבי 7.9%, בירה חזקה, מארז שישייה, בקבוק 330 מ""ל",טמפו,,"בירה מכבי 7.9%, בירה חזקה, מארז שישייה, בקבוק 330 מ""ל",יחידה,1,יחידה,false,4.0000,45.9,44.1000,true,1,
7290008464741,false,"בירה גולדסטאר, מארז שישייה, בקבוק 330 מ''ל","טמפו משקאות בע""\מ",,"בירה גולדסטאר, מארז שישייה, בקבוק 330 מ''ל",יחידה,1,יחידה,false,4.0000,39.9,38.1000,true,1,
7290008493413,false,פירורי לחם מאיר בייגל פירורי גריסיני 200 גרם,מאיר את ביגל,,מאיר בייגל פירורי גריסיני חדש 200 גרם,יחידה,1,יחידה,false,16.0000,6.9,6.9000,false,1,
7290008493710,false,פרורי גריסני זהב פירורי לחם מאיר בייגל 200 גרם,מאיר את ביגל,,"מאיר בייגל, פירורי גריסיני זהב, 200 גרם",יחידה,1,יחידה,false,0.0000,6.9,6.9000,false,1,
7290008644112,false,סלט מטבוחה יום יום אחלה 125 גרם,"שטראוס גרופ בע""\מ",,מטבוחה יום יום 125 גרם,יחידה,1,יחידה,false,0.0000,5.9,5.9000,false,1,
7290008644235,false,עלי בייבי שטראוס 120 גרם,שטראוס בריאות ירקות טריי,,עלי ביבי שטראוס 120גר,יחידה,1,יחידה,false,8.0000,12.9,12.9000,false,1,
7290008644945,false,לקט לסלט המושבה שטראוס 450 גרם,שטראוס בריאות ירקות טריי,,סלט המושבה450 גר שטראוס,יחידה,1,יחידה,false,8.0000,12.9,12.9000,false,1,
7290008645935,false,חומוס לניגוב 750 ג' אחלה,"שטראוס גרופ בע""\מ",,חומוס לניגוב 750 ג' אחלה,יחידה,1,יחידה,false,0.0000,12.9,12.9000,false,1,
=======
7290008409124,false,מאמא עוף קפוא שניצל ג'ונגל פריך 700 גרם,תנובה מרכז שיתופי לשיווק תוצרת,,שניצל ג'ונגל,00000,1,00000,false,10.0000,36.9,36.9000,false,1,
7290008409551,false,שניצל עוף אמיתי בציפוי מעודן 700 ג' מאמא עוף,תנובה מרכז שיתופי לשיווק תוצרת,,שניצל אמיתי מעודן,00000,1,00000,false,10.0000,44.9,44.9000,true,1,
7290008409773,false,קציצות עוף אמיתיות קפואות 700 גרם קפוא,תנובה מרכז שיתופי לשיווק תוצרת,,קציצות עוף והודו ארוז,00000,1,00000,false,10.0000,34.9,34.9000,false,1,
7290008461221,false,סרדינים רוברט בשמן חמניות 115 גרם,א. סיימן סחר בעמ,,"סרדינים בשמן חמניות, 115 גרם",יחידה,1,יחידה,false,0.0000,8.9,8.9000,false,1,
7290008462204,false,חרדל דיז'ון מקורי נטו מאי 380 גרם,א. סיימן סחר בעמ,,"חרדל דיז'ון מקורי, 380 גרם",יחידה,1,יחידה,false,0.0000,17.9,17.9000,true,1,
7290008464024,false,"בירה גולדסטאר Unfiltered, בירה לא מסוננת, פחית 500 מ""ל","טמפו משקאות בע""מ",,"בירה גולדסטאר Unfiltered, בירה לא מסוננת, פחית 500 מ""ל",יחידה,1,יחידה,false,24.0000,12,11.7000,false,1,
7290008464130,false,"בירה גולדסטאר Unfiltered, בירה לא מסוננת, מארז שישייה, בקבוק 330 מ""ל",טמפו משקאות בעמ,,"בירה גולדסטאר Unfiltered, בירה לא מסוננת, מארז שישייה, בקבוק 330 מ""ל",יחידה,1,יחידה,false,4.0000,49.9,48.1000,true,1,
7290008464338,false,בירה מכבי בקבוק בודד 330 מל,טמפו משקאות בעמ,,"בירה מכבי בקבוק 330 מ""ל",יחידה,1,יחידה,false,6.0000,8,7.7000,false,1,
7290008464345,false,"בירה גולדסטאר, בקבוק 330 מ''ל",פארייפאבה אגרואינדוס,,"בירה גולדסטאר, בקבוק 330 מ''ל",יחידה,1,יחידה,false,0.0000,8,7.7000,false,1,
7290008464468,false,בירה בפחית גולדסטאר (500 מל),פארייפאבה אגרואינדוס,,"בירה גולדסטאר, פחית 500 מ""ל",יחידה,1,יחידה,false,24.0000,11,10.7000,false,1,
7290008464604,false,"בירה הייניקן פחית 500 מ""ל",טמפו משקאות בע''מ,,"בירה היינקן, פחית 500 מ""ל",יחידה,1,יחידה,false,24.0000,14,13.7000,false,1,
7290008464611,false,"הסודה של טמפו, מי סודה בגיזוז חזק, 275 מל",טמפו משקאות בעמ,,"הסודה של טמפו, מי סודה בגיזוז חזק, 275 מל",יחידה,1,יחידה,false,24.0000,5,4.7000,false,1,
7290008464673,false,"בירה גולדסטאר SLOWBREW פחית 10%, 500 מ""ל","טמפו משקאות בע""\מ",,"גולדסטאר SLOW BREW פחית 500 מ""ל",יחידה,1,יחידה,false,0.0000,12,11.7000,false,1,
7290008464697,false,"בירה מכבי 7.9%, בירה חזקה, מארז שישייה, בקבוק 330 מ""ל",טמפו משקאות בעמ,,"בירה מכבי 7.9%, בירה חזקה, מארז שישייה, בקבוק 330 מ""ל",יחידה,1,יחידה,false,4.0000,45.9,44.1000,true,1,
7290008464741,false,"בירה גולדסטאר, מארז שישייה, בקבוק 330 מ''ל","טמפו משקאות בע""\מ",,"בירה גולדסטאר, מארז שישייה, בקבוק 330 מ''ל",יחידה,1,יחידה,false,4.0000,39.9,38.1000,true,1,
7290008493413,false,פירורי לחם מאיר בייגל פירורי גריסיני 200 גרם,"דנשר (1963) בע,מ",,מאיר בייגל פירורי גריסיני חדש 200 גרם,יחידה,1,יחידה,false,16.0000,6.9,6.9000,false,1,
7290008493710,false,פרורי גריסני זהב פירורי לחם מאיר בייגל 200 גרם,"דנשר (1963) בע,מ",,"מאיר בייגל, פירורי גריסיני זהב, 200 גרם",יחידה,1,יחידה,false,0.0000,6.9,6.9000,false,1,
7290008644112,false,אחלה יום יום סלט מטבוחה יום יום 125 גרם,שטראוס גרופ בעמ/מצונן,,מטבוחה יום יום 125 גרם,יחידה,1,יחידה,false,0.0000,5.9,5.9000,false,1,
7290008644235,false,מבחר עלי בייבי 120 גרם-טעם הטבע,שטראוס בריאות ירקות טריי,,עלי ביבי שטראוס 120גר,יחידה,1,יחידה,false,8.0000,12.9,12.9000,false,1,
7290008644945,false,סלט המושבה שטראוס 450 גר`-טעם הטבע,שטראוס בריאות ירקות טריי,,סלט המושבה450 גר שטראוס,יחידה,1,יחידה,false,8.0000,12.9,12.9000,false,1,
7290008645935,false,אחלה חומוס לניגוב 750 גרם,שטראוס גרופ בעמ/מצונן,,חומוס לניגוב 750 ג' אחלה,יחידה,1,יחידה,false,0.0000,12.9,12.9000,false,1,
>>>>>>> d048ac2f4f281c9d788043ab4e81b61b0dbe3743
7290008670852,false,רקנאטי יונתן אדום 750 מל,רקנאטי,,יין יונתן אדום רקנאטי,יחידה,1,יחידה,false,0.0000,39.9,39.6000,false,1,
7290008670913,false,רקנאטי גליל עליון קברנה סובניון 750 מל,רקנאטי,,"קברנה סובניון רקנאטי ""גליל עליון"" 2017",יחידה,1,יחידה,false,0.0000,59.9,59.6000,false,1,
7290008670937,false,רקנאטי גליל עליון שיראז 2017 750 מל,,,"יין רקנאטי ""גליל עליון ""שיראז",יחידה,1,יחידה,false,0.0000,59.9,59.6000,false,1,
7290008690713,false,נקטר חמוציות אושן ספריי פריגת (1 ליטר),החברה המרכזית להפצת משקאות בעמ,,אושן ספריי נקטר חמוציות,יחידה,1,יחידה,false,15.0000,12.9,12.6000,false,1,
7290008693134,false,מעדן גבינה ויוגורט בטעם תות 5% שומן 88 ג' דניאלה,שטראוס גרופ בעמ/מצונן,,דניאלה תות,יחידה,1,יחידה,false,0.0000,4.5,4.5000,false,1,
7290008713900,false,לחם שיפון עגול פרוס אחדות (750 גרם),מאפיית אנג'\ל אורנים מאפ,,"לחם שיפון עגול ""אנג'ל""",יחידה,1,יחידה,false,0.0000,14.8,14.8000,false,1,
7290008745239,false,תפוצ'יפס קראנצ' בטעם טבעי עלית 50 גרם,"שטראוס פריטו ליי בע""\מ )",,תפוצי'פס קראנצ' טבעי 50 ג',יחידה,1,יחידה,false,48.0000,5,5.0000,false,1,
7290008747547,false,תפוצ'יפס קראנץ' בטעם טבעי עלית 200 גרם,"שטראוס פריטו ליי בע""\מ )",,תפוצ'יפס קראנצ' טבעי 200 ג',יחידה,1,יחידה,false,12.0000,14,14.0000,false,1,
7290008750264,false,"מסטיק מאסט ציקלס דובדבן 28 גרם לל""ס מגדים",שטראוס גרופ בע`מ,,מסטיק מאסט בטעם דובדבן,יחידה,1,יחידה,false,16.0000,5,5.0000,false,1,
7290008752244,false,תפוצ'יפס קראנץ' בטעם גריל עלית 50 גרם,"שטראוס פריטו ליי בע""\מ )",,תפוצ'יפס קראנצ' גריל 50 ג',יחידה,1,יחידה,false,48.0000,5,5.0000,false,1,
7290008753111,false,תפוצ'יפס קראנץ' בטעם מקסיקני עלית 50 גרם,"שטראוס פריטו ליי בע""\מ )",,תפוצ'יפס קראנצ' מקסיקני 50 ג',יחידה,1,יחידה,false,48.0000,5,5.0000,false,1,
<<<<<<< HEAD
7290008753364,false,דוריטוס גריל עלית 55 ג',שטראוס פריטו ליי בע,,דוריטוס בטעם גריל 55 ג',יחידה,1,יחידה,false,48.0000,5,5.0000,false,1,
7290008753388,false,דוריטוס טבעי עלית 55 ג',STRAUSS-ISRAEL,,דוריטוס בטעם טבעי 55 ג',יחידה,1,יחידה,false,48.0000,5,5.0000,false,1,
7290008754415,false,גומי מאסט בטעם ספירמינט עדין פליפטופ 28 ג' עלית,"שטראוס גרופ בע""מ",,"מסטיק מאסט בטעם מנטה עדין לל""ס",יחידה,1,יחידה,false,16.0000,5,5.0000,false,1,
7290008757010,false,"שוופס ביטר למון 250 מ""ל זכוכית",יפאורה שותפות מובגלת לשיווק,,"שוופס ביטר למון 250 מ""ל",יחידה,1,יחידה,false,24.0000,7.5,7.2000,true,1,
7290008775816,false,ערגליות עוגיות במילוי שוקולד אסם 300 גרם,מיוצר עי קונדיטוריית,,ערגליות שוקולד 300 גרם,יחידה,1,יחידה,false,12.0000,11.9,11.9000,false,1,
7290008775823,false,ערגליות עוגיות תות שדה אסם 300 גרם,מיוצר עי קונדיטוריית,,ערגליות תות שדה 300 גרם,יחידה,1,יחידה,false,12.0000,11.9,11.9000,false,1,
7290008801119,false,"יין סוביניון בלאן סלקטד כרמל 750 מ""ל",אגודת הכורמים הקואופרטיב,,יין סובניון בלאן SELECTED,יחידה,1,יחידה,false,0.0000,34.9,34.6000,false,1,
7290008801157,false,"יין מרלו סלקטד כרמל כרמל 750 מ""ל",כרמל מזרחי,,יין מרלו סדרת SELECTED,יחידה,1,יחידה,false,0.0000,34.9,34.6000,false,1,
7290008801843,false,"יין קברנה סוביניון סלקטד כרמל 750 מ""ל","כד בני דרום בע""מ",,יין קברנה סובניון סדרת SELECTED,יחידה,1,יחידה,false,0.0000,34.9,34.6000,false,1,
7290008802895,false,יין קברנה סוביניון פרייבט קולקשן יקבי כרמל,אגודת הכורמים הקאופורטיב,,יין קברנה סובניון סדרת .P.C,יחידה,1,יחידה,false,0.0000,44.9,44.6000,false,1,
7290008846219,false,"שמן זית כתית מעולה חלוצה 750 מ""ל",האי נאם סי או אל.טי.,,750 חלוצה- שמן זית,יחידה,1,יחידה,false,0.0000,45,45.0000,false,1,
7290008909853,false,"קוקה קולה זירו בקבוק 500 מ""ל.",החברה המרכזית לייצור משקאות,,"קוקה-קולה ZERO בקבוק 500 מ""ל",יחידה,1,יחידה,false,24.0000,7.5,7.2000,false,1,
7290010117857,false,דוריטוס חריף אש 55 ג' עלית,STRAUSS-ISRAEL,,דוריטוס בטעם חריף אש 55 ג',יחידה,1,יחידה,false,48.0000,5,5.0000,false,1,
7290010119950,false,דוריטוס חמוץ חריף 55 גרם-סטריפ,שטראוס גרופ,,דוריטוס בטעם חמוץ חריף 55 ג',יחידה,1,יחידה,false,48.0000,5,5.0000,false,1,
7290010154425,false,סחוג ירוק תבליני ביטון 130 גרם,תבליני יוחאי ביטון,,סחוג ירוק 130 גרם,יחידה,1,יחידה,false,0.0000,10,10.0000,false,1,
7290010192120,false,צנונית ארוז 400 גרם,חקלאי,,צנון בשקית,יחידה,1,יחידה,false,0.0000,6.9,6.9000,false,1,
7290010237685,false,"הייניקן בירה צואר ארוך 330מ""ל",טמפו משקאות בע''מ,,"בירה היינקן, בקבוק 330 מ''ל",יחידה,1,יחידה,false,0.0000,10,9.7000,false,1,
7290010259823,false,מנת השף-מרק עם נודלס בטעם עוף ויליפוד,נמצ'או(תאילנד) בעמ,,מנת השף מרק עם נודלס בטעם עוף,יחידה,1,יחידה,false,0.0000,6.9,6.9000,false,1,
7290010259977,false,שמן קנולה מזוכך ויליפוד 1 ליטר,בונגי פולין אס.פי.זד,,שמן קנולה מזוכך 1 ליטר ויליפוד,יחידה,1,יחידה,false,0.0000,12.9,12.9000,false,1,
=======
7290008753364,false,דוריטוס גריל עלית 55 ג',שטראוס פריטו ליי בעמ,,דוריטוס בטעם גריל 55 ג',יחידה,1,יחידה,false,48.0000,5,5.0000,false,1,
7290008753388,false,דוריטוס טבעי עלית 55 ג',שטראוס פריטו ליי בעמ,,דוריטוס בטעם טבעי 55 ג',יחידה,1,יחידה,false,48.0000,5,5.0000,false,1,
7290008754415,false,גומי מאסט בטעם ספירמינט עדין פליפטופ 28 ג' עלית,שטראוס גרופ בע`מ,,"מסטיק מאסט בטעם מנטה עדין לל""ס",יחידה,1,יחידה,false,16.0000,5,5.0000,false,1,
7290008757010,false,"שוופס ביטר למון 250 מ""ל זכוכית",יפאורה שותפות מובגלת לשיווק,,"שוופס ביטר למון 250 מ""ל",יחידה,1,יחידה,false,24.0000,7.5,7.2000,true,1,
7290008775816,false,ערגליות עוגיות במילוי שוקולד אסם 300 גרם,קבוצת אוסם סחר שותפות מוגבלת,,ערגליות שוקולד 300 גרם,יחידה,1,יחידה,false,12.0000,11.9,11.9000,false,1,
7290008775823,false,ערגליות עוגיות תות שדה אסם 300 גרם,קבוצת אוסם סחר שותפות מוגבלת,,ערגליות תות שדה 300 גרם,יחידה,1,יחידה,false,12.0000,11.9,11.9000,false,1,
7290008801119,false,סלקטד סוביניון בלאן יקבי כרמל (750 מל),אגודת הכורמים הקואופרטיב,,יין סובניון בלאן SELECTED,יחידה,1,יחידה,false,0.0000,34.9,34.6000,false,1,
7290008801157,false,"יין מרלו סלקטד כרמל כרמל 750 מ""ל",אגודת הכורמים -כרמל מזרחי,,יין מרלו סדרת SELECTED,יחידה,1,יחידה,false,0.0000,34.9,34.6000,false,1,
7290008801843,false,סלקטד קברנה סובניון יקבי כרמל (750 מל),אגודת הכורמים בעמ,,יין קברנה סובניון סדרת SELECTED,יחידה,1,יחידה,false,0.0000,34.9,34.6000,false,1,
7290008802895,false,יין קברנה סוביניון פרייבט קולקשן יקבי כרמל,אגודת הכורמים הקאופורטיב,,יין קברנה סובניון סדרת .P.C,יחידה,1,יחידה,false,0.0000,44.9,44.6000,false,1,
7290008846219,false,"שמן זית כתית מעולה חלוצה 750 מ""ל",האי נאם סי או אל.טי.,,750 חלוצה- שמן זית,יחידה,1,יחידה,false,0.0000,45,45.0000,false,1,
7290008909853,false,"קוקה קולה זירו בקבוק 500 מ""ל.",החברה המרכזית להפצת משקאות בעמ,,"קוקה-קולה ZERO בקבוק 500 מ""ל",יחידה,1,יחידה,false,24.0000,7.5,7.2000,false,1,
7290010117857,false,דוריטוס חריף אש 55 ג' עלית,שטראוס פריטו ליי בעמ,,דוריטוס בטעם חריף אש 55 ג',יחידה,1,יחידה,false,48.0000,5,5.0000,false,1,
7290010119950,false,חטיף דוריטוס בטעם חמוץ חריף 55 גרם,שטראוס פריטו ליי בע`מ,,דוריטוס בטעם חמוץ חריף 55 ג',יחידה,1,יחידה,false,48.0000,5,5.0000,false,1,
7290010154425,false,סחוג ירוק תבליני ביטון 130 גרם,תבליני יוחאי ביטון,,סחוג ירוק 130 גרם,יחידה,1,יחידה,false,0.0000,10,10.0000,false,1,
7290010192120,false,צנונית ארוז 400 גרם,ביכורי השדה צפון 1994 ג.ד. בעמ,,צנון בשקית,יחידה,1,יחידה,false,0.0000,6.9,6.9000,false,1,
7290010237685,false,"הייניקן בירה צואר ארוך 330מ""ל",טמפו משקאות בע''מ,,"בירה היינקן, בקבוק 330 מ''ל",יחידה,1,יחידה,false,0.0000,10,9.7000,false,1,
7290010259823,false,מנת השף נודלס בטעם עוף וילי פוד (70 גרם),ג. וילי-פוד אינטרנשיונל בע`מ,,מנת השף מרק עם נודלס בטעם עוף,יחידה,1,יחידה,false,0.0000,6.9,6.9000,false,1,
7290010259977,false,שמן קנולה מזוכך ויליפוד 1 ליטר,ג.וילי-פוד אינטרנשיונל ***שמן,,שמן קנולה מזוכך 1 ליטר ויליפוד,יחידה,1,יחידה,false,0.0000,12.9,12.9000,false,1,
>>>>>>> d048ac2f4f281c9d788043ab4e81b61b0dbe3743
7290010300587,false,שומשום 200 גרם נאמן,ר.ס.,,שומשום 200 גרם נאמן,יחידה,1,יחידה,false,0.0000,7.9,7.9000,false,1,
7290010300860,false,אציטון נאמן לאורך זמ,נאמן לאורך זמן בעמ,,אציטון,יחידה,1,יחידה,false,0.0000,3.5,3.5000,false,1,
7290010471669,false,יוגורט תות עם קורנפלקס מצופה שוקולד ללא גלוטן 3.9%,שטראוס גרופ בעמ/מצונן,,"מעדן תות וקורנפלקס ""דנונה בר""",יחידה,1,יחידה,false,0.0000,5,5.0000,false,1,
7290010609734,false,אייס לי משקה להקפאה בטעמי פירות - מארז 8 יח',דודו הדיל בעמ,,מארז שלוקים גדולים 8 יחידות,יחידה,1,יחידה,false,12.0000,8,8.0000,false,1,
7290010627004,false,טחינה גולמית מסורתית ירושלים 500 ג',תה ויסוצקי (ישראל) בעמ,,טחינה ירושלים 500 גרם,יחידה,1,יחידה,false,0.0000,16.9,16.9000,false,1,
7290010650002,false,פטריות יער טריות -יחידה,ביכורי שדה דרום 2002,,ח.תקוע פיטריות יער,יחידה,1,יחידה,false,0.0000,18.9,18.9000,false,1,
7290010650408,false,בצלצלי פנינה תקוע יח,פסטה לנסי,,בצלי פנינה שקיקים,יחידה,1,יחידה,false,0.0000,16.9,16.9000,false,1,
<<<<<<< HEAD
7290010650828,false,פטריות שימג'י חוות תקוע 150 גרם,שנגחאי פינק פוד קומפני,,ח.תקוע פיטריות שימגי חום,יחידה,1,יחידה,false,0.0000,18.9,18.9000,false,1,
7290010650996,false,"פטריות שי מג'י חומות, 150 גרם חוות תקוע",שנגחאי פינק פוד קומפני,,"פטריות שי מג'י חומות, 150 גרם חוות תקוע",יחידה,1,יחידה,false,0.0000,14.9,14.9000,false,1,
7290010766949,false,ממרח תחתיות ארטישוק 180ג' אוליביה,אוליביה,,ממרח ארטישוק אוליביה,יחידה,1,יחידה,false,0.0000,17.9,17.9000,false,1,
7290010766956,false,ממרח פלפלים מתוקים אדומים אוליביה 180 גרם,אוליביה גורמה בעמ,,ממרח פלפלים מתוקים,יחידה,1,יחידה,false,0.0000,14.9,14.9000,false,1,
7290010777242,false,עשיירית פיתה מחמצת פיתה אקספרס,מאפיית ביכורים מזון,,מארז פיתות תימניות,יחידה,1,יחידה,false,0.0000,16.9,16.9000,false,1,
7290010777297,false,פיתות עבודת יד10 יח'/ פיתה ביס לבן 12 יח',מגוון שיווק והפצת מא,,פיתה ביס,יחידה,1,יחידה,false,0.0000,16.9,16.9000,false,1,
7290010777358,false,מארז שמיניית פיתות 100% כוסמין מלא,מגוון שיווק והפצת מא,,פיתה ביס כוסמין,יחידה,1,יחידה,false,0.0000,16.9,16.9000,false,1,
7290010777488,false,פיתה מחמצת 100% קמח מלא פיתה אקספרס,מאפיית ביכורים מזון,,פיתה ביס מחמצת קל,יחידה,1,יחידה,false,0.0000,16.9,16.9000,false,1,
7290010791538,false,מזון חתולים לה קט דליקטס עוף גורמה 85 גרם,מנדלז סי.אר. פרודקשן,,לה-קט דליקטס עוף גורמה 85 גר',יחידה,1,יחידה,false,24.0000,5.5,5.5000,false,1,
7290010791545,false,מזון חתולים לה קט דליקטס פטה כבד 85 גרם,"הייקיו, תאילנד",,לה-קט דליקטס פטה כבד עוף 85 ג',יחידה,1,יחידה,false,24.0000,5.5,5.5000,false,1,
7290010791583,false,לה-קט דליקטס דגי אוקינוס וטונה 85 גר',מנדלז סי.אר. פרודקשן,,לה-קט דליקטס דגי אוקינוס וטונה 85 גר',יחידה,1,יחידה,false,24.0000,5.5,5.5000,false,1,
=======
7290010650828,false,פטריות שימג'י חוות תקוע 150 גרם,ביכורי השדה צפון 1994 ג.ד. בעמ,,ח.תקוע פיטריות שימגי חום,יחידה,1,יחידה,false,0.0000,18.9,18.9000,false,1,
7290010650996,false,"פטריות שי מג'י חומות, 150 גרם חוות תקוע",ביכורי השדה צפון 1994 ג.ד. בעמ,,"פטריות שי מג'י חומות, 150 גרם חוות תקוע",יחידה,1,יחידה,false,0.0000,14.9,14.9000,false,1,
7290010766949,false,ממרח תחתיות ארטישוק 180ג' אוליביה,תה ויסוצקי (ישראל)בעמ,,ממרח ארטישוק אוליביה,יחידה,1,יחידה,false,0.0000,17.9,17.9000,false,1,
7290010766956,false,ממרח פלפלים מתוקים אדומים אוליביה 180 גרם,תה ויסוצקי (ישראל)בעמ,,ממרח פלפלים מתוקים,יחידה,1,יחידה,false,0.0000,14.9,14.9000,false,1,
7290010777242,false,עשיירית פיתה מחמצת פיתה אקספרס,מגוון שיווק והפצת מאפים בעמ,,מארז פיתות תימניות,יחידה,1,יחידה,false,0.0000,16.9,16.9000,false,1,
7290010777297,false,פיתות עבודת יד10 יח'/ פיתה ביס לבן 12 יח',מגוון שיווק והפצת מאפים בעמ,,פיתה ביס,יחידה,1,יחידה,false,0.0000,16.9,16.9000,false,1,
7290010777358,false,מארז שמיניית פיתות 100% כוסמין מלא,מגוון שיווק והפצת מאפים בעמ,,פיתה ביס כוסמין,יחידה,1,יחידה,false,0.0000,16.9,16.9000,false,1,
7290010777488,false,פיתה מחמצת 100% קמח מלא פיתה אקספרס,מגוון שיווק והפצת מאפים בעמ,,פיתה ביס מחמצת קל,יחידה,1,יחידה,false,0.0000,16.9,16.9000,false,1,
7290010791538,false,מזון חתולים לה קט דליקטס עוף גורמה 85 גרם,דיפלומט מפיצים (1968) בעמ**,,לה-קט דליקטס עוף גורמה 85 גר',יחידה,1,יחידה,false,24.0000,5.5,5.5000,false,1,
7290010791545,false,מזון חתולים לה קט דליקטס פטה כבד 85 גרם,דיפלומט מפיצים (1968) בעמ**,,לה-קט דליקטס פטה כבד עוף 85 ג',יחידה,1,יחידה,false,24.0000,5.5,5.5000,false,1,
7290010791583,false,לה-קט דליקטס דגי אוקינוס וטונה 85 גר',דיפלומט מפיצים (1968) בעמ**,,לה-קט דליקטס דגי אוקינוס וטונה 85 גר',יחידה,1,יחידה,false,24.0000,5.5,5.5000,false,1,
>>>>>>> d048ac2f4f281c9d788043ab4e81b61b0dbe3743
7290010838219,false,ממתיק על בסיס צמח הסטיביה - שקיות,"קיפל טבליות וממתיקים בע""מ",,מרמולייט סטיביה ממתיק 100 שקיות,יחידה,1,יחידה,false,0.0000,39.9,39.9000,false,1,
7290010883356,false,כפפות אלוורה רב שימושיות גדולות L סנו סושי,החברה הדרומית לשיווק בעמ,,"כפפות אלוורה L ""סנו סושי""",יחידה,1,יחידה,false,0.0000,12.9,12.9000,false,1,
7290010970551,false,שמן אבוקדו מעודן 250 מ`ל טעמים,"ג.מ טעם הארץ בע""\ם",,"שמן אבוקדו בטעם מעודן 250 מ""ל",יחידה,1,יחידה,false,0.0000,34.9,34.9000,false,1,
7290010970797,false,"רוטב רימונים 250 מ""ל ""טעם הארץ""","ג.מ טעם הארץ בע""\ם",,"רוטב רימונים 250 מ""ל ""טעם הארץ""",יחידה,1,יחידה,false,0.0000,14.9,14.9000,false,1,
<<<<<<< HEAD
7290011015862,false,"פריגת סירופ דיאט לימונענע 750 מ""ל",סירופ - גבעת חיים,,פריגת סירופ דיאט לימונענע,יחידה,1,יחידה,false,6.0000,24.8,24.8000,false,1,
7290011017866,false,קוקה קולה קלאסי בפחית,החברה המרכזית לייצור משקאות,,קוקה- קולה פחית,יחידה,1,יחידה,false,24.0000,6.5,6.2000,true,1,
7290011017873,false,"פחיות קוקה קולה זירו 330 מ""ל",החברה המרכזית לייצור משקאות,,קוקה-קולה zero פחית,יחידה,1,יחידה,false,24.0000,6.5,6.2000,true,1,
7290011017880,false,דיאט קוקה קולה פחית סליק 330מל,החברה המרכזית לייצור משקאות,,דיאט קוקה-קולה פחית,יחידה,1,יחידה,false,24.0000,6.5,6.2000,true,1,
7290011018184,false,פיוז טי תה קר בטעם אפרסק,מבשלות בירה בינלאומי,,פיוז טי תה קר בטעם אפרסק,יחידה,1,יחידה,false,24.0000,8.5,8.2000,false,1,
7290011018443,false,"פנטה אורנג פחית סליק 330 מ""ל",החברה המרכזית לייצור משקאות,,פאנטה אורנג' פחית,יחידה,1,יחידה,false,24.0000,6.5,6.2000,true,1,
7290011018924,false,"מארז פחיות דיאט קוקה קולה שישייה 330 מ""ל",החברה המרכזית לייצור משקאות,,דיאט קוקה-קולה מאגדת פחיות,יחידה,1,יחידה,false,36.0000,23.4,23.1000,false,1,
7290011126209,false,הגן הקסום תה טעם תפוח וקינמון סיידר ויסוצקי 25 יח',תה ויסוצקי,,תפוח קינמון סיידר,יחידה,1,יחידה,false,0.0000,19.9,19.9000,false,1,
7290011126957,false,תה ירוק ויסוצקי ארל גריי 25 שקיקים,ויסוצקי ירוק,,תה ירוק ארל גריי,יחידה,1,יחידה,false,0.0000,29.9,29.9000,true,1,
7290011131395,false,"מוזלי בתוספת 30% פירות 1 ק""ג גרין",ויטליאה ניקולה דו,,מוזלי קרנצ'י-פירות,יחידה,1,יחידה,false,0.0000,26.9,26.9000,true,1,
7290011148911,false,פלפלים מתוקים טינקרב,מרינה פטריות הגליל,,מיני פלפל,יחידה,1,יחידה,false,0.0000,14,14.0000,false,1,
7290011194246,false,קוטג' 5% עם סידן 250 ג' שטראוס,מיוצר עי קונדיטוריית,,קוטג' 5% עם סידן 250 ג' שטראוס,יחידה,1,יחידה,false,0.0000,5.9,5.9000,false,1,
7290011223038,false,בונומי עלים לקרמשניט שכבות אפויות מבצק עלים 300 גרם,בונומי ס.פ.א,,בונומי עלים לקרמשניט שכבות אפויות מבצק עלים 300 גרם,יחידה,1,יחידה,false,0.0000,17.9,17.9000,false,1,
7290011223045,false,בישקוטים בונומי 200 גרם,בונומי ס.פ.א,,בונמי בישקוטים 200 גרם,יחידה,1,יחידה,false,0.0000,8.9,8.9000,false,1,
7290011276485,false,חסה עגולה רמי לוי,,,חסה עגולה,יחידה,1,יחידה,false,6.0000,9.9,9.9000,false,1,
7290011378233,false,"חטיפי חלווה בארכה 126 גרם מארז 7 יחידות לל""ס","רושדי תעשיות מזון בע""\מ",,מאגדת חטיף חלבה ללא סוכר וניל,יחידה,1,יחידה,false,12.0000,13.9,13.9000,false,1,
7290011378516,false,טחינה גולמית 100% שומשום בארכה 450 ג',,,"טחינה ""בארכה"" 450 גרם - מוצר מדבקה",יחידה,1,יחידה,false,12.0000,12.9,12.9000,false,1,
7290011438142,false,"משקה יטבתה אייס קפה בבקבוק אישי 350 מ""ל",שטראוס גרופ,,"אייסקפה בקבוק 350 מ""ל מהדרין",יחידה,1,יחידה,false,0.0000,6.9,6.9000,false,1,
7290011473211,false,"עדשים אדומים אורגני 500 גרם ""תבואות""",אורז ע'י,,"עדשים אדומים אורגני 500 גרם ""תבואות""",יחידה,1,יחידה,false,0.0000,14.9,14.9000,false,1,
7290011473570,false,קמח חומוס טבעי 500 גרם תבואות,תבואות מוצרי מזון או,,קמח חומוס 500 גרם תבואות,יחידה,1,יחידה,false,0.0000,16.9,16.9000,false,1,
7290011473648,false,"סוכר חום אורגני 1 ק""ג ""תבואות""",תבואות,,"סוכר חום אורגני 1 ק""ג ""תבואות""",יחידה,1,יחידה,false,16.0000,15.9,15.9000,false,1,
=======
7290011015862,false,סירופ דיאט 750 מל בטעם לימונענע פריגת,החברה המרכזית להפצת משקאות בעמ,,פריגת סירופ דיאט לימונענע,יחידה,1,יחידה,false,6.0000,24.8,24.8000,false,1,
7290011017866,false,פחית קולה סליק קוקה-קולה (330 מל),החברה המרכזית להפצת משקאות בעמ,,קוקה- קולה פחית,יחידה,1,יחידה,false,24.0000,6.5,6.2000,true,1,
7290011017873,false,פחית זירו סליק קוקה-קולה (330 מל),החברה המרכזית להפצת משקאות בעמ,,קוקה-קולה zero פחית,יחידה,1,יחידה,false,24.0000,6.5,6.2000,true,1,
7290011017880,false,פחית דיאט קולה סליק קוקה-קולה (330 מל),החברה המרכזית להפצת משקאות בעמ,,דיאט קוקה-קולה פחית,יחידה,1,יחידה,false,24.0000,6.5,6.2000,true,1,
7290011018184,false,תה קר בטעם אפרסק פיוז-טי (500 מל),החברה המרכזית להפצת משקאות בעמ,,פיוז טי תה קר בטעם אפרסק,יחידה,1,יחידה,false,24.0000,8.5,8.2000,false,1,
7290011018443,false,משקה מוגז אורנג` פאנטה (330 מל),החברה המרכזית להפצת משקאות בעמ,,פאנטה אורנג' פחית,יחידה,1,יחידה,false,24.0000,6.5,6.2000,true,1,
7290011018924,false,"מארז פחיות דיאט קוקה קולה שישייה 330 מ""ל",החברה המרכזית להפצת משקאות בעמ,,דיאט קוקה-קולה מאגדת פחיות,יחידה,1,יחידה,false,36.0000,23.4,23.1000,false,1,
7290011126209,false,הגן הקסום תה טעם תפוח וקינמון סיידר ויסוצקי 25 יח',תה ויסוצקי (ישראל)בעמ,,תפוח קינמון סיידר,יחידה,1,יחידה,false,0.0000,19.9,19.9000,false,1,
7290011126957,false,תה ירוק ויסוצקי ארל גריי 25 שקיקים,תה ויסוצקי (ישראל) בעמ,,תה ירוק ארל גריי,יחידה,1,יחידה,false,0.0000,29.9,29.9000,true,1,
7290011131395,false,מוזלי קראנצ`י 30% פירות גרין (1 קג),ויטליאה ניקולה דו,,מוזלי קרנצ'י-פירות,יחידה,1,יחידה,false,0.0000,26.9,26.9000,true,1,
7290011148911,false,פלפלים מתוקים טינקרב,מרינה פטריות הגליל,,מיני פלפל,יחידה,1,יחידה,false,0.0000,14,14.0000,false,1,
7290011194246,false,קוטג 5% 250 גרם עם סידן שטראוס,שטראוס גרופ בעמ/מצונן,,קוטג' 5% עם סידן 250 ג' שטראוס,יחידה,1,יחידה,false,0.0000,5.9,5.9000,false,1,
7290011223038,false,בונומי עלים לקרמשניט שכבות אפויות מבצק עלים 300 גרם,דנשר (1963) בעמ,,בונומי עלים לקרמשניט שכבות אפויות מבצק עלים 300 גרם,יחידה,1,יחידה,false,0.0000,17.9,17.9000,false,1,
7290011223045,false,בישקוטים ליידיפינגרז בונומי (200 גרם),דנשר (1963) בעמ,,בונמי בישקוטים 200 גרם,יחידה,1,יחידה,false,0.0000,8.9,8.9000,false,1,
7290011276485,false,חסה עגולה רמי לוי,ביכורי השדה צפון 1994 ג.ד. בעמ,,חסה עגולה,יחידה,1,יחידה,false,6.0000,9.9,9.9000,false,1,
7290011378233,false,"חטיפי חלווה בארכה 126 גרם מארז 7 יחידות לל""ס",קבוצת אוסם סחר שותפות מוגבלת,,מאגדת חטיף חלבה ללא סוכר וניל,יחידה,1,יחידה,false,12.0000,13.9,13.9000,false,1,
7290011378516,false,טחינה גולמית 100% שומשום בארכה 450 ג',קבוצת אסם סחר,,"טחינה ""בארכה"" 450 גרם - מוצר מדבקה",יחידה,1,יחידה,false,12.0000,12.9,12.9000,false,1,
7290011438142,false,"משקה יטבתה אייס קפה בבקבוק אישי 350 מ""ל",שטראוס גרופ בעמ/מצונן,,"אייסקפה בקבוק 350 מ""ל מהדרין",יחידה,1,יחידה,false,0.0000,6.9,6.9000,false,1,
7290011473211,false,"עדשים אדומים אורגני 500 גרם ""תבואות""",גורי מוצרי צריכה (1991) בעמ,,"עדשים אדומים אורגני 500 גרם ""תבואות""",יחידה,1,יחידה,false,0.0000,14.9,14.9000,false,1,
7290011473570,false,קמח חומוס טבעי תבואות 500 גרם אורגני,גורי מוצרי צריכה (1991) בעמ,,קמח חומוס 500 גרם תבואות,יחידה,1,יחידה,false,0.0000,16.9,16.9000,false,1,
7290011473648,false,סוכר דמררה תבואות 1 קג אורגני,גורי מוצרי צריכה (1991) בעמ,,"סוכר חום אורגני 1 ק""ג ""תבואות""",יחידה,1,יחידה,false,16.0000,15.9,15.9000,false,1,
>>>>>>> d048ac2f4f281c9d788043ab4e81b61b0dbe3743
7290011474911,false,"זרעי צ'יה 300 גרם ""צ'צ'יק""",גרייט נורתרן,,"זרעי צ'יה 300 גרם ""צ'צ'יק""",00000,1,00000,false,0.0000,26.9,26.9000,false,1,
7290011488062,false,בצלצלי שאלוט תיבולי הכפר,ביכורי השדה צפון 1994 ג.ד. בעמ,,בצל שאלוט נספק,יחידה,1,יחידה,false,0.0000,16.9,16.9000,false,1,
7290011498894,false,מארז חטיפי תמר במילוי חמאת בוטנים 150 גרם,מרכז השקד,,מארז חטיפי תמר במילוי חמאת בוטנים 150 גרם,יחידה,1,יחידה,false,0.0000,17.9,17.9000,false,1,
7290011498948,false,מארז חטיפי תמר מצופה שוקולד 100% קקאו 150 גרם,"אלמנדוס בע""מ",,מארז חטיפי תמר מצופה שוקולד 100% קקאו 150 גרם,יחידה,1,יחידה,false,0.0000,19.9,19.9000,false,1,
7290011498962,false,שקד לבן בכבישה קרה 300 ג,"אלמונדס בע""מ",,ממרח שקד לבן 300 גרם,יחידה,1,יחידה,false,0.0000,34.9,34.9000,true,1,
7290011498986,false,מארז חטיפי תמר במילוי חמאת קשיו בציפוי שוקולד 100% קקאו,שקד תבור,,מארז חטיפי תמר במילוי חמאת קשיו בציפוי שוקולד 100% קקאו,יחידה,1,יחידה,false,0.0000,19.9,19.9000,false,1,
<<<<<<< HEAD
7290011499051,false,פטה כבשים מסורתית 20% בגביע 250 גרם - רובין,MKN עבור מחלבות גד ב,,פטה כבשים בגביע 250גרם גד,יחידה,1,יחידה,false,0.0000,27.9,27.9000,false,1,
7290011499105,false,בולגרית מסורתית 5% 250 גרם -רבנות,ג'נרל מילס סאן אדריא,,5% בולגרית גד בגביע 250 גרם,יחידה,1,יחידה,false,0.0000,24.9,24.9000,false,1,
7290011499112,false,בולגרית מסורתית 16% 250 גרם - רבנות,"מיוצר ע""י dsh",,בולגרית 16% בגביע גד 250 גרם,יחידה,1,יחידה,false,0.0000,24.9,24.9000,false,1,
7290011499129,false,גבינה בולגרית מעודנת קוביות קטנות 5% גד 200 גרם,קוד יצרן DSH,,בולגרית קוביות %5 גד,יחידה,1,יחידה,false,0.0000,23.9,23.9000,false,1,
7290011499303,false,פטה עיזים מעודנת 5% בגביע 250 גרם - רבנות,ג'נרל מילס סאן אדריא,,בולגרית מעודנת 5%עיזים 250גרם גד,יחידה,1,יחידה,false,0.0000,32.9,32.9000,false,1,
7290011499327,false,גבינה בולגרית מעודנת 5% 250 גרם - רבנות,מיוצר על ידי DSH עבו,,בולגרית מעודנת 5% 250 גרם גד,יחידה,1,יחידה,false,0.0000,23.5,23.5000,false,1,
7290011499341,false,גבינת קשקבל ארוז 26 אחוז 250גרם גד,הנסיך- מפעל לייצור ט,,גבינת קשקבל ארוז 26 אחוז 250גרם גד,יחידה,1,יחידה,false,0.0000,35.9,35.9000,false,1,
7290011499358,false,פטה עיזים מסורתית 20% בגביע 200 גרם - רובין,מיוצר על ידי קוד יצר,,פטה עזים בואקום 200גרם גד,יחידה,1,יחידה,false,0.0000,27.9,27.9000,false,1,
7290011499365,false,גד חלומי 24% 200 גרם רובין,"מחלבות גד בע""\מ",,גבינת חלומי 200 גרם גד,יחידה,1,יחידה,false,0.0000,24.9,24.9000,false,1,
7290011499419,false,גבינה במרקם שמנת בטעם טבעי 5% ניו יורק,גבינות מדף,,קרם שמנת בטעם טבעי 5 אחוז 200גרם גד,יחידה,1,יחידה,false,0.0000,12.9,12.9000,false,1,
7290011499624,false,שמנת 30% ניו יורק טבעי 200 גרם רבנות,גבינות מדף,,גבינת שמנת טבעית 30 אחוז 200 גד,יחידה,1,יחידה,false,0.0000,14.9,14.9000,false,1,
7290011515683,false,מאגדת טילון אקסטרים וניל נסטלה 6 יחידות,תות תעשיות מזון (201,,מארז טילונים 6יח' וניל,יחידה,1,יחידה,false,0.0000,36.9,36.9000,false,1,
7290011515911,false,מאגדת לייט ריבת חלב נסטלה 6 יחידות,גלידות נסטלה )נגה גלידות,,"מאגדת לייט ריבת חלב ""נסטלה""",יחידה,1,יחידה,false,0.0000,36.9,36.9000,false,1,
7290011695934,false,נאמן לאורך זמן נייר אפייה 50יח',אופל,,נייר אפיה נשלף,יחידה,1,יחידה,false,0.0000,11.9,11.9000,false,1,
7290011695958,false,"חומץ תפוחים נאמן 750 מ""ל",הילל תעשיות,,חומץ תפוחים 507 גרם,יחידה,1,יחידה,false,0.0000,12,12.0000,false,1,
7290011723101,false,טחינה הר ברכה 1 ליטר,הר ברכה תעשיות,,"טחינה הר ברכה 1 ק""ג",יחידה,1,יחידה,false,12.0000,39.9,39.9000,false,1,
=======
7290011499051,false,פטה כבשים מסורתית 20% בגביע 250 גרם - רובין,מחלבות גד שיווק 1992 בעמ,,פטה כבשים בגביע 250גרם גד,יחידה,1,יחידה,false,0.0000,27.9,27.9000,false,1,
7290011499105,false,בולגרית מסורתית 5% 250 גרם -רבנות,מחלבות גד שיווק 1992 בעמ,,5% בולגרית גד בגביע 250 גרם,יחידה,1,יחידה,false,0.0000,24.9,24.9000,false,1,
7290011499112,false,בולגרית מסורתית 16% 250 גרם - רבנות,מחלבות גד שיווק 1992 בעמ,,בולגרית 16% בגביע גד 250 גרם,יחידה,1,יחידה,false,0.0000,24.9,24.9000,false,1,
7290011499129,false,גבינה בולגרית מעודנת קוביות קטנות 5% גד 200 גרם,מחלבות גד שיווק 1992 בעמ,,בולגרית קוביות %5 גד,יחידה,1,יחידה,false,0.0000,23.9,23.9000,false,1,
7290011499303,false,פטה עיזים מעודנת 5% בגביע 250 גרם - רבנות,מחלבות גד שיווק 1992 בעמ,,בולגרית מעודנת 5%עיזים 250גרם גד,יחידה,1,יחידה,false,0.0000,32.9,32.9000,false,1,
7290011499327,false,גבינה בולגרית מעודנת 5% 250 גרם - רבנות,מחלבות גד שיווק 1992 בעמ,,בולגרית מעודנת 5% 250 גרם גד,יחידה,1,יחידה,false,0.0000,23.5,23.5000,false,1,
7290011499341,false,גבינת קשקבל ארוז 26 אחוז 250גרם גד,מחלבות גד שיווק 1992 בעמ,,גבינת קשקבל ארוז 26 אחוז 250גרם גד,יחידה,1,יחידה,false,0.0000,35.9,35.9000,false,1,
7290011499358,false,פטה עיזים מסורתית 20% בגביע 200 גרם - רובין,מחלבות גד שיווק 1992 בעמ,,פטה עזים בואקום 200גרם גד,יחידה,1,יחידה,false,0.0000,27.9,27.9000,false,1,
7290011499365,false,גבינת חלומי 24% מחלב בקר גד (200 גרם),מחלבות גד שיווק 1992 בעמ,,גבינת חלומי 200 גרם גד,יחידה,1,יחידה,false,0.0000,24.9,24.9000,false,1,
7290011499419,false,גבינה במרקם שמנת בטעם טבעי 5% ניו יורק,מחלבות גד שיווק 1992 בעמ,,קרם שמנת בטעם טבעי 5 אחוז 200גרם גד,יחידה,1,יחידה,false,0.0000,12.9,12.9000,false,1,
7290011499624,false,שמנת 30% ניו יורק טבעי 200 גרם רבנות,מחלבות גד שיווק 1992 בעמ,,גבינת שמנת טבעית 30 אחוז 200 גד,יחידה,1,יחידה,false,0.0000,14.9,14.9000,false,1,
7290011515683,false,מאגדת טילון אקסטרים וניל נסטלה 6 יחידות,נגה גלידות שותפות מוגבלת,,מארז טילונים 6יח' וניל,יחידה,1,יחידה,false,0.0000,36.9,36.9000,false,1,
7290011515911,false,שלגוני לייט ריבת חלב עם סירופ 6*52 גרם,נגה גלידות שותפות מוגבלת,,"מאגדת לייט ריבת חלב ""נסטלה""",יחידה,1,יחידה,false,0.0000,36.9,36.9000,false,1,
7290011695934,false,נאמן לאורך זמן נייר אפייה 50יח',אופל,,נייר אפיה נשלף,יחידה,1,יחידה,false,0.0000,11.9,11.9000,false,1,
7290011695958,false,"חומץ תפוחים נאמן 750 מ""ל",נאמן לאורך זמן בעמ,,חומץ תפוחים 507 גרם,יחידה,1,יחידה,false,0.0000,12,12.0000,false,1,
7290011723101,false,טחינה הר ברכה 1 ליטר,רזיט שיווק בעמ,,"טחינה הר ברכה 1 ק""ג",יחידה,1,יחידה,false,12.0000,39.9,39.9000,false,1,
>>>>>>> d048ac2f4f281c9d788043ab4e81b61b0dbe3743
7290011723200,false,טחינה הר ברכה 100% שומשום טהור 500 גר,טחינה הר ברכה בעמ,,טחינה גולמית הר ברכה 500 גרם,יחידה,1,יחידה,false,24.0000,17.9,17.9000,false,1,
7290011778118,false,תבנית 12 ביצים L - מוצר בפיקוח,יושלם,,תבנית 12 ביצים L - מוצר בפיקוח,יחידה,1,יחידה,false,0.0000,12.05,12.0500,false,1,
7290011830007,false,"סוכר חום אורגני השדה מוצרים אורגנים 1 ק""ג",השדה מוצרים אורגניים,,"סוכר חום אורגני 1 ק""ג",00000,1,00000,false,12.0000,13.9,13.9000,false,1,
7290011830168,false,פירורי לחם אורגני ק.כוסמין שקית 200 גרם,השדה מוצרים אורגניים,,פירורי לחם כוסמין 200 גרם,יחידה,1,יחידה,false,24.0000,12.9,12.9000,false,1,
7290011830236,false,בייגלה מקמח כוסמין +מלח 200 גרם השדה,השדה מוצרים אורגניים,,בייגלה אורגני מקמח כוסמין 200גרם,יחידה,1,יחידה,false,12.0000,16.9,16.9000,false,1,
7290011830380,false,פסטה מקמח דורם חמישה צבעים מקרוני אורגני השדה 500 גרם,השדה מוצרים טבעיים ו,,פסטה אורגנית מקמח דורום בחמישה צבעים 500 גרם - מקרוני,יחידה,1,יחידה,false,12.0000,29.9,29.9000,false,1,
7290011830991,false,צ'יקי מאנקי חטיף בוטנים אורגני 60 גרם ללא גלוטן,השדה מוצרים טבעיים ו,,צ'יקי מאנקי חטיף בוטנים אורגני 60 גרם ללא גלוטן,יחידה,1,יחידה,false,24.0000,6.5,6.5000,false,1,
<<<<<<< HEAD
7290011877101,false,"סנומוד מטהר אוויר מאסק סנו 150 מ""ל",מיוצר עי קונדיטוריית,,"מטהר אוויר מאסק ""סנומוד""",יחידה,1,יחידה,false,0.0000,13.9,13.9000,false,1,
7290011923211,false,"שמן זית אורגני 750 מ""ל ליב",,,שמן זית 750 מל אורגני ליב,00000,1,00000,false,0.0000,59.9,59.9000,false,1,
7290011947309,false,זיתים מצוננים סורי מבוקע ולימון כבוש זיתא 230 ג',זיתא – י.ט.ב תעשיות,,זית סורי מבוקע עם לימון כבוש 220 גרם רבנות,יחידה,1,יחידה,false,0.0000,15.9,15.9000,false,1,
7290011947798,false,זית קלמטה ללא גלעין עם שמן זית כתית מעולה,זיתא - י.ט.ב תעשיות,,זית קלמטה ללא גלעין עם שמן זית כתית מעולה,00000,1,00000,false,0.0000,15.9,15.9000,false,1,
7290011964344,false,שום גבישי בקופ' 120 גר' טעם וריח,"תבליני טעם וריח בע""מ",,שום גבישי 120 גרם מיכל גדול,00000,1,00000,false,0.0000,9.9,9.9000,false,1,
7290011996062,false,אורז לבן עגול מתאים להכנת סושי,טעמי אסיה Taste of Asia,,אורז-לסושי,יחידה,1,יחידה,false,0.0000,15.9,15.9000,false,1,
7290011996123,false,אצות לסושי נורי גולד 10 יחידות,טעמי אסיה Taste of Asia,,אצות לסושי נורי גולד 10 יחידות,יחידה,1,יחידה,false,0.0000,13.9,13.9000,false,1,
7290011996178,false,"רוטב סויה בסגנון יפני 300 מ""ל",guangdong good taste,,"רוטב סויה בסגנון יפני 300 מ""ל",יחידה,1,יחידה,false,0.0000,12.9,12.9000,false,1,
7290011996185,false,"חומץ אורז לסושי 250 מ""ל ""אסיה""",טעמי אסיה Taste of Asia,,"חומץ אורז לסושי 250 מ""ל ""אסיה""",יחידה,1,יחידה,false,0.0000,10.9,10.9000,false,1,
7290011996512,false,"טעם אסיה טעם אסיה אטריות אורז 3מ""מ 400ג'",טעמי אסיה Taste of Asia,,"מקלוני אורז 400 גרם ""אסיה""",יחידה,1,יחידה,false,0.0000,9.9,9.9000,false,1,
7290011996604,false,"רוטב פאד תאי 300 גרם ""אסיה""",טעמי אסיה Taste of Asia,,"רוטב פאד תאי 300 גרם ""אסיה""",יחידה,1,יחידה,false,0.0000,19.9,19.9000,false,1,
7290011996758,false,מזרח מערב קמח טמפורה כשר 500ג',טעמי אסיה Taste of Asia,,"קמח טמפורה 500 גרם ""אסיה""",יחידה,1,יחידה,false,0.0000,11.9,11.9000,false,1,
7290011996819,false,"מקלוני אטריות שעועית 250 גרם ""אסיה""",טעמי אסיה Taste of Asia,,"מקלוני אטריות שעועית 250 גרם ""אסיה""",יחידה,1,יחידה,false,0.0000,8.9,8.9000,false,1,
7290012001994,false,חרדל דיז'ון גרעינים 350 ג' ריין דיזון,ריין דיז'ון reine dijon,,חרדל דיז'ון גרעינים 350 גרם,יחידה,1,יחידה,false,12.0000,15.9,15.9000,false,1,
7290012022203,false,פריכיות קליליות חיטה,דילייט 2005,,קליליות חיטה מלאה,יחידה,1,יחידה,false,0.0000,14.9,14.9000,false,1,
7290012022227,false,קליליות חיטה בטעם טבעי,דילייט 2005,,קליליות בטעם טבעי,יחידה,1,יחידה,false,0.0000,13.9,13.9000,false,1,
7290012022272,false,פריכיות קליליות קידס,דילייט 2005,,קליליות קידס,יחידה,1,יחידה,false,0.0000,11.9,11.9000,false,1,
7290012046193,false,ספוגי קרצוף קשיחים ירוקים קצרים 9יח,M3,,תשיעיית סקוטש ברייט ירוק לקירצוף,יחידה,1,יחידה,false,0.0000,19.9,19.9000,false,1,
7290012052330,false,גרנולה תענוג חלבה ותמרים 1 ק''ג,רפאלס,,"גרנולה תענוג חלבה 1 ק""ג",00000,1,00000,false,0.0000,29.9,29.9000,false,1,
7290012117039,false,נוזל לניקוי אמבטיה 00 סנו 1 ליטר,סנו מפעלי ברונוס בעמ,,"חומר ניקוי לאמבטיה 00 ""סנו""",יחידה,1,יחידה,false,0.0000,11.9,11.9000,false,1,
7290012117534,false,מרכך כביסה מרוכז תכלת קול סנו מקסימה 1 ליטר,"סנו מפעלי ברונוס בע""\מ",,"מרכך מרוכז קול 1 ליטר ""מקסימה""",יחידה,1,יחידה,false,0.0000,19.9,19.9000,false,1,
7290012193286,false,פרש וואנס SENSITIVE מגבונים ללא בישום רביעייה 72 יחידות,על בד,,פרש וואנס SENSITIVE מגבונים ללא בישום רביעייה 72 יחידות,יחידה,1,יחידה,false,0.0000,24.9,24.9000,false,1,
7290012226120,false,"קבנוס 135 גרם ""זוגלובק""",נקניק נהריה כשר זוגל,,"קבנוס 135 גרם ""זוגלובק""",יחידה,1,יחידה,false,0.0000,14.9,14.9000,false,1,
7290012226922,false,קבנוס בטעם שום זוגלובק 135 גרם,נקניק נהריה כשר זוגל,,קבנוס בטעם שום 135 גרם,יחידה,1,יחידה,false,0.0000,14.9,14.9000,false,1,
7290012227325,false,סלמי דק דק מעושן איטלקי 120 ג' זוגלובק,זוגלובק,,"סלמי מעושן דק דק 120 גרם ""זוגלובק""",יחידה,1,יחידה,false,0.0000,13.9,13.9000,true,1,
7290012227974,false,פסטרמה הודו בדבש טהור דק דק דק,זוגלובק,,"פסטרמה בדבש 120 גרם ""זוגלובק""",יחידה,1,יחידה,false,0.0000,13.9,13.9000,true,1,
7290012227981,false,פסטרמה דק דק ברביקיו 120 ג' זוגלובק,זוגלובק,,"פסטרמה ברביקיו 120 גרם ""זוגלובק""",יחידה,1,יחידה,false,0.0000,13.9,13.9000,true,1,
7290012227998,false,פסטרמה דק דק חזה בקר 120 ג' זוגלובק,זוגלובק,,"חזה בקר 120 גרם ""זוגלובק""",יחידה,1,יחידה,false,0.0000,13.9,13.9000,true,1,
7290012404177,false,"שוופס Fruits תפוח זכוכית 330 מ""ל",יפאורה תבורי בעמ,,"שוופס פרוט 330 מ""ל- תפוחים",יחידה,1,יחידה,false,24.0000,6.5,6.2000,false,1,
7290012525452,false,טילון אקסטרים נוק אאוט שוקו וניל 70ג',גלידות נסטלה )נגה גלידות,,טילון שוקו וניל,יחידה,1,יחידה,false,0.0000,8,8.0000,false,1,
7290012625985,false,עוגיות אקלר מובחרות 250ג',,,עוגיות אקלר מובחרות 250ג',יחידה,1,יחידה,false,0.0000,22.9,22.9000,false,1,
7290012645020,false,"יוגורט עיזים טבעי בבקבוק חלב הארץ 500 מ""ל",מחלבת סוסיא,,"יוגורט עיזים טבעי 500 גרם ""חלב הארץ""",יחידה,1,יחידה,false,0.0000,13.9,13.9000,true,1,
7290012645112,false,יוגורט עיזים 2.8% בדלי חלב הארץ 750 גרם,מחלבות סוסיא,,"יוגורט עיזים בדלי 750 גרם ""חלב הארץ""",יחידה,1,יחידה,false,0.0000,22.9,22.9000,false,1,
7290012645129,false,יוגורט כבשים 5% בדלי חלב הארץ 750 גרם,מחלבות סוסיא,,"יוגורט כבשים בדלי 750 גרם ""חלב הארץ""",יחידה,1,יחידה,false,0.0000,22.9,22.9000,false,1,
7290012759956,false,חטיף אישי חלבון תמר פקאן וקשיו,ממה,,חטיף אישי חלבון תמר פקאן וקשיו,00000,1,00000,false,0.0000,10.9,10.9000,false,1,
=======
7290011877101,false,"סנומוד מטהר אוויר מאסק סנו 150 מ""ל",החברה הדרומית לשיווק בעמ,,"מטהר אוויר מאסק ""סנומוד""",יחידה,1,יחידה,false,0.0000,13.9,13.9000,false,1,
7290011923211,false,"שמן זית אורגני 750 מ""ל ליב",,,שמן זית 750 מל אורגני ליב,00000,1,00000,false,0.0000,59.9,59.9000,false,1,
7290011947309,false,זיתים מצוננים סורי מבוקע ולימון כבוש זיתא 230 ג',תה ויסוצקי (ישראל) בעמ,,זית סורי מבוקע עם לימון כבוש 220 גרם רבנות,יחידה,1,יחידה,false,0.0000,15.9,15.9000,false,1,
7290011947798,false,זית קלמטה ללא גלעין עם שמן זית כתית מעולה,תה ויסוצקי (ישראל) בעמ,,זית קלמטה ללא גלעין עם שמן זית כתית מעולה,00000,1,00000,false,0.0000,15.9,15.9000,false,1,
7290011964344,false,שום גבישי בקופ' 120 גר' טעם וריח,"תבליני טעם וריח בע""מ",,שום גבישי 120 גרם מיכל גדול,00000,1,00000,false,0.0000,9.9,9.9000,false,1,
7290011996062,false,אורז לבן עגול מתאים להכנת סושי,טחנת האבן קואופ בעמ,,אורז-לסושי,יחידה,1,יחידה,false,0.0000,15.9,15.9000,false,1,
7290011996123,false,אצות לסושי נורי גולד 10 יחידות,טחנת האבן קואופ בעמ,,אצות לסושי נורי גולד 10 יחידות,יחידה,1,יחידה,false,0.0000,13.9,13.9000,false,1,
7290011996178,false,"רוטב סויה בסגנון יפני 300 מ""ל",טחנת האבן קואופ בעמ,,"רוטב סויה בסגנון יפני 300 מ""ל",יחידה,1,יחידה,false,0.0000,12.9,12.9000,false,1,
7290011996185,false,חומץ אורז לבן לסושי טעמי אסיה (250 מל),טחנת האבן קואופ בעמ,,"חומץ אורז לסושי 250 מ""ל ""אסיה""",יחידה,1,יחידה,false,0.0000,10.9,10.9000,false,1,
7290011996512,false,"טעם אסיה טעם אסיה אטריות אורז 3מ""מ 400ג'",טחנת האבן קואופ בעמ,,"מקלוני אורז 400 גרם ""אסיה""",יחידה,1,יחידה,false,0.0000,9.9,9.9000,false,1,
7290011996604,false,רוטב פאד תאי טעמי אסיה (300 מל),טחנת האבן קואופ בעמ,,"רוטב פאד תאי 300 גרם ""אסיה""",יחידה,1,יחידה,false,0.0000,19.9,19.9000,false,1,
7290011996758,false,קמח טמפורה כשר מזרח ומערב 500 גר`,טחנת האבן קואופ בעמ,,"קמח טמפורה 500 גרם ""אסיה""",יחידה,1,יחידה,false,0.0000,11.9,11.9000,false,1,
7290011996819,false,"מקלוני אטריות שעועית 250 גרם ""אסיה""",טחנת האבן קואופ בעמ,,"מקלוני אטריות שעועית 250 גרם ""אסיה""",יחידה,1,יחידה,false,0.0000,8.9,8.9000,false,1,
7290012001994,false,חרדל דיז'ון גרעינים 350 ג' ריין דיזון,דיפלומט מפיצים (1968) בעמ**,,חרדל דיז'ון גרעינים 350 גרם,יחידה,1,יחידה,false,12.0000,15.9,15.9000,false,1,
7290012022203,false,פריכיות חיטה מלאה 60 גרם,דילייט 2005 בע`מ,,קליליות חיטה מלאה,יחידה,1,יחידה,false,0.0000,14.9,14.9000,false,1,
7290012022227,false,פריכיות חיטה טבעי 60 גרם,דילייט 2005 בע`מ,,קליליות בטעם טבעי,יחידה,1,יחידה,false,0.0000,13.9,13.9000,false,1,
7290012022272,false,פריכיות קליליות קידס,דילייט 2005 בעמ,,קליליות קידס,יחידה,1,יחידה,false,0.0000,11.9,11.9000,false,1,
7290012046193,false,ספוגי קרצוף קשיחים ירוקים קצרים 9יח,M3,,תשיעיית סקוטש ברייט ירוק לקירצוף,יחידה,1,יחידה,false,0.0000,19.9,19.9000,false,1,
7290012052330,false,גרנולה תענוג חלבה ותמרים 1 ק''ג,כרמית תעשיות ממתקים בעמ,,"גרנולה תענוג חלבה 1 ק""ג",00000,1,00000,false,0.0000,29.9,29.9000,false,1,
7290012117039,false,נוזל לניקוי אמבטיה 00 סנו 1 ליטר,החברה הדרומית לשיווק בעמ,,"חומר ניקוי לאמבטיה 00 ""סנו""",יחידה,1,יחידה,false,0.0000,11.9,11.9000,false,1,
7290012117534,false,מרכך כביסה מרוכז תכלת קול סנו מקסימה 1 ליטר,החברה הדרומית לשיווק בעמ,,"מרכך מרוכז קול 1 ליטר ""מקסימה""",יחידה,1,יחידה,false,0.0000,19.9,19.9000,false,1,
7290012193286,false,פרש וואנס SENSITIVE מגבונים ללא בישום רביעייה 72 יחידות,על בד,,פרש וואנס SENSITIVE מגבונים ללא בישום רביעייה 72 יחידות,יחידה,1,יחידה,false,0.0000,24.9,24.9000,false,1,
7290012226120,false,קבנוס זוגלובק (45x3 גרם),נקניק נהריה כשר זוגל,,"קבנוס 135 גרם ""זוגלובק""",יחידה,1,יחידה,false,0.0000,14.9,14.9000,false,1,
7290012226922,false,קבנוס בטעם שום זוגלובק (45x3 גרם),נקניק נהריה כשר זוגל,,קבנוס בטעם שום 135 גרם,יחידה,1,יחידה,false,0.0000,14.9,14.9000,false,1,
7290012227325,false,סלמי דק דק מעושן איטלקי 120 ג' זוגלובק,זוגלובק שיווק בעמ,,"סלמי מעושן דק דק 120 גרם ""זוגלובק""",יחידה,1,יחידה,false,0.0000,13.9,13.9000,true,1,
7290012227974,false,פסטרמה הודו בדבש טהור דק דק דק,זוגלובק שיווק בעמ,,"פסטרמה בדבש 120 גרם ""זוגלובק""",יחידה,1,יחידה,false,0.0000,13.9,13.9000,true,1,
7290012227981,false,פסטרמה דק דק ברביקיו 120 ג' זוגלובק,זוגלובק שיווק בעמ,,"פסטרמה ברביקיו 120 גרם ""זוגלובק""",יחידה,1,יחידה,false,0.0000,13.9,13.9000,true,1,
7290012227998,false,פסטרמה דק דק חזה בקר 120 ג' זוגלובק,זוגלובק שיווק בעמ,,"חזה בקר 120 גרם ""זוגלובק""",יחידה,1,יחידה,false,0.0000,13.9,13.9000,true,1,
7290012404177,false,"שוופס Fruits תפוח זכוכית 330 מ""ל",יפאורה שותפות מוגבלת לשיווק,,"שוופס פרוט 330 מ""ל- תפוחים",יחידה,1,יחידה,false,24.0000,6.5,6.2000,false,1,
7290012525452,false,טילון אקסטרים נוק אאוט שוקו וניל 70ג',נגה גלידות שותפות מוגבלת,,טילון שוקו וניל,יחידה,1,יחידה,false,0.0000,8,8.0000,false,1,
7290012625985,false,עוגיות אקלר מובחרות 250ג',,,עוגיות אקלר מובחרות 250ג',יחידה,1,יחידה,false,0.0000,22.9,22.9000,false,1,
7290012645020,false,"יוגורט עיזים טבעי בבקבוק חלב הארץ 500 מ""ל",שטראוס גרופ בעמ/מצונן,,"יוגורט עיזים טבעי 500 גרם ""חלב הארץ""",יחידה,1,יחידה,false,0.0000,13.9,13.9000,true,1,
7290012645112,false,יוגורט עיזים 2.8% בדלי חלב הארץ 750 גרם,שטראוס גרופ בעמ/מצונן,,"יוגורט עיזים בדלי 750 גרם ""חלב הארץ""",יחידה,1,יחידה,false,0.0000,22.9,22.9000,false,1,
7290012645129,false,יוגורט כבשים 5% בדלי חלב הארץ 750 גרם,שטראוס גרופ בעמ/מצונן,,"יוגורט כבשים בדלי 750 גרם ""חלב הארץ""",יחידה,1,יחידה,false,0.0000,22.9,22.9000,false,1,
7290012759956,false,חטיף אישי חלבון תמר פקאן וקשיו 50 גר`,טחנת האבן קואופ בעמ,,חטיף אישי חלבון תמר פקאן וקשיו,00000,1,00000,false,0.0000,10.9,10.9000,false,1,
>>>>>>> d048ac2f4f281c9d788043ab4e81b61b0dbe3743
7290012803765,false,טוסו שוקולד מריר ללא תוספת סוכר 100 גרם,אלטינמארקה גידה סאן,,טוסו שוקולד מריר ללא תוספת סוכר 100 גרם,יחידה,1,יחידה,false,0.0000,13.9,13.9000,false,1,
7290012803772,false,טוסו שוקולד חלב ללא תוספת סוכר 100 גרם,אלטינמארקה גידה סאן,,טוסו שוקולד חלב ללא תוספת סוכר 100 גרם,יחידה,1,יחידה,false,0.0000,13.9,13.9000,false,1,
7290012823381,false,מקסימה מרכך כביסה מרוכז סנסטיב בייבי סנו 1 ליטר,החברה הדרומית לשיווק בעמ,,"מרכך מרוכז סנסטיב 1 ליטר ""מקסימה""",יחידה,1,יחידה,false,0.0000,19.9,19.9000,false,1,
7290012839009,false,תערובת גרנולה דניאל,,,תערובת גרנולה דניאל,יחידה,1,יחידה,false,0.0000,31.9,31.9000,false,1,
7290012871054,false,שלווה חיטה מלאה דבש 200 גרם דגן,מפעלי דגן,,שלווה חיטה מלאה דבש 200 גרם דגן,יחידה,1,יחידה,false,1.0000,8.9,8.9000,false,1,
<<<<<<< HEAD
7290012884986,false,תפוגן ציפס לתנור עד 4% שומן 1.5 קג,"תעשיות תפוגן בע""\מ",,תפוגן ציפס לתנור,יחידה,1,יחידה,false,8.0000,29.9,29.9000,false,1,
7290012901355,false,דודלס ארוחת אטריות עם גבינה 206 גרם,האי נאם סי או אל.טי.,,מקרוני אנד צ'יז ירוק 206,יחידה,1,יחידה,false,24.0000,12.9,12.9000,false,1,
7290012911293,false,דפי אורז ללא גלוטן 300 ג',טעמי אסיה Taste of Asia,,"דפי אורז 300 גרם ""אסיה""",יחידה,1,יחידה,false,0.0000,12.9,12.9000,false,1,
7290012911415,false,"ממרח קארי ירוק 400 גרם ""אסיה""",קיי אר אס ספייסי פוד,,"ממרח קארי ירוק 400 גרם ""אסיה""",יחידה,1,יחידה,false,0.0000,19.9,19.9000,false,1,
7290012911422,false,"ממרח קארי אדום 400 גרם ""אסיה""",טעמי אסיה Taste of Asia,,"ממרח קארי אדום 400 גרם ""אסיה""",00000,1,00000,false,0.0000,19.9,19.9000,false,1,
7290012911439,false,"קארי ממרח צהוב 400 גרם ""אסיה""",טעמי אסיה Taste of Asia,,"קארי ממרח צהוב 400 גרם ""אסיה""",יחידה,1,יחידה,false,0.0000,19.9,19.9000,false,1,
7290012911477,false,"קרם קוקוס 400 גרם ""אסיה""",אסיאטיק אגרו אינדסטר,,"קרם קוקוס 400 גרם ""אסיה""",יחידה,1,יחידה,false,0.0000,8.9,8.9000,false,1,
7290012938405,false,"רדיד אלומיניום עבה במיוחד לבישול,אפייה והקפאה.",ריינולדס,,"רדיד אלומיניום עבה במיוחד לבישול,אפייה והקפאה.",יחידה,1,יחידה,false,0.0000,21.9,21.9000,false,1,
=======
7290012884986,false,צ`יפס לתנור עד 4% שומן תפוגן (1.5 קג),קבוצת אוסם סחר שותפות מוגבלת,,תפוגן ציפס לתנור,יחידה,1,יחידה,false,8.0000,29.9,29.9000,false,1,
7290012901355,false,דודלס ארוחת אטריות עם גבינה 206 גרם,האי נאם סי או אל.טי.,,מקרוני אנד צ'יז ירוק 206,יחידה,1,יחידה,false,24.0000,12.9,12.9000,false,1,
7290012911293,false,דפי אורז 22 סמ טעמי אסיה (300 גרם)-ללא,טחנת האבן קואופ בעמ,,"דפי אורז 300 גרם ""אסיה""",יחידה,1,יחידה,false,0.0000,12.9,12.9000,false,1,
7290012911415,false,ממרח קארי ירוק טעמי אסיה (400 גרם),קיי אר אס ספייסי פוד,,"ממרח קארי ירוק 400 גרם ""אסיה""",יחידה,1,יחידה,false,0.0000,19.9,19.9000,false,1,
7290012911422,false,ממרח קארי אדום טעמי אסיה (400 גרם),טחנת האבן קואופ בעמ,,"ממרח קארי אדום 400 גרם ""אסיה""",00000,1,00000,false,0.0000,19.9,19.9000,false,1,
7290012911439,false,"קארי ממרח צהוב 400 גרם ""אסיה""",טחנת האבן קואופ בעמ,,"קארי ממרח צהוב 400 גרם ""אסיה""",יחידה,1,יחידה,false,0.0000,19.9,19.9000,false,1,
7290012911477,false,קרם קוקוס טעמי אסיה (400 מל),אסיאטיק אגרו אינדסטר,,"קרם קוקוס 400 גרם ""אסיה""",יחידה,1,יחידה,false,0.0000,8.9,8.9000,false,1,
7290012938405,false,"רדיד אלומיניום עבה במיוחד לבישול,אפייה והקפאה.",גורי ע.ע.ע. בע`מ,,"רדיד אלומיניום עבה במיוחד לבישול,אפייה והקפאה.",יחידה,1,יחידה,false,0.0000,21.9,21.9000,false,1,
>>>>>>> d048ac2f4f281c9d788043ab4e81b61b0dbe3743
7290012981241,false,מארז לחמניות (מהאגדות),,,מארז לחמניות (מהאגדות),יחידה,1,יחידה,false,0.0000,16.9,16.9000,false,1,
7290013027399,false,לחם קמח מלא קל בתוספת שיפון 750 ג' אנג'ל,מאפיית שלמה א. אנג'\ל בע,,100 לחם אנגל מלא קל,יחידה,1,יחידה,false,0.0000,16.9,16.9000,false,1,
7290013117212,false,בורקס פילו במילוי גבינה מעדנות 600 גר,תנובה מרכז שיתופי לשיווק תוצרת,,בורקס פילו במילוי גבינה,00000,1,00000,false,10.0000,24.9,24.9000,false,1,
7290013117410,false,בצק פריך מרודד למאפים מתוקים 900 ג' מעדנות,תנובה מרכז שיתופי לשיווק תוצרת,,בצק פריך מרודד למאפים מתוקים,00000,1,00000,false,0.0000,26.9,26.9000,false,1,
7290013144393,false,תמצית אפיה בטעם וניל מימונס (50 מל),א.ל. ייצור ושיווק תבלינים בע`מ,,"תמצית וניל ""מיימונס""",יחידה,1,יחידה,false,0.0000,6.9,6.9000,false,1,
7290013144560,false,מיימונס צבע מאכל כחול 50 גרם,א.ל. ייצור ושיווק תבלינים בע`מ,,"צבע מאכל כחול ""מיימונס""",יחידה,1,יחידה,false,0.0000,6.9,6.9000,false,1,
7290013185006,false,לחם בריאות משהו משהו,משהו משהו,,לחם בריאות,יחידה,1,יחידה,false,0.0000,13.9,13.9000,false,1,
7290013185914,false,לחם בריאות מחמצת כוסמין קל,מאפיית רפאל,,לחם בריאות מחמצת כוסמין קל,יח,1,יח,false,0.0000,16.9,16.9000,false,1,
7290013185921,false,פרנץ טוסט פרוס בסגנון צרפתי,,,פרנץ טוסט פרוס בסגנון צרפתי,יחידה,1,יחידה,false,0.0000,19.9,19.9000,false,1,
<<<<<<< HEAD
7290013268037,false,מקסימה מרכך כביסה מרוכז בניחוח לבנדר פצ'ולי סנו 1 ליטר,"סנו מפעלי ברונוס בע""\מ",,"מרכך מרוכז לבנדר 1 ליטר ""מקסימה""",יחידה,1,יחידה,false,0.0000,19.9,19.9000,false,1,
7290013269003,false,מרכך כביסה סופר מרוכז בייבי לתינוקות ולעור רגיש,"סנו מפעלי ברונוס בע""\מ",,"מרכך מרוכז בייבי 1 ליטר ""מקסימה""",יחידה,1,יחידה,false,0.0000,21.9,21.9000,false,1,
7290013269300,false,ניילון נצמד פלוס סנו סושי 150 מטר,"מיוצר בהונג קונג, סי",,"ניילון נצמד 150 מטר ""סנו""",יחידה,1,יחידה,false,0.0000,33,33.0000,false,1,
7290013269638,false,ספוג הפלא אקסטרה Extra- מארז 6 יח',החברה הדרומית,,"ספוג הפלא אקסטרה ""סנו""",יחידה,1,יחידה,false,0.0000,14.9,14.9000,false,1,
7290013284310,false,רוטב פסטה לילדים פריניר 240 גרם,פריניר ( הדס 1987) ב,,רוטב לפסטה פריניר 240 גרם,יחידה,1,יחידה,false,24.0000,6.9,6.9000,false,1,
7290013358356,false,פירורי לחם מוזהבים מאסטר שף 320 גרם,מנה י.א בעמ,,מאסטר שף פירורי לחם מוזהבים 320 גרם,יחידה,1,יחידה,false,0.0000,9.9,9.9000,false,1,
7290013358363,false,מאסטר שף פרורי לחם פנקו עבים בסגנון יפני 300 גר,קריניציה ויטמינה אס,,מאסטר שף פירורי לחם פנקו מוזהבים 300 גרם,יחידה,1,יחידה,false,0.0000,10.9,10.9000,false,1,
7290013358417,false,מאסטר שף אסייאתי רוטב טריאקי 300 מל כשלפ,קריניציה ויטמינה אס,,מאסטר שף אסייאתי רוטב טריאקי 300 מל כשלפ,יחידה,1,יחידה,false,0.0000,13.9,13.9000,false,1,
7290013440648,false,מאגדת שלגוני אבטיח נסטלה 5 יחידות,גלידות נסטלה )נגה גלידות,,מאגדת אבטיח כלפ 8 5*108גרם 2017,יחידה,1,יחידה,false,8.0000,26.9,26.9000,false,1,
=======
7290013268037,false,מקסימה מרכך כביסה מרוכז בניחוח לבנדר פצ'ולי סנו 1 ליטר,החברה הדרומית לשיווק בעמ,,"מרכך מרוכז לבנדר 1 ליטר ""מקסימה""",יחידה,1,יחידה,false,0.0000,19.9,19.9000,false,1,
7290013269003,false,מרכך כביסה סופר מרוכז בייבי לתינוקות ולעור רגיש,החברה הדרומית לשיווק בעמ,,"מרכך מרוכז בייבי 1 ליטר ""מקסימה""",יחידה,1,יחידה,false,0.0000,21.9,21.9000,false,1,
7290013269300,false,סושי ניילון נצמד פלוס סנו (150 מטר),החברה הדרומית לשיווק בעמ,,"ניילון נצמד 150 מטר ""סנו""",יחידה,1,יחידה,false,0.0000,33,33.0000,false,1,
7290013269638,false,ספוג הפלא אקסטרה Extra- מארז 6 יח',החברה הדרומית לשיווק בעמ,,"ספוג הפלא אקסטרה ""סנו""",יחידה,1,יחידה,false,0.0000,14.9,14.9000,false,1,
7290013284310,false,רוטב פסטה לילדים פריניר 240 גרם,ח.כהן סוכנות מזון ומשקאות בע,,רוטב לפסטה פריניר 240 גרם,יחידה,1,יחידה,false,24.0000,6.9,6.9000,false,1,
7290013358356,false,פירורי לחם מוזהבים מאסטר שף (320גרם),ש. שסטוביץ בע`מ,,מאסטר שף פירורי לחם מוזהבים 320 גרם,יחידה,1,יחידה,false,0.0000,9.9,9.9000,false,1,
7290013358363,false,מאסטר שף פרורי לחם פנקו עבים בסגנון יפני 300 גר,קריניציה ויטמינה אס,,מאסטר שף פירורי לחם פנקו מוזהבים 300 גרם,יחידה,1,יחידה,false,0.0000,10.9,10.9000,false,1,
7290013358417,false,מאסטר שף אסייאתי רוטב טריאקי 300 מל כשלפ,קריניציה ויטמינה אס,,מאסטר שף אסייאתי רוטב טריאקי 300 מל כשלפ,יחידה,1,יחידה,false,0.0000,13.9,13.9000,false,1,
7290013440648,false,מאגדת שלגוני אבטיח נסטלה 5 יחידות,נגה גלידות שותפות מוגבלת,,מאגדת אבטיח כלפ 8 5*108גרם 2017,יחידה,1,יחידה,false,8.0000,26.9,26.9000,false,1,
>>>>>>> d048ac2f4f281c9d788043ab4e81b61b0dbe3743
7290013453075,false,"דני וגלית עוגיות שיבולת שועל, טחינה וסילאן",דני וגלית בעמ,,"דני וגלית עוגיות שיבולת שועל, טחינה וסילאן",יחידה,1,יחידה,false,0.0000,28.9,28.9000,true,1,
7290013453082,false,עוגיות כוסמין שוקולדצ'יפס 230 גרם,,,עוגיות כוסמין שוקולדצ'יפס 230 גרם,יחידה,1,יחידה,false,0.0000,28.9,28.9000,true,1,
7290013453648,false,דני וגלית עוגיות פירות יער מקמח שקדים וקמח אורז מלא 230 גרם,"דני וגלית בע""מ",,דני וגלית עוגיות פירות יער מקמח שקדים וקמח אורז מלא 230 גרם,יחידה,1,יחידה,false,0.0000,29.9,29.9000,true,1,
7290013472199,false,ערמונים קלופים וקלויים 105 גרם,ג.וילי-פוד אינטרנשיונל בעמ,,ערמונים קלופים וקלויים,יחידה,1,יחידה,false,0.0000,6.9,6.9000,false,1,
7290013492005,false,תפוח אדמה אדום למיקרו 600 ג',ביכורי השדה צפון 1994 ג.ד. בעמ,,"תפו""א למיקרו",יחידה,1,יחידה,false,0.0000,12,12.0000,false,1,
7290013492135,false,פטריות פורטובלו חורש,,,פטריות פורטובלו חורש,יחידה,1,יחידה,false,0.0000,13.9,13.9000,false,1,
7290013521187,false,ספגטי עדשים אדומות ללא גלוטן אורגני השדה 250גרם,השדה מוצרים טבעיים ו,,ספגטי עדשים אדומות אורגני 250 גרם ללא גלוטן,יחידה,1,יחידה,false,18.0000,13.9,13.9000,false,1,
7290013521224,false,ספגטי כוסמת ללא גלוטן אורגני השדה 250גרם,השדה מוצרים טבעיים ו,,ספגטי כוסמת אורגני 250 גרם ללא גלוטן,יחידה,1,יחידה,false,18.0000,13.9,13.9000,false,1,
<<<<<<< HEAD
7290013531117,false,רוטב פסטה לילדים 240 גרם יכין,"זנלכל בע""\מ",,רוטב פסטה לילדים 240 גרם,יחידה,1,יחידה,false,24.0000,6.9,6.9000,false,1,
7290013585233,false,"ספרייט זירו פחית סליק 330 מ""ל",החברה המרכזית לייצור משקאות,,ספרייט זירו פחית,יחידה,1,יחידה,false,0.0000,6.5,6.2000,true,1,
7290013585387,false,קוקה קולה זירו בקבוק,החברה המרכזית לייצור משקאות,,קוקה-קולה ZERO ליטר 1,יחידה,1,יחידה,false,0.0000,8,7.7000,true,1,
7290013585394,false,קוקה קולה 1ליטר בודד,החברה המרכזית לייצור משקאות,,קוקה-קולה 1 ליטר,יחידה,1,יחידה,false,0.0000,8.5,8.2000,true,1,
=======
7290013531117,false,רוטב פסטה לילדים יכין (240 גר`),"זנלכל בע""\מ",,רוטב פסטה לילדים 240 גרם,יחידה,1,יחידה,false,24.0000,6.9,6.9000,false,1,
7290013585233,false,"ספרייט זירו פחית סליק 330 מ""ל",החברה המרכזית להפצת משקאות בעמ,,ספרייט זירו פחית,יחידה,1,יחידה,false,0.0000,6.5,6.2000,true,1,
7290013585387,false,בקבוק זירו קוקה-קולה (1 ליטר),החברה המרכזית להפצת משקאות בעמ,,קוקה-קולה ZERO ליטר 1,יחידה,1,יחידה,false,0.0000,8,7.7000,true,1,
7290013585394,false,בקבוק קוקה-קולה (1 ליטר),החברה המרכזית להפצת משקאות בעמ,,קוקה-קולה 1 ליטר,יחידה,1,יחידה,false,0.0000,8.5,8.2000,true,1,
>>>>>>> d048ac2f4f281c9d788043ab4e81b61b0dbe3743
7290013675194,false,שניצל אמיתי ביתי ללא גלוטן 700 ג' מאמא עוף,זנטי אס. אי לאלין,,שניצל אמיתי ביתי ללא גלוטן,00000,1,00000,false,0.0000,45.9,45.9000,true,1,
7290013702425,false,"שוופס מוגז עדין פירות יער זכוכית 330 מ""ל",יפאורה תבורי בעמ,,"שוופס מוגז עדין 330 מ""ל- פירות יער",יחידה,1,יחידה,false,24.0000,6.5,6.2000,false,1,
7290013713049,false,בירה ג`מס בקבוק 8.80% אלכוהול ( 330 מל),אגודת הכורמים -כרמל מזרחי,,"בירה JEM'S 8.8 בקבוק 330 מ""ל",יחידה,1,יחידה,false,0.0000,16.9,16.6000,false,1,
7290013764027,false,אוק אנד אש - סיידר תפוחים יבש,,,אוק אנד אש - סיידר תפוחים יבש,יחידה,1,יחידה,false,24.0000,15.9,15.6000,false,1,
7290013847386,false,סטארקיסט נתחי טונה בהירה במים ושמן קנולה בטעם טבעי 140 גרם,סטארקיסט דיפלומט היינץ,,סטארקיסט נתחי טונה בהירה במים ושמן קנולה בטעם טבעי 140 גרם,יחידה,1,יחידה,false,0.0000,8.9,8.9000,false,1,
7290013847393,false,סטארקיסט לייט נתחי טונה בהירה במים ושמן קנולה עם עשבי תיבול 140 גרם,סטארקיסט דיפלומט היינץ,,סטארקיסט לייט נתחי טונה בהירה במים ושמן קנולה עם עשבי תיבול 140 גרם,יחידה,1,יחידה,false,0.0000,8.9,8.9000,false,1,
7290013848758,false,מקסימה גל כביסה מרוכז בייבי 3ליטר סנסטיב,החברה הדרומית לשיווק בעמ,,"ג'ל כביסה בייבי 3 ליטר ""מקסימה""",יחידה,1,יחידה,false,0.0000,39.9,39.9000,false,1,
7290013903594,false,רסק תפוחים טבעי 670 גרם ליב,ל.י.ב. (לחיות יותר בטבע) בעמ,,"רסק תפוחי עץ 670 גרם ""ליב""",יחידה,1,יחידה,false,0.0000,12.9,12.9000,false,1,
7290013906052,false,נקניקיות פרגיות טירת צבי 300 גרם,תנובה מרכז שיתופי לשיווק תוצרת,,נקניקיות פרגיות 300 גרם,00000,1,00000,false,0.0000,14,14.0000,false,1,
7290013906441,false,קבנוס טירת צבי 120 גרם,תנובה מרכז שיתופי לשיווק תוצרת,,קבנוס 120 גרם,00000,1,00000,false,0.0000,14.9,14.9000,false,1,
7290013906458,false,קבנוס בטעם פיקנטי טירת צבי 120 גרם,תנובה מרכז שיתופי לשיווק תוצרת,,קבנוס בטעם פיקנטי 120 ג' טירת צבי,00000,1,00000,false,0.0000,14.9,14.9000,false,1,
7290013906489,false,חטיפי מיני קבנוס טירת צבי 120 גרם,תנובה מרכז שיתופי לשיווק תוצרת,,חטיפי מיני קבנוס 120 גרם,00000,1,00000,false,0.0000,14.9,14.9000,false,1,
7290013906496,false,פסטרמה עגל בסגנון רומני טירת צבי 120 גר,הנסיך- מפעל לייצור ט,,פסטרמה עגל בסגנון רומני 120 גרם,יחידה,1,יחידה,false,0.0000,15.9,15.9000,false,1,
7290013927156,false,אחוה בטעם פירות יער ללא תוספת סוכר 450 גרם.,אחדות ביחר לטחינה חל,,"עוגה לל""ס פירות יער 450 גרם",יחידה,1,יחידה,false,0.0000,15.9,15.9000,false,1,
7290013937124,false,שלגון פריז טבעי קוקו,פריז,,שלגון פריז קוקוס,יחידה,1,יחידה,false,0.0000,9.9,9.9000,false,1,
7290014021518,false,פרי FREE חטיף אננס קראנצ'י 27 גרם,לנאקו שוואנגטי פודסטאף,,חטיף אננס קראנצ'י פרי free,יחידה,1,יחידה,false,10.0000,9.9,9.9000,false,1,
7290014021549,false,פרי FREE חטיף תפוח קראנצ'י 27 גרם,,,חטיף תפוח קרנצי' פרי free,יחידה,1,יחידה,false,10.0000,9.9,9.9000,false,1,
7290014021778,false,מבוקשים- מארז 5 קשים בטעם שוקולד,,,מבוקשים- מארז 5 קשים בטעם שוקולד,יחידה,1,יחידה,false,0.0000,6,6.0000,false,1,
7290014021785,false,מבוקשים- מארז 5 קשים בטעם תות,,,מבוקשים- מארז 5 קשים בטעם תות,יחידה,1,יחידה,false,0.0000,6,6.0000,false,1,
7290014021792,false,מבוקשים- מארז 5 קשים בטעם בננה,,,מבוקשים- מארז 5 קשים בטעם בננה,יחידה,1,יחידה,false,0.0000,6,6.0000,false,1,
7290014046016,false,פסטרמה של פעם דל שומן 2% רכיבים טבעיים,מעדני יחיעם ( 1993 ) בע`מ,,פסטרמה של פעם 250 גרם יחיעם,יחידה,1,יחידה,false,0.0000,29.9,29.9000,true,1,
7290014083479,false,גבינה פרוסה גאודה 27% שומן EURO CHEESE ויליפוד 150 גרם,ג.וילי פוד אינטרנשיונל בעמ,,גבינת גאודה פרוסות 150 ג',יחידה,1,יחידה,false,0.0000,12.9,12.9000,false,1,
7290014217119,false,תערובת לצ'יפס בקופ' 100 גר' טעם וריח,"תבליני טעם וריח בע""מ",,צ'יפס תערובת 100 גרם מיכל גדול,יחידה,1,יחידה,false,6.0000,10.9,10.9000,false,1,
7290014217348,false,"מיכל צ'ילי כתוש 70 גר' ""טעם וריח""","תבליני טעם וריח בע""מ",,"מיכל צ'ילי כתוש 70 גר' ""טעם וריח""",יחידה,1,יחידה,false,0.0000,12,12.0000,false,1,
7290014318090,false,מיני ניוקי ללא גלוטן 500 גרם,VINCI,,מיני ניוקי ללא גלוטן 500 גרם,יחידה,1,יחידה,false,0.0000,19.9,19.9000,false,1,
7290014318168,false,ממרח פסטו 190 גרם,,,ממרח פסטו 190 גרם,יחידה,1,יחידה,false,0.0000,21.9,21.9000,false,1,
7290014318311,false,מארז שלישיית עגבניות חתוכות דק במיץ עגבניות Rosso,,,עגבניות פולפה (מעגבניות תמר) שלישיות 3*400 גרם,יחידה,1,יחידה,false,0.0000,19.7,19.7000,false,1,
7290014318861,false,"קרם קוקוס אורגני 17.5% שומן 250 מ""ל",,,"קרם קוקוס אורגני 17.5% שומן 250 מ""ל",יחידה,1,יחידה,false,12.0000,12.9,12.9000,true,1,
7290014321199,false,קרקר פשתן צ'ילי פיקנטי 125 גרם less & more,"ל.ב. סחר ושיווק בע""מ",,קרקר פשתן צ'ילי פיקנטי 125 גרם less & more,יחידה,1,יחידה,false,12.0000,24.9,24.9000,true,1,
7290014321205,false,קרקר גרעיני פשתן 125 גרם less & more,"ל.ב. סחר ושיווק בע""מ",,קרקר גרעיני פשתן 125 גרם less & more,יחידה,1,יחידה,false,12.0000,24.9,24.9000,true,1,
7290014321212,false,קרקר פשתן ושום 125 גרם less & more,"ל.ב. סחר ושיווק בע""מ",,קרקר פשתן ושום 125 גרם less & more,יחידה,1,יחידה,false,12.0000,24.9,24.9000,true,1,
7290014397767,false,סנו ריצפז פרש הום 2 ליטר בניחוח כותנה-מרכז,החברה הדרומית לשיווק בעמ,,"ריצפז פרש כותנה 2 ליטר ""סנו""",יחידה,1,יחידה,false,0.0000,25.9,25.9000,false,1,
7290014397781,false,סנו ריצפז פרש הום 2 ליטר בניחוח סבון,החברה הדרומית לשיווק בעמ,,"ריצפז פרש סבון כחול 2 ליטר ""סנו""",יחידה,1,יחידה,false,0.0000,25.9,25.9000,false,1,
7290014435704,false,סלמון מעושן פרוס 100ג(שמיר),שבעת הימים - שמיר,,סלמון מעושן 100 גרם,00000,1,00000,false,0.0000,23.9,23.9000,false,1,
7290014455245,false,גבינת גרנה פדנו משולש 29% 200 גרם בית יוסף,מחלבות גד שיווק 1992 בעמ,,"משולש גרנה פדנו 200 גר' ""גד""",יחידה,1,יחידה,false,0.0000,26.9,26.9000,false,1,
7290014455252,false,גבינת גרנה פדנו מגורדת 29% גד (100 גרם),מחלבות גד שיווק 1992 בעמ,,"גבינת גרנה פדנו מגורדת 100 גר' ""גד""",יחידה,1,יחידה,false,0.0000,12.9,12.9000,true,1,
7290014455320,false,גבינה כדורי מוצרלה פרסקה גד 100ג',מחלבות גד שיווק 1992 בעמ,,"כדור מוצרלה פרסקה 100 גרם ""גד""",יחידה,1,יחידה,false,0.0000,10.9,10.9000,false,1,
7290014455467,false,ירח מתוק מעדן חלב 2% ושיבולת שועל גד 150ג',מחלבות גד שיווק 1992 בעמ,,"מעדן שיבולת שועל וחלב ""גד""",יחידה,1,יחידה,false,0.0000,6,6.0000,true,1,
7290014459137,false,"תפוגן סטייק צ'יפס 1.5 ק""ג אסם",קבוצת אוסם סחר שותפות מוגבלת,,"תפוגן סטייק צ'יפס 1.5 ק""ג אסם",יחידה,1,יחידה,false,8.0000,29.9,29.9000,false,1,
7290014459373,false,"צ'יפס קראנצ'י לתנור קפוא תפוגן 1.5ק""ג",קבוצת אוסם סחר שותפות מוגבלת,,"ציפ'ס קראנצ'י לתנור 1.5 ק""ג ""תפוגן""",יחידה,1,יחידה,false,6.0000,29.9,29.9000,false,1,
7290014462601,false,אבוקדו אס ארוז מוכן למאכל,,,אבוקדו אס ארוז מוכן למאכל,יחידה,1,יחידה,false,0.0000,9.9,9.9000,false,1,
7290014466463,false,הר חרמון מוסקט יקב רמת הגולן (750 מל),היכל היין שקד גולן בעמ,,הר חרמון מוסקטו,יחידה,1,יחידה,false,0.0000,39.9,39.6000,false,1,
7290014466609,false,יין גמלא מרלו עברית 2018*,היכל היין שקד גולן בעמ,,"יין גמלא עברית ""ירדן""",יחידה,1,יחידה,false,0.0000,69.9,69.6000,false,1,
7290014511002,false,מארז בייגל אמריקאי קל,,,מארז בייגל אמריקאי קל,יחידה,1,יחידה,false,0.0000,16.9,16.9000,false,1,
7290014511019,false,מארז בייגל אמריקאי מלא,,,מארז בייגל אמריקאי מלא,יחידה,1,יחידה,false,0.0000,16.9,16.9000,false,1,
7290014511026,false,בייגל אמריקאי 4 יחיד,,,מארז בייגל אמריקאי,יחידה,1,יחידה,false,0.0000,16.9,16.9000,false,1,
<<<<<<< HEAD
7290014692305,false,גבינת קממבר EURO CHEESE ויליפוד 125 גרם,הנסיך- מפעל לייצור ט,,גבינת קממבר 125 ג',יחידה,1,יחידה,false,0.0000,21.9,21.9000,false,1,
7290014692749,false,"שמן זית כתית מעולה ויליפוד 750 מ""ל",אסטיאס בורגס,,"שמן זית כתית מעולה 750 מ""ל ויליפוד",יחידה,1,יחידה,false,0.0000,39.9,39.9000,false,1,
7290014725294,false,סוכרזית סוכרלוז סטיוויה 100 שקית,"סוכרזית בע""מ",,סוכרזית סוכרלוז מבושל לשבת,יחידה,1,יחידה,false,0.0000,24.9,24.9000,false,1,
7290014749245,false,ספיישל רצועות שניצל שומשום עוף טוב 600 גרם,מוצרי עוף טוב (2001) בע\,,ע.ט צונגו רצועות שניצל שומשום 600 גרם,00000,1,00000,false,12.0000,39.9,39.9000,false,1,
7290014758162,false,חלב עיזים מלא 3.6% קרטון 1 ל' תנובה,תנובה מרכז שיתופי לש,,חלב עיזים 1 ליטר תנובה,יחידה,1,יחידה,false,0.0000,16.9,16.9000,false,1,
7290014758681,false,קוטג תנובה 1% גביע 250 גרם,מיוצר עי קונדיטוריית,,קוטג תנובה 1% 250 גרם,יחידה,1,יחידה,false,0.0000,5.9,5.9000,false,1,
7290014759978,false,גבינת קצקבל גלעד 27% תנובה 200 גרם,תנובה חלב,,גבינת קשקבל 200 ג' תנובה,יחידה,1,יחידה,false,0.0000,31.5,31.5000,false,1,
7290014759992,false,גבינת רוקפור גליל פלח 140 ג' תנובה,"תנובה, מחלבת תל יוסף",,גבינת גליל רוקפור 140 ג' תנובה,יחידה,1,יחידה,false,0.0000,22.8,22.8000,false,1,
7290014760134,false,"מעדן סויה בטעם וניל תנובה 125 מ""ל",תנובה Alternative,,"מעדן סויה ביו וניל ""תנובה""",יחידה,1,יחידה,false,0.0000,4.9,4.9000,false,1,
7290014760141,false,משקה שקדים תנובה E אלטרנטיב,תנובה Alternative,,"משקה שקדים 1 ליטר ""תנובה""",יחידה,1,יחידה,false,0.0000,14.7,14.7000,false,1,
=======
7290014692305,false,גבינת קממבר EURO CHEESE ויליפוד 125 גרם,ג.וילי-פוד אינטרנשיונל **גבינו,,גבינת קממבר 125 ג',יחידה,1,יחידה,false,0.0000,21.9,21.9000,false,1,
7290014692749,false,"שמן זית כתית מעולה ויליפוד 750 מ""ל",ג. וילי-פוד אינטרנשיונל בע`מ,,"שמן זית כתית מעולה 750 מ""ל ויליפוד",יחידה,1,יחידה,false,0.0000,39.9,39.9000,false,1,
7290014725294,false,סוכרזית סוכרלוז סטיוויה 100 שקית,שטראוס גרופ בעמ,,סוכרזית סוכרלוז מבושל לשבת,יחידה,1,יחידה,false,0.0000,24.9,24.9000,false,1,
7290014749245,false,ספיישל רצועות שניצל שומשום עוף טוב 600 גרם,קבוצת אוסם סחר שותפות מוגבלת,,ע.ט צונגו רצועות שניצל שומשום 600 גרם,00000,1,00000,false,12.0000,39.9,39.9000,false,1,
7290014758162,false,חלב עיזים מלא 3.6% שומן תנובה (1 ליטר),תנובה מרכז שיתופי לש,,חלב עיזים 1 ליטר תנובה,יחידה,1,יחידה,false,0.0000,16.9,16.9000,false,1,
7290014758681,false,גבינת קוטג`1% בגביע תנובה (250 גרם),מיוצר עי קונדיטוריית,,קוטג תנובה 1% 250 גרם,יחידה,1,יחידה,false,0.0000,5.9,5.9000,false,1,
7290014759978,false,קצ`קאבל פלח גלעד 200 גר`קולקשיין תנובה,"תנובה בע""מ ***",,גבינת קשקבל 200 ג' תנובה,יחידה,1,יחידה,false,0.0000,31.5,31.5000,false,1,
7290014759992,false,פלח רוקפור גליל 26% 140 גר`קולקשיין תנו,"תנובה, מחלבת תל יוסף",,גבינת גליל רוקפור 140 ג' תנובה,יחידה,1,יחידה,false,0.0000,22.8,22.8000,false,1,
7290014760134,false,"מעדן סויה בטעם וניל תנובה 125 מ""ל","תנובה בע""מ ***",,"מעדן סויה ביו וניל ""תנובה""",יחידה,1,יחידה,false,0.0000,4.9,4.9000,false,1,
7290014760141,false,משקה שקדים טרי תנובה (1 ליטר),"תנובה בע""מ ***",,"משקה שקדים 1 ליטר ""תנובה""",יחידה,1,יחידה,false,0.0000,14.7,14.7000,false,1,
>>>>>>> d048ac2f4f281c9d788043ab4e81b61b0dbe3743
7290014761056,false,מעדן שוקולד חלב יולו תנובה 123 גרם,מיוצר עי קונדיטוריית,,"מעדן שוקולד חלב מעולה ""YOLO""",יחידה,1,יחידה,false,0.0000,5.2,5.2000,false,1,
7290014761063,false,מעדן שוקולד מריר יולו תנובה 123 גרם,מיוצר עי קונדיטוריית,,"מעדן שוקולד מריר ""YOLO""",יחידה,1,יחידה,false,0.0000,5.2,5.2000,false,1,
7290014761070,false,מעדן שוקולד לבן יולו תנובה 123 גרם,מיוצר עי קונדיטוריית,,"מעדן שוקולד לבן ""YOLO""",יחידה,1,יחידה,false,0.0000,5.2,5.2000,false,1,
7290014761414,false,יולו מעדן שכבות שוקולד חלב ולבן 123 גר,מיוצר עי קונדיטוריית,,"מעדן שכבות שוקולד חלב ולבן ""YOLO""",יחידה,1,יחידה,false,0.0000,5.2,5.2000,false,1,
7290014762800,false,מעדן סויה שוקולד גביע 125 גרם אלטרנטיב,תנובה מרכז שיתופי לש,,גביע מעדן סויה בטעם שוקולד,יחידה,1,יחידה,false,0.0000,4.9,4.9000,false,1,
7290014762848,false,גבינה צהובה מגורדת 22% שומן 500 ג' פתיתי גלבוע,גלבוע - תנובה,,פתיתי גלבוע 22% 500 גרם,יחידה,1,יחידה,false,0.0000,36.9,36.9000,false,1,
7290014762909,false,פתיתי מוצרלה השף הלבן 10% תוספת מתנה,"תנובה, מחלבת תל יוסף",,"פתיתי גבנ""צ מוצרלה 200 גרם ""השף הלבן""",יחידה,1,יחידה,false,20.0000,19.9,19.9000,false,1,
7290014763272,false,יוגורט סויה BIO לשתיה תות ובננה אלטרנטיב,תות תעשיות מזון (201,,"משקה סויה ביו בטעם תות בננה ""תנובה""",יחידה,1,יחידה,false,0.0000,6.5,6.5000,false,1,
7290014763418,false,"כד יוגרט תנובה 4% שומן 1.5 ליטר, מהדרין",תנובה מרכז שיתופי לש,,יוגורט כד 1.5 ליטר 4% תנובה,יחידה,1,יחידה,false,0.0000,19.9,19.9000,false,1,
<<<<<<< HEAD
7290014785007,false,"טפיוקה גרגרים קטנים ""אסיה""",יושלם,,"טפיוקה גרגרים קטנים ""אסיה""",יחידה,1,יחידה,false,6.0000,12.9,12.9000,false,1,
7290014785076,false,"קרם קוקוס ללא תוספות חומר משמר 400 מ""ל",טעמי אסיה Taste of Asia,,"קרם קוקוס ללא תוספות חומר משמר 400 מ""ל",יחידה,1,יחידה,false,0.0000,9.5,9.5000,false,1,
7290014785441,false,אטריות ביצים מקצועי 450 גרם,,,אטריות ביצים מקצועי 450 גרם,00000,1,00000,false,0.0000,13.9,13.9000,false,1,
7290014785564,false,אטריות אודון מוכנות 200 ג',קינגדאן פרימה פודס ק,,אטריות אודון מוכנות,00000,1,00000,false,0.0000,9.9,9.9000,false,1,
7290014791336,false,מים מינרלים מי עדן פ,מים מינרליים,,"מי עדן בייבי 250 מ""ל",יחידה,1,יחידה,false,6.0000,6,5.7000,false,1,
=======
7290014785007,false,גרגרי טפיוקה קטנים 400 גר`טעמי אסיה,טחנת האבן קואופ בעמ,,"טפיוקה גרגרים קטנים ""אסיה""",יחידה,1,יחידה,false,6.0000,12.9,12.9000,false,1,
7290014785076,false,"קרם קוקוס ללא תוספות חומר משמר 400 מ""ל",טחנת האבן קואופ בעמ,,"קרם קוקוס ללא תוספות חומר משמר 400 מ""ל",יחידה,1,יחידה,false,0.0000,9.5,9.5000,false,1,
7290014785441,false,אטריות ביצים מקצועי 450 גרם,,,אטריות ביצים מקצועי 450 גרם,00000,1,00000,false,0.0000,13.9,13.9000,false,1,
7290014785564,false,אטריות אודון מוכנות 200 גר`,קינגדאן פרימה פודס ק,,אטריות אודון מוכנות,00000,1,00000,false,0.0000,9.9,9.9000,false,1,
7290014791336,false,מי מינרלים בודד ליטר,יפאורה שותפות מוגבלת לשיווק,,"מי עדן בייבי 250 מ""ל",יחידה,1,יחידה,false,6.0000,6,5.7000,false,1,
>>>>>>> d048ac2f4f281c9d788043ab4e81b61b0dbe3743
7290014935006,false,בזיליקום נספק 50,,,בזיליקום נספק 50,יחידה,1,יחידה,false,0.0000,5,5.0000,false,1,
7290014935020,false,עירית נספק 30,,,עירית נספק 30,יחידה,1,יחידה,false,0.0000,5,5.0000,false,1,
7290014935037,false,טימין נספק 40,,,טימין נספק 40,יחידה,1,יחידה,false,0.0000,5,5.0000,false,1,
7290014935044,false,רוזמרין נספק 40,,,רוזמרין נספק 40,יחידה,1,יחידה,false,0.0000,5,5.0000,false,1,
7290014935129,false,לבבות קיסר נספק,חקלאי,,לבבות קיסר נספק,יחידה,1,יחידה,false,0.0000,12.9,12.9000,false,1,
7290014935150,false,סלרי עלים,,,סלרי עלים,יחידה,1,יחידה,false,0.0000,7.9,7.9000,false,1,
7290014935167,false,"סלרי ראש ""רגבים""",,,"סלרי ראש ""רגבים""",יחידה,1,יחידה,false,0.0000,7.9,7.9000,false,1,
7290014935198,false,"פטרוזיליה ארוז ""רגבים""",,,"פטרוזיליה ארוז ""רגבים""",יחידה,1,יחידה,false,0.0000,4.5,4.5000,true,1,
7290014935204,false,"כוסברה ארוז ""רגבים""",,,"כוסברה ארוז ""רגבים""",יחידה,1,יחידה,false,0.0000,4.5,4.5000,true,1,
7290014935211,false,"שמיר ארוז ""רגבים""",,,"שמיר ארוז ""רגבים""",יחידה,1,יחידה,false,0.0000,4.5,4.5000,true,1,
7290014935228,false,"נענע ארוז ""רגבים""",,,"נענע ארוז ""רגבים""",יחידה,1,יחידה,false,0.0000,4.5,4.5000,true,1,
7290014935280,false,שורש פטרוזיליה,,,שורש פטרוזיליה,יחידה,1,יחידה,false,0.0000,7.9,7.9000,false,1,
7290014935334,false,פלפל צ'ילי נספק,,,פלפל צ'ילי נספק,יחידה,1,יחידה,false,0.0000,10,10.0000,false,1,
7290014935365,false,אספרגוס ארוז 230 גרם,,,אספרגוס ארוז 230 גרם,יחידה,1,יחידה,false,0.0000,32.9,32.9000,false,1,
7290014935396,false,אפונה שלג,,,אפונה שלג,יחידה,1,יחידה,false,0.0000,21.9,21.9000,false,1,
7290014935433,false,שום קלוף 170 גרם רגבים,,,שום קלוף 170 גרם רגבים,יחידה,1,יחידה,false,0.0000,16,16.0000,false,1,
7290014935471,false,גי'נג'ר רגבים,,,גי'נג'ר רגבים,יחידה,1,יחידה,false,0.0000,12.9,12.9000,false,1,
7290014935501,false,פלפל סוויט בייט,,,פלפל סוויט בייט,יחידה,1,יחידה,false,0.0000,13.9,13.9000,false,1,
7290014935518,false,פטריות שמפיניון א.א,,,פטריות שמפיניון א.א,יחידה,1,יחידה,false,8.0000,11.9,11.9000,false,1,
7290014935723,false,תרד ניו זילנדי רמי ל,,,תרד נספק רגבים,יחידה,1,יחידה,false,0.0000,14,14.0000,false,1,
7290014940901,false,לחם פשוט מלא לילדים פרוס אנג`ל (750 גרם),מאפיית שלמה א. אנג'\ל בע,,"לחם פשוט מלא ""אנג'ל""",יחידה,1,יחידה,false,0.0000,16.9,16.9000,false,1,
7290015009102,false,"עלי טורטייה מקמח לבן 20 ס""מ 360 גרם",,,עלי טורטיה סובריטו 360 גרם,יחידה,1,יחידה,false,0.0000,17.9,17.9000,false,1,
7290015009225,false,"ריבת חלב מקורים 450 גרם ""DANIEL""",קארו,,"ריבת חלב מקורים 450 גרם ""DANIEL""",יחידה,1,יחידה,false,0.0000,18.9,18.9000,false,1,
<<<<<<< HEAD
7290015129121,false,סקיני פסטה נודלס 270 גרם,הוויזאי וואנגייה פוד,,סקיני פסטה בצורת נודלס,יחידה,1,יחידה,false,0.0000,11.9,11.9000,false,1,
7290015129251,false,איטריות קונגאק ללא גלוטן 270 גרם skinny,אף.סי תבליני בגליל ב,,סקיני פסטה פטוצ'יני 270 גרם,00000,1,00000,false,0.0000,11.9,11.9000,false,1,
7290015150088,false,מחית עגבניות קלה גרנד איטליה 700 גרם,שוורצקוף& הנקל דיסלד,,מחית עגבנית 700גרם,יחידה,1,יחידה,false,0.0000,14.9,14.9000,true,1,
7290015150903,false,תה ירוק קינמון ודבש ויסוצקי 25 יחידות,ויסוצקי ירוק,,"תה ירוק קינמון ודבש ""ויסוצקי""",יחידה,1,יחידה,false,0.0000,29.9,29.9000,true,1,
=======
7290015129121,false,אטריות גל קונג`אק נודלס ללא גלוטן סקיני,הוויזאי וואנגייה פוד,,סקיני פסטה בצורת נודלס,יחידה,1,יחידה,false,0.0000,11.9,11.9000,false,1,
7290015129251,false,איטריות גל קונג`אק בצורת פסטה פטוצ`יני ס,אף.סי תבליני בגליל ב,,סקיני פסטה פטוצ'יני 270 גרם,00000,1,00000,false,0.0000,11.9,11.9000,false,1,
7290015150088,false,מחית עגבניות קלה גרנד איטליה 700 גרם,תה ויסוצקי (ישראל) בעמ,,מחית עגבנית 700גרם,יחידה,1,יחידה,false,0.0000,14.9,14.9000,true,1,
7290015150903,false,תה ירוק קינמון ודבש ויסוצקי 25 יחידות,תה ויסוצקי (ישראל) בעמ,,"תה ירוק קינמון ודבש ""ויסוצקי""",יחידה,1,יחידה,false,0.0000,29.9,29.9000,true,1,
>>>>>>> d048ac2f4f281c9d788043ab4e81b61b0dbe3743
7290015172011,false,דים סאם גיוזה עוף 300 גרם,דים סאם,,דים סאם גיוזה עוף 300 גרם,יחידה,1,יחידה,false,0.0000,29.9,29.9000,false,1,
7290015172073,false,דים סאם גיוזה פטריות 300 גרם,דים סאם מטבח מרכזי כ,,דים סאם גיוזה פטריות 300 גרם,יחידה,1,יחידה,false,0.0000,29.9,29.9000,false,1,
7290015172097,false,דים סאם גיוזה בקר 300 גרם,דים סאם מטבח מרכזי כ,,דים סאם גיוזה בקר 300 גרם,יחידה,1,יחידה,false,0.0000,29.9,29.9000,false,1,
7290015324014,false,"פלפל שחור טחון בשקית 80 גרם ""טעם וריח""","תבליני טעם וריח בע""מ",,"פלפל שחור טחון בשקית 80 גרם ""טעם וריח""",יחידה,1,יחידה,false,0.0000,13.9,13.9000,false,1,
7290015324038,false,פפריקה מתוקה בשמן 100 גרם טעם וריח,"תבליני טעם וריח בע""מ",,פפריקה מתוקה בשמן 100 גרם טעם וריח,יחידה,1,יחידה,false,0.0000,7.9,7.9000,false,1,
7290015324083,false,מלח לימון 80 גר' טעם וריח,"תבליני טעם וריח בע""מ",,שק 80 גרם מלח לימון,יחידה,1,יחידה,false,0.0000,7.9,7.9000,false,1,
7290015324557,false,בהרט לבישול מיכל גדול 80 גרם,"תבליני טעם וריח בע""מ",,בהרט לבישול מיכל גדול 80 גרם,00000,1,00000,false,0.0000,12,12.0000,false,1,
7290015644297,false,שישיית לחמניות פשוט מלא אנג'ל 450 גרם,מאפיית שלמה א. אנג'\ל בע,,"לחמניות פשוט מלא ""אנג'ל""",יחידה,1,יחידה,false,0.0000,13.9,13.9000,false,1,
7290015670043,false,מטבעות תמרים ואגוזים,קונדיטוריה מרסי,,מטבעות תמרים ואגוזים,יחידה,1,יחידה,false,0.0000,35.9,35.9000,false,1,
7290015670234,false,מטבעות שומשום דלעת וחמוציות,קונדיטוריה מרסי,,מטבעות שומשום דלעת וחמוציות,יחידה,1,יחידה,false,0.0000,35.9,35.9000,false,1,
7290015670418,false,עוגיות מרסי חמאה ורי,קונדיטוריה מרסי,,עוגיות אלפחורס,יחידה,1,יחידה,false,0.0000,35.9,35.9000,false,1,
7290015670456,false,עוגיות רולדה תמר+אגוז280,קונדיטוריה מרסי,,רולדת תמרים,יחידה,1,יחידה,false,0.0000,35.9,35.9000,false,1,
<<<<<<< HEAD
7290015858106,false,"ממרח פסטו ביתי 180 גרם ""עללחם""","מדשא תעשיות מזון בע""\מ",,"ממרח פסטו ביתי 180 גרם ""עללחם""",יחידה,1,יחידה,false,0.0000,18.9,18.9000,false,1,
7290015859004,false,בכור עירית,,,בכור עירית,יחידה,1,יחידה,false,0.0000,6.9,6.9000,false,1,
7290015859042,false,בכור לבבות קיסר,חקלאי,,בכור לבבות קיסר,יחידה,1,יחידה,false,0.0000,12.9,12.9000,false,1,
7290015859103,false,מרווה,,,מרווה,יחידה,1,יחידה,false,20.0000,6.9,6.9000,false,1,
7290015859271,false,עלי רוקט,,,עלי רוקט,יחידה,1,יחידה,false,20.0000,12.9,12.9000,false,1,
7290015859479,false,נבטים סיניים,חקלאי,,סיניים,יחידה,1,יחידה,false,7.0000,10.9,10.9000,false,1,
7290015859806,false,חסה לאליק,,,חסה לאליק,יחידה,1,יחידה,false,0.0000,14.9,14.9000,false,1,
7290016006339,false,מים מינרלים - מארז רביעייה,"מופק ממקור בזלתי עדן ,1",,מי עדן 1 ליטר מארז רביעייה,יחידה,1,יחידה,false,0.0000,12.9,11.7000,false,1,
7290016006377,false,"שוויפס מוגז בטעם פירות תות ליים 330 מ""ל",יפאורה תבורי בעמ,,"שוופס פרוט 330 מ""ל- תות ליים",יחידה,1,יחידה,false,0.0000,6.5,6.2000,false,1,
7290016077759,false,רוטב ברביקיו קלאסי היינץ 480 גרם,היינץ Heinz,,היינץ רוטב ברביקיו קלאסי 480 גרם,יחידה,1,יחידה,false,0.0000,18.9,18.9000,false,1,
7290016077766,false,"שעועית אפויה ""היינץ"" 453 גרם",הייבורי קנקו,,"שעועית אפויה ""היינץ"" 453 גרם",יחידה,1,יחידה,false,0.0000,11.9,11.9000,false,1,
7290016146103,false,"סילאן טבעי לחיץ שקד תבור, 380 גרם","אלמונדס בע""מ",,"סילאן טבעי לחיץ שקד תבור, 380 גרם",יחידה,1,יחידה,false,0.0000,16.9,16.9000,false,1,
7290016146455,false,שוקולד מריר תבור 100% 100 גרם BIO,שקד תבור,,שוקולד מריר תבור 100% 100 גרם BIO,יחידה,1,יחידה,false,0.0000,24.9,24.9000,false,1,
7290016150117,false,סלק אדום מבושל 500 ג' בוואקום,ג'ואבג'י יואייבי,,סלק אדום מקולף ומבושל,יחידה,1,יחידה,false,0.0000,9.9,9.9000,true,1,
7290016197488,false,מטליות מיקרופייבר למשטחים ניקול 3יח',חוגלה קימברלי,,שלישיית מטליות מיקרופייבר משטחים,00000,1,00000,false,0.0000,15.9,15.9000,false,1,
7290016197495,false,ניקול זוג מטליות הקסם מיקרופייבר לרצפה,חוגלה קימברלי,,מטליות מיקרופייבר לרצפה זוג,00000,1,00000,false,0.0000,26.9,26.9000,false,1,
7290016321661,false,פרש וואנס SENSITIVE מגבונים ללא בישום רביעייה 72 יחידות,עלבד משואות יצחק,,פרש וואנס SENSITIVE מגבונים ללא בישום רביעייה 72 יחידות,יחידה,1,יחידה,false,0.0000,24.9,24.9000,false,1,
7290016321890,false,פרשוואנס נייר טואלט מתכלה למבוגרים -מארז שלישייה,עלבד משואות יצחק בעמ,,פרשוואנס נייר טואלט מתכלה למבוגרים -מארז שלישייה,יחידה,1,יחידה,false,0.0000,19.9,19.9000,false,1,
7290016334623,false,סלרי אמריקאי,,,סלרי עלים,יחידה,1,יחידה,false,0.0000,7.9,7.9000,false,1,
7290016408294,false,"מרשמלו ורוד לבן וסטהיים 150 ג', 26 בקרטון",מנדלז סי.אר. פרודקשן,,מרשמלו לבן 150 ג' כרמית,יחידה,1,יחידה,false,0.0000,7.9,7.9000,false,1,
7290016509786,false,פרסיל גל לכביסה לבנה וצבעונית-ירוק 2.5 ל,"הנקל סוד בע""\מ",,פרסיל ג'ל 2.5 ליטר ירוק,יחידה,1,יחידה,false,0.0000,34.9,34.9000,false,1,
7290016584011,false,חטיפוני גזר 350 גרם גיזרונים,"מרינה פטריות הגליל בע""מ",,נישנושי גזרונים 350ג',יחידה,1,יחידה,false,0.0000,14.9,14.9000,false,1,
7290016584219,false,שעועית שלמה ירוקה וטריה 400 גרם,מרינה,,שעועית שלמה ירוקה וטריה 400 גרם,יחידה,1,יחידה,false,0.0000,19.9,19.9000,false,1,
7290016967074,false,לחם חיטה מלאה עם גרעינים ודגנים,מאפיית שלמה א. אנג'\ל בע,,לחם אנ'גל חיטה מלאה 750 גרם,יחידה,1,יחידה,false,0.0000,17.9,17.9000,false,1,
7290017065007,false,פרוסות גבינה מוצרלה חצי קשה 22% שומן 200 ג' גד,מחלבות גד בעמ,,"מוצרלה פרוסה 150 גרם ""גד""",יחידה,1,יחידה,false,0.0000,19.9,19.9000,false,1,
7290017065137,false,ריקוטה למריחה 5% טבעית 200 גרם - רובין,האי נאם סי או אל.טי.,,"ריקוטה למריחה 5% טבעית 200 גרם ""גד""",יחידה,1,יחידה,false,0.0000,10.9,10.9000,false,1,
7290017065144,false,ריקוטה למריחה בתוספת בזיליקום 5% גד 200 גם,האי נאם סי או אל.טי.,,"ריקוטה למריחה 5% עם בזיליקום ""גד""",יחידה,1,יחידה,false,0.0000,10.9,10.9000,false,1,
7290017065168,false,גבינה כחולה denish blue cheese 100 גרם,ST.CLEMENS-BOMHOLMWS,,גבינה כחולה denish blue cheese 100 גרם,יחידה,1,יחידה,false,0.0000,19.9,19.9000,false,1,
7290017065212,false,גבינת קרם מסקרפונה מחלבות גד 250 גר,מיוצר עי קוד יצרן ED,,קרם מסקרפונה להקצפה 38% שומן,יחידה,1,יחידה,false,0.0000,22.9,22.9000,false,1,
7290017065236,false,גבינה בולגרית מעודנת 24% גד 250 גרם,הנסיך- מפעל לייצור ט,,בולגרית מעודנת 24% גד,00000,1,00000,false,0.0000,24.9,24.9000,false,1,
7290017065434,false,גבינה גאודה פרוסה הולנדית 200 גר',מחלבות גד בעמ,,פרוסות גאודה הולנדית,00000,1,00000,false,0.0000,22.9,22.9000,false,1,
7290017065526,false,קוואטרו פורמאג'י 4 גבינות מגוררות 26%,"מחלבות גד בע""\מ",,קוואטרו פורמאג'י,00000,1,00000,false,0.0000,31.9,31.9000,false,1,
7290017065588,false,יוגורט יווני 10% שומן 600 ג' גד,"מיוצר ע""\י קוד יצרן MKN",,יוגורט יווני 600 גרם,00000,1,00000,false,0.0000,20.9,20.9000,false,1,
7290017065618,false,גבינת פקורינו פרוס גד 150 גרם,הנסיך- מפעל לייצור ט,,פקורינו פרוס 150 גרם,00000,1,00000,false,0.0000,26.9,26.9000,false,1,
7290017065731,false,גבינת שמנת 30% ניו יורק +כמהין 200 גרם רבנות,פ.פ.ח. שאביט,,"גבינת שמנת 30% ניו יורק כמהין ""גד""",יחידה,1,יחידה,false,8.0000,14.9,14.9000,false,1,
7290017065786,false,"גבינת צ`דר מחלבות גד , 210 גרם","מחלבות גד בע""\מ",,"גבינת צ`דר מחלבות גד , 210 גרם",יחידה,1,יחידה,false,12.0000,22.9,22.9000,false,1,
7290017065861,false,קאצ'יו אה פפה-רוטב פקורינו 200 גרם גד,גבינות מדף,,רוטב קאציו אה פפה מחלבות גד 200 גרם,יחידה,1,יחידה,false,8.0000,17.9,17.9000,false,1,
7290017065878,false,רוטב לפסטה מק אנד צ'יז גד 200 גרם,גבינות מדף,,רוטב מק אנד ציז מחלבות גד 200גר,יחידה,1,יחידה,false,8.0000,17.9,17.9000,false,1,
=======
7290015858106,false,"ממרח פסטו ביתי 180 גרם ""עללחם""",שטראוס גרופ בעמ/מצונן,,"ממרח פסטו ביתי 180 גרם ""עללחם""",יחידה,1,יחידה,false,0.0000,18.9,18.9000,false,1,
7290015859004,false,עירית משק בכור,קונסיגנציה-משק בכור מחוברים לא,,בכור עירית,יחידה,1,יחידה,false,0.0000,6.9,6.9000,false,1,
7290015859042,false,לבבות קיסר משק בכור,קונסיגנציה-משק בכור מחוברים לא,,בכור לבבות קיסר,יחידה,1,יחידה,false,0.0000,12.9,12.9000,false,1,
7290015859103,false,מרווה משק בכור,קונסיגנציה-משק בכור מחוברים לא,,מרווה,יחידה,1,יחידה,false,20.0000,6.9,6.9000,false,1,
7290015859271,false,עלי רוקט סלסלה משק בכור,קונסיגנציה-משק בכור מחוברים לא,,עלי רוקט,יחידה,1,יחידה,false,20.0000,12.9,12.9000,false,1,
7290015859479,false,נבטים סיניים,חקלאי,,סיניים,יחידה,1,יחידה,false,7.0000,10.9,10.9000,false,1,
7290015859806,false,חסה לאליק,,,חסה לאליק,יחידה,1,יחידה,false,0.0000,14.9,14.9000,false,1,
7290016006339,false,מים מינרלים מי עדן (1x4 ליטר),יפאורה שותפות מוגבלת לשיווק,,מי עדן 1 ליטר מארז רביעייה,יחידה,1,יחידה,false,0.0000,12.9,11.7000,false,1,
7290016006377,false,"שוויפס מוגז בטעם פירות תות ליים 330 מ""ל",יפאורה שותפות מוגבלת לשיווק,,"שוופס פרוט 330 מ""ל- תות ליים",יחידה,1,יחידה,false,0.0000,6.5,6.2000,false,1,
7290016077759,false,רוטב ברביקיו קלאסי היינץ 480 גרם,דיפלומט מפיצים (1968) בעמ**,,היינץ רוטב ברביקיו קלאסי 480 גרם,יחידה,1,יחידה,false,0.0000,18.9,18.9000,false,1,
7290016077766,false,"שעועית אפויה ""היינץ"" 453 גרם",דיפלומט מפיצים (1968) בעמ**,,"שעועית אפויה ""היינץ"" 453 גרם",יחידה,1,יחידה,false,0.0000,11.9,11.9000,false,1,
7290016146103,false,"סילאן טבעי לחיץ שקד תבור, 380 גרם","אלמונדס בע""מ",,"סילאן טבעי לחיץ שקד תבור, 380 גרם",יחידה,1,יחידה,false,0.0000,16.9,16.9000,false,1,
7290016146455,false,שוקולד מריר תבור 100% 100 גרם BIO,שקד תבור,,שוקולד מריר תבור 100% 100 גרם BIO,יחידה,1,יחידה,false,0.0000,24.9,24.9000,false,1,
7290016150117,false,סלק אדום מבושל 500 ג' בוואקום,ביג פוד כחול לבן בעמ*שיק 30 יו,,סלק אדום מקולף ומבושל,יחידה,1,יחידה,false,0.0000,9.9,9.9000,true,1,
7290016197488,false,מטליות מיקרופייבר למשטחים ניקול 3יח',קימברלי קלארק ישראל שיווק בעמ,,שלישיית מטליות מיקרופייבר משטחים,00000,1,00000,false,0.0000,15.9,15.9000,false,1,
7290016197495,false,ניקול זוג מטליות הקסם מיקרופייבר לרצפה,קימברלי קלארק ישראל שיווק בעמ,,מטליות מיקרופייבר לרצפה זוג,00000,1,00000,false,0.0000,26.9,26.9000,false,1,
7290016321661,false,פרש וואנס SENSITIVE מגבונים ללא בישום רביעייה 72 יחידות,עלבד משואות יצחק,,פרש וואנס SENSITIVE מגבונים ללא בישום רביעייה 72 יחידות,יחידה,1,יחידה,false,0.0000,24.9,24.9000,false,1,
7290016321890,false,פרשוואנס נייר טואלט מתכלה למבוגרים -מארז שלישייה,עלבד משואות יצחק בעמ,,פרשוואנס נייר טואלט מתכלה למבוגרים -מארז שלישייה,יחידה,1,יחידה,false,0.0000,19.9,19.9000,false,1,
7290016334623,false,סלרי אמריקאי,ביכורי השדה צפון 1994 ג.ד. בעמ,,סלרי עלים,יחידה,1,יחידה,false,0.0000,7.9,7.9000,false,1,
7290016408294,false,"מרשמלו ורוד לבן וסטהיים 150 ג', 26 בקרטון",כרמית תעשיות ממתקים בעמ,,מרשמלו לבן 150 ג' כרמית,יחידה,1,יחידה,false,0.0000,7.9,7.9000,false,1,
7290016509786,false,פרסיל גל לכביסה לבנה וצבעונית-ירוק 2.5 ל,גורי שיווק בעמ,,פרסיל ג'ל 2.5 ליטר ירוק,יחידה,1,יחידה,false,0.0000,34.9,34.9000,false,1,
7290016584011,false,חטיפוני גזר 350 גרם גיזרונים,קונס`-מרינה פטריות הגליל בעמ*ש,,נישנושי גזרונים 350ג',יחידה,1,יחידה,false,0.0000,14.9,14.9000,false,1,
7290016584219,false,שעועית שלמה ירוקה וטריה 400 גרם,קונס`-מרינה פטריות הגליל בעמ*ש,,שעועית שלמה ירוקה וטריה 400 גרם,יחידה,1,יחידה,false,0.0000,19.9,19.9000,false,1,
7290016967074,false,לחם חיטה מלאה עם גרעינים ודגנים,מאפיית שלמה א. אנג'\ל בע,,לחם אנ'גל חיטה מלאה 750 גרם,יחידה,1,יחידה,false,0.0000,17.9,17.9000,false,1,
7290017065007,false,פרוסות גבינה מוצרלה חצי קשה 22% שומן 200 ג' גד,מחלבות גד שיווק 1992 בעמ,,"מוצרלה פרוסה 150 גרם ""גד""",יחידה,1,יחידה,false,0.0000,19.9,19.9000,false,1,
7290017065137,false,ריקוטה למריחה 5% טבעית 200 גר`מחלבות גד,מחלבות גד שיווק 1992 בעמ,,"ריקוטה למריחה 5% טבעית 200 גרם ""גד""",יחידה,1,יחידה,false,0.0000,10.9,10.9000,false,1,
7290017065144,false,ריקוטה למריחה בתוספת בזיליקום 5% גד 200 גם,מחלבות גד שיווק 1992 בעמ,,"ריקוטה למריחה 5% עם בזיליקום ""גד""",יחידה,1,יחידה,false,0.0000,10.9,10.9000,false,1,
7290017065168,false,גבינה כחולה denish blue cheese 100 גרם,מחלבות גד שיווק 1992 בעמ,,גבינה כחולה denish blue cheese 100 גרם,יחידה,1,יחידה,false,0.0000,19.9,19.9000,false,1,
7290017065212,false,גבינת קרם מסקרפונה מחלבות גד 250 גר,מחלבות גד שיווק 1992 בעמ,,קרם מסקרפונה להקצפה 38% שומן,יחידה,1,יחידה,false,0.0000,22.9,22.9000,false,1,
7290017065236,false,גבינה בולגרית מעודנת 24% גד (250 גרם),מחלבות גד שיווק 1992 בעמ,,בולגרית מעודנת 24% גד,00000,1,00000,false,0.0000,24.9,24.9000,false,1,
7290017065434,false,גבינה גאודה פרוסה הולנדית 200 גר',מחלבות גד שיווק 1992 בעמ,,פרוסות גאודה הולנדית,00000,1,00000,false,0.0000,22.9,22.9000,false,1,
7290017065526,false,קוואטרו פורמאג'י 4 גבינות מגוררות 26%,מחלבות גד שיווק 1992 בעמ,,קוואטרו פורמאג'י,00000,1,00000,false,0.0000,31.9,31.9000,false,1,
7290017065588,false,יוגורט יווני 600 גר`מחלבות גד,מחלבות גד שיווק 1992 בעמ,,יוגורט יווני 600 גרם,00000,1,00000,false,0.0000,20.9,20.9000,false,1,
7290017065618,false,גבינת פקורינו פרוס גד 150 גרם,מחלבות גד שיווק 1992 בעמ,,פקורינו פרוס 150 גרם,00000,1,00000,false,0.0000,26.9,26.9000,false,1,
7290017065731,false,גבינת שמנת 30% ניו יורק +כמהין 200 גרם רבנות,מחלבות גד שיווק 1992 בעמ,,"גבינת שמנת 30% ניו יורק כמהין ""גד""",יחידה,1,יחידה,false,8.0000,14.9,14.9000,false,1,
7290017065786,false,גבינה אנגלית קשה צ`דר 210 גר`גד,מחלבות גד שיווק 1992 בעמ,,"גבינת צ`דר מחלבות גד , 210 גרם",יחידה,1,יחידה,false,12.0000,22.9,22.9000,false,1,
7290017065861,false,קאצ`יו אה פפה רוטב פיקורינו ופלפל שחור 2,מחלבות גד שיווק 1992 בעמ,,רוטב קאציו אה פפה מחלבות גד 200 גרם,יחידה,1,יחידה,false,8.0000,17.9,17.9000,false,1,
7290017065878,false,רוטב לפסטה מק אנד צ'יז גד 200 גרם,מחלבות גד שיווק 1992 בעמ,,רוטב מק אנד ציז מחלבות גד 200גר,יחידה,1,יחידה,false,8.0000,17.9,17.9000,false,1,
>>>>>>> d048ac2f4f281c9d788043ab4e81b61b0dbe3743
7290017142111,false,פתיתי טונה בשמן זית טו גו עץ הזית 85 גרם,"יוניקורד ח.צ בע""מ",,"פתיתי טונה בהירה to go בשמן זית ""עץ הזית""",יחידה,1,יחידה,false,0.0000,10.9,10.9000,false,1,
7290017142456,false,מארז נתחי טונה בהירה בשמן זית 2 * 160 ג' עץ הזית,יוניקורד ח.צ בעמ,,"זוג טונה בשמן זית ""עץ הזית"" 2*160 גרם",יחידה,1,יחידה,false,0.0000,31.9,31.9000,false,1,
7290017232218,false,לחם קלאסי מופחת פחמימות איטסיין 430 גרם,,,לחם איטסיין קלאסי,יחידה,1,יחידה,false,0.0000,25.9,25.9000,false,1,
7290017232225,false,לחם גלילי מופחת פחמימות איטסיין 450 גרם,דבידוביץ,,לחם איטסיין גלילי,יחידה,1,יחידה,false,0.0000,25.9,25.9000,false,1,
7290017232430,false,בצק עלים - מוצר בהקפאה,,,בצק עלים - מוצר בהקפאה,יחידה,1,יחידה,false,18.0000,39.9,39.9000,false,1,
7290017247007,false,מלפפון בייבי,חקלאי,,מלפפון ביבי,יחידה,1,יחידה,false,0.0000,14.9,14.9000,false,1,
7290017304885,false,לחם שיפון מחיטה מלאה ללא תוספת סוכר 750 ג' אנג'ל,מאפיית שלמה א. אנג'\ל בע,,לחם שיפון וחיטה מלאה אנג'ל 750 גרם,יחידה,1,יחידה,false,0.0000,16.9,16.9000,false,1,
7290017325477,false,רסק עגבניות 100 גר אורגני - הרדוף,פריניר (הדס 1987) בע,,רסק עגבניות 100 גר אורגני - הרדוף,יחידה,1,יחידה,false,120.0000,3.9,3.9000,false,1,
7290017325774,false,ספגטי מחיטת כוסמין אמר אורגני 400 גרם הרדוף,פסטיפיסוי פליצ'טי,,ספגטי מחיטת כוסמין אמר אורגני 400 גרם הרדוף,יחידה,1,יחידה,false,12.0000,21.9,21.9000,false,1,
7290017325781,false,רגיטיני מחיטת כוסמין אמר אורגני 400 גרם הרדוף,פסטיפיסוי פליצ'טי,,רגיטיני מחיטת כוסמין אמר אורגני 400 גרם הרדוף,יחידה,1,יחידה,false,12.0000,21.9,21.9000,false,1,
7290017325804,false,קוואקר עדין אורגני 500 גרם הרדוף ללא גלוטן,אול אורגני,,קוואקר עדין אורגני 500 גרם הרדוף ללא גלוטן,יחידה,1,יחידה,false,12.0000,17.9,17.9000,true,1,
7290017325811,false,שעועית בובס אורגני 400 גרם הרדוף,אול אורגני,,שעועית בובס אורגני 400 גרם הרדוף,יחידה,1,יחידה,false,0.0000,14.9,14.9000,true,1,
<<<<<<< HEAD
7290017513782,false,פליפז בייגלה מצופה שוקולד מריר מקוויטיס 140 גרם,שוורצקוף& הנקל דיסלד,,פליפז-בייגלה מצופה שוקולד מריר 140 גרם,00000,1,00000,false,0.0000,9.9,9.9000,true,1,
7290017516332,false,חטיף חלבון פרוטאין חמאת בוטנים 50 גר,פנגיאה,,"פרוטאין חמאת בוטנים ""פנגיאה""",00000,1,00000,false,0.0000,12,12.0000,true,1,
7290017516479,false,פנגיאה פרוטאין וניל קפה 50 גרם,פנגיאה,,פנגיאה פרוטאין וניל קפה 50 גרם,00000,1,00000,false,0.0000,12,12.0000,true,1,
7290017516509,false,חטיף פרוטאין בטעם קרמל מלוח,פנגיאה,,פרוטאין 50 גרם,00000,1,00000,false,0.0000,12,12.0000,false,1,
7290017516615,false,"חטיף ספירולינה, תפוז קקאו וקוקס 40 גרם",,,"פרוטאין אגוז לוז שוקולד ""פנגיאה""",יחידה,1,יחידה,false,0.0000,12,12.0000,false,1,
7290017617459,false,רביעיית טונה בשמן צמחי 120 ג' סטארקיסט,dalmore distilleries,,טונה סטארקיסט בשמן צמחי 4*120 גרם,יחידה,1,יחידה,false,12.0000,25.9,25.9000,false,1,
7290017617466,false,רביעיית טונה במים 120 ג' סטארקיסט,dalmore distilleries,,טונה סטארקיסט במים 4*120 גרם,יחידה,1,יחידה,false,12.0000,25.9,25.9000,false,1,
7290017641744,false,"חטיפי קרח גדולים בטעמי פטל, לימון, ענבים ואננס",HIQ FOOD PRODUCTS,,טילוני קרח שקית 8 יחידות,יחידה,1,יחידה,false,0.0000,10,10.0000,false,1,
7290017647425,false,"יין גמלא קברנה סוביניון שנת 2018 750 מ""ל",יקבי רמת הגולן,,יין אדום יבש 2018,00000,1,00000,false,0.0000,69.9,69.6000,false,1,
7290017677811,false,"רוטב סויה קיקומן ללא חומרים משמרים 296 מ""ל",קיקומן פודז אינק,,רוטב סויה קיקומן,יחידה,1,יחידה,false,0.0000,26.9,26.9000,false,1,
7290017724287,false,אקלר פקאן ללא סוכר 200 גרם,"אקלר בע""מ",,אקלר פקאן ללא סוכר 200 גרם,יחידה,1,יחידה,false,0.0000,24.9,24.9000,false,1,
=======
7290017513782,false,פליפז בייגלה מצופה שוקולד מריר מקוויטיס 140 גרם,תה ויסוצקי (ישראל) בעמ,,פליפז-בייגלה מצופה שוקולד מריר 140 גרם,00000,1,00000,false,0.0000,9.9,9.9000,true,1,
7290017516332,false,חטיפ בריאות פרוטאין חמאת בוטנים 50 גר`פ,י.איטליאנו אחזקות בעמ,,"פרוטאין חמאת בוטנים ""פנגיאה""",00000,1,00000,false,0.0000,12,12.0000,true,1,
7290017516479,false,חטיפ בריאות וניל קפה 50 גר`פרוטאין פנגי,י.איטליאנו אחזקות בעמ,,פנגיאה פרוטאין וניל קפה 50 גרם,00000,1,00000,false,0.0000,12,12.0000,true,1,
7290017516509,false,חטיפ בריאות קרמל מלוח 50 גר`פרוטאין פנג,י.איטליאנו אחזקות בעמ,,פרוטאין 50 גרם,00000,1,00000,false,0.0000,12,12.0000,false,1,
7290017516615,false,"חטיף ספירולינה, תפוז קקאו וקוקס 40 גרם",,,"פרוטאין אגוז לוז שוקולד ""פנגיאה""",יחידה,1,יחידה,false,0.0000,12,12.0000,false,1,
7290017617459,false,רביעיית טונה בשמן צמחי 120 ג' סטארקיסט,dalmore distilleries,,טונה סטארקיסט בשמן צמחי 4*120 גרם,יחידה,1,יחידה,false,12.0000,25.9,25.9000,false,1,
7290017617466,false,רביעיית טונה במים 120 ג' סטארקיסט,dalmore distilleries,,טונה סטארקיסט במים 4*120 גרם,יחידה,1,יחידה,false,12.0000,25.9,25.9000,false,1,
7290017641744,false,"חטיפי קרח גדולים בטעמי פטל, לימון, ענבים ואננס",כרמית תעשיות ממתקים בעמ,,טילוני קרח שקית 8 יחידות,יחידה,1,יחידה,false,0.0000,10,10.0000,false,1,
7290017647425,false,"יין גמלא קברנה סוביניון שנת 2018 750 מ""ל",היכל היין שקד גולן בעמ,,יין אדום יבש 2018,00000,1,00000,false,0.0000,69.9,69.6000,false,1,
7290017677811,false,"רוטב סויה קיקומן ללא חומרים משמרים 296 מ""ל",דיפלומט מפיצים (1968) בעמ**,,רוטב סויה קיקומן,יחידה,1,יחידה,false,0.0000,26.9,26.9000,false,1,
7290017724287,false,עוגיות אצבעות פקאן ללא סוכר אקלר,הלל בן הלל שיווק ומסחר בעמ,,אקלר פקאן ללא סוכר 200 גרם,יחידה,1,יחידה,false,0.0000,24.9,24.9000,false,1,
>>>>>>> d048ac2f4f281c9d788043ab4e81b61b0dbe3743
7290017784007,false,הכל קלוי מנצס 170 גרם,,,הכל קלוי מנצס 170 גרם,יחידה,1,יחידה,false,24.0000,14.9,14.9000,false,1,
7290017784014,false,הכל קלוי דלעת 170 גרם,,,הכל קלוי דלעת 170 גרם,יחידה,1,יחידה,false,24.0000,13.9,13.9000,false,1,
7290017784045,false,הכל קלוי קשוי 150 גרם,,,הכל קלוי קשוי 150 גרם,יחידה,1,יחידה,false,24.0000,19.9,19.9000,false,1,
7290017784052,false,הכל קלוי בוטנים 200 גרם,,,הכל קלוי בוטנים 200 גרם,יחידה,1,יחידה,false,24.0000,14.9,14.9000,false,1,
7290017784069,false,הכל קלוי בוטן אמריקאי 200 גרם,,,הכל קלוי בוטן אמריקאי 200 גרם,יחידה,1,יחידה,false,24.0000,9.9,9.9000,false,1,
7290017784076,false,הכל קלוי פיסטוק 150 גרם,,,הכל קלוי פיסטוק 150 גרם,יחידה,1,יחידה,false,24.0000,19.9,19.9000,false,1,
7290017784083,false,הכל קלוי קבוקים 200 גרם,,,הכל קלוי קבוקים 200 גרם,יחידה,1,יחידה,false,24.0000,9.9,9.9000,false,1,
7290017784120,false,הכל קלוי אורז,,,הכל קלוי אורז,יחידה,1,יחידה,false,24.0000,9.9,9.9000,false,1,
7290017784175,false,הכל קלוי חמנייה 400 גרם,,,הכל קלוי חמנייה 400 גרם,יחידה,1,יחידה,false,24.0000,16.9,16.9000,false,1,
7290017784199,false,הכל קלוי חמניה 100,,,הכל קלוי חמניה 100,00000,1,00000,false,0.0000,6.9,6.9000,false,1,
7290017784311,false,הכל קלוי מעורב אקסטרא 300,,,הכל קלוי מעורב אקסטרא 300,יחידה,1,יחידה,false,12.0000,36.9,36.9000,false,1,
7290017786001,false,פירות קפואים תות 500 גרם frozenature,,,פירות קפואים תות 500 גרם frozenature,יחידה,1,יחידה,false,0.0000,24.9,24.9000,true,1,
7290017786018,false,פירות קפואים מנגו 500 גרם frozenature,,,פירות קפואים מנגו 500 גרם frozenature,יחידה,1,יחידה,false,0.0000,24.9,24.9000,true,1,
7290017786049,false,פירות קפואים אוכמניות 500 גרם frozenature,,,פירות קפואים אוכמניות 500 גרם frozenature,יחידה,1,יחידה,false,0.0000,24.9,24.9000,true,1,
7290017786056,false,פירות קפואים פ.יער 500 גרם frozenature,,,פירות קפואים פ.יער 500 גרם frozenature,יחידה,1,יחידה,false,0.0000,24.9,24.9000,true,1,
7290017786094,false,פירות קפואים פסיפלורה 500 גרם frozenature,,,פירות קפואים פסיפלורה 500 גרם frozenature,יחידה,1,יחידה,false,0.0000,24.9,24.9000,true,1,
7290017791142,false,קרקר כוסמין מלא - פת במלח,טחנת האבן קואופ בעמ,,קרקר כוסמין מלא - פת במלח,00000,1,00000,false,0.0000,22.9,22.9000,false,1,
7290017812571,false,מיץ ענבים תירוש אדום 100% טבעי כרמל 1 ליטר,אגודת הכורמים -כרמל מזרחי,,"מיץ ענבים תירוש 1 ליטר ""יקבי כרמל""",יחידה,1,יחידה,false,0.0000,19.9,19.6000,false,1,
7290017888347,false,מי עדן פקק ספורטאים 500,"מי עדן בע""מ",,"מי עדן 500 מ""ל ספורט",יחידה,1,יחידה,false,0.0000,5,4.7000,false,1,
7290017928821,false,מקלות גריסיני קלאסי מאיר בייגל 200 גרם,מאיר את בייגל,,מאיר בייגל מקלות גריסיני קלאסי 200 גרם,יחידה,1,יחידה,false,0.0000,12.9,12.9000,false,1,
7290017947105,false,לחם אנג'ל בסגנון אמריקה 500 גרם,מאפיית שלמה א. אנג'\ל בע,,לחם בסגנון אמריקה 500 גרם,00000,1,00000,false,0.0000,15.8,15.8000,false,1,
<<<<<<< HEAD
7290017947372,false,חלה מתוקה ארוזה אנג'ל 500 גרם,,,חלה מתוקה ארוזה,00000,1,00000,false,0.0000,16.9,16.9000,false,1,
7290017947495,false,6 לחמניות כוסמין 450 גרם אנג'ל,מאפיית שלמה א.אנג'\ל,,לחמניות כוסמין 6 יח,00000,1,00000,false,0.0000,16.9,16.9000,false,1,
7290017947891,false,לחם אנג'ל כוסמין וחיטה מלאה 750 גרם,מאפיית שלמה א. אנג'\ל בע,,אנג'ל כוסמין וחיטה מלאה 750 גרם,00000,1,00000,false,0.0000,17.9,17.9000,false,1,
7290017947921,false,לחמניות המבורגר בסגנון אמריקאי מארז 6 יח',מאפיית שלמה א. אנג'\ל בע,,"לחמניות המבורגר סגנון אמריקה ""אנג'ל""",יחידה,1,יחידה,false,0.0000,15.9,15.9000,false,1,
7290017947938,false,מיני לחמניות המבורגר בסגנון אמריקה 400 ג' אנג'ל,מאפיית שלמה א. אנג'\ל בע,,לחמניות המבורגר 8 יח' {400 גרם},00000,1,00000,false,0.0000,16.9,16.9000,false,1,
7290018045893,false,בון בון דגנים במילוי קרם נוגט 480 גרם,monday,,דגני בוקר בוןבון במילוי קרם נוגט,יחידה,1,יחידה,false,12.0000,24.9,24.9000,false,1,
=======
7290017947372,false,חלה מתוקה ארוזה אנג'ל 500 גרם,שלמה א.אנג ל בעמ,,חלה מתוקה ארוזה,00000,1,00000,false,0.0000,16.9,16.9000,false,1,
7290017947495,false,לחמניות כוסמין 6 יח(450 גר`)אנג`ל,מאפיית שלמה א.אנג'\ל,,לחמניות כוסמין 6 יח,00000,1,00000,false,0.0000,16.9,16.9000,false,1,
7290017947891,false,לחם אנג'ל כוסמין וחיטה מלאה 750 גרם,מאפיית שלמה א. אנג'\ל בע,,אנג'ל כוסמין וחיטה מלאה 750 גרם,00000,1,00000,false,0.0000,17.9,17.9000,false,1,
7290017947921,false,לחמניות המבורגר בסגנון אמריקאי מארז 6 יח',מאפיית שלמה א. אנג'\ל בע,,"לחמניות המבורגר סגנון אמריקה ""אנג'ל""",יחידה,1,יחידה,false,0.0000,15.9,15.9000,false,1,
7290017947938,false,מיני לחמניות המבורגר בסגנון אמריקה 400 ג' אנג'ל,מאפיית שלמה א. אנג'\ל בע,,לחמניות המבורגר 8 יח' {400 גרם},00000,1,00000,false,0.0000,16.9,16.9000,false,1,
7290018045893,false,דגני בוקר בון בון במילוי קרם נוגט 480 גר,ר.ב. מוצרי דגנים בעמ,,דגני בוקר בוןבון במילוי קרם נוגט,יחידה,1,יחידה,false,12.0000,24.9,24.9000,false,1,
>>>>>>> d048ac2f4f281c9d788043ab4e81b61b0dbe3743
7290018131077,false,נסטלה מילקה שלגון וניל חדש 71 גרם,פרונרי פולין,,נסטלה מילקה שלגון וניל חדש 71 גרם,00000,1,00000,false,0.0000,10,10.0000,false,1,
7290018131251,false,אקסטרים מטבע שוקולד לבן וליבת קרם עוגיות 115ג',נגה גלידות שותפות מוגבלת,,אקסטרים מטבע עם שוקולד לבן וליבת קרם עוגיות,00000,1,00000,false,0.0000,10,10.0000,false,1,
7290018131336,false,שלגון ליון בטעם קרמל עם,שוורצקוף& הנקל דיסלד,,נסטלה שלגון ליון 66 גרם,יח,1,יח,false,0.0000,10,10.0000,false,1,
7290018131640,false,קראנץ בלונד עם ליבת נוגט בוטנים 100 גרם,גלידות נסטלה )נגה גלידות,,קראנץ בלונד עם ליבת נוגט בוטנים 100 גרם,יחידה,1,יחידה,false,0.0000,10,10.0000,false,1,
7290018131954,false,מאגדת לה פרוטה תות שוקולד נסטלה 350 גרם,נגה גלידות שותפות מוגבלת,,לה פרוטה מאגדת תות שוקולד כלפ8 5*72ג,יחידה,1,יחידה,false,8.0000,32.9,32.9000,false,1,
7290018131978,false,טילון נסטלה אוראו 68.5 גרם,פרונרי פולין,,אוראו טילון 68 גרם,יח,1,יח,false,0.0000,10,10.0000,false,1,
7290018165010,false,"יין רזרב GOLD EDITION גווצטרמינר ברקן 750 מ""ל",יקבי ברקן שיווק והפצה בע,,"ברקן,רזרב גולד גוורצטרמינר 750 מל",00000,1,00000,false,0.0000,54.9,54.6000,true,1,
<<<<<<< HEAD
7290018165027,false,"יין רזרב GOLD EDITION רוזה ברקן 750 מ""ל",יקבי ברקן שיווק והפצה בע,,"ברקן,רזרב גולד רוזה 750 מל",00000,1,00000,false,0.0000,54.9,54.6000,true,1,
7290018245248,false,המבורגר,,,המבורגר,יחידה,1,יחידה,false,0.0000,44.9,44.9000,true,1,
7290018440407,false,תה ירוק מאטה קקאו לוז ויסוצקי 25 יחידות,תה ויסוצקי,,תה ירוק מאטה קקאו לוז,יחידה,1,יחידה,false,0.0000,29.9,29.9000,true,1,
7290018468401,false,פסטרמה צמחונית בטעם גריל 100 גר טירת צבי,טיב טירת צבי 2000,,פסטרמה צמחונית בטעם גריל טירת צבי,יחידה,1,יחידה,false,0.0000,20.9,20.9000,false,1,
7290018468418,false,פסטרמה צמחונית טעם מפולפל 120 גרם טירת צבי,טיב טירת צבי 2000,,פסטרמה צמחונית בטעם מפולפל טירת צבי,יחידה,1,יחידה,false,0.0000,20.9,20.9000,false,1,
7290018471128,false,"ספרינג שייק אננס מנגו פסיפלורה זכוכית 330 מ""ל","יפאורה תבורי בע""\מ",,"ספרינג שייק אננס מנגו פסיפלורה 330 מ""ל זכוכית",יחידה,1,יחידה,false,24.0000,8.5,8.2000,false,1,
7290018471135,false,"ספרינג שייק בננה תמר תפוז זכוכית 330 מ""ל","יפאורה תבורי בע""\מ",,"ספרינג שייק בננה תמר תפוז 330 מ""ל זכוכית",יחידה,1,יחידה,false,24.0000,8.5,8.2000,false,1,
7290018471142,false,"ספרינג שייק בננה אננס קוקוס פירות יער זכוכית 330 מ""ל","יפאורה תבורי בע""\מ",,"ספרינג שייק בננה אננס קוקוס פירות יער 330 מ""ל זכוכית",יחידה,1,יחידה,false,24.0000,8.5,8.2000,false,1,
7290018471913,false,משקה מוגז פירות תפוחים שוופס 1.5 ליטר,"יפאורה תבורי בע""\מ",,שוופס פרוט תפוחים 1.5 ליטר,יחידה,1,יחידה,false,12.0000,10.9,10.6000,false,1,
=======
7290018165027,false,רזרב גולד אדישיין רוזה 750 מל-יקבי ברק,יקבי ברקן שיווק והפצה בע,,"ברקן,רזרב גולד רוזה 750 מל",00000,1,00000,false,0.0000,54.9,54.6000,true,1,
7290018245248,false,המבורגר,,,המבורגר,יחידה,1,יחידה,false,0.0000,44.9,44.9000,true,1,
7290018440407,false,תה ירוק מאטה קקאו לוז ויסוצקי 25 יחידות,תה ויסוצקי (ישראל) בעמ,,תה ירוק מאטה קקאו לוז,יחידה,1,יחידה,false,0.0000,29.9,29.9000,true,1,
7290018468401,false,פסטרמה צמחונית בטעם גריל 100 גר טירת צבי,תנובה מרכז שיתופי לשיווק תוצרת,,פסטרמה צמחונית בטעם גריל טירת צבי,יחידה,1,יחידה,false,0.0000,20.9,20.9000,false,1,
7290018468418,false,פסטרמה צמחונית טעם מפולפל 120 גרם טירת צבי,תנובה מרכז שיתופי לשיווק תוצרת,,פסטרמה צמחונית בטעם מפולפל טירת צבי,יחידה,1,יחידה,false,0.0000,20.9,20.9000,false,1,
7290018471128,false,"ספרינג שייק אננס מנגו פסיפלורה זכוכית 330 מ""ל","יפאורה תבורי בע""\מ",,"ספרינג שייק אננס מנגו פסיפלורה 330 מ""ל זכוכית",יחידה,1,יחידה,false,24.0000,8.5,8.2000,false,1,
7290018471135,false,"ספרינג שייק בננה תמר תפוז זכוכית 330 מ""ל","יפאורה תבורי בע""\מ",,"ספרינג שייק בננה תמר תפוז 330 מ""ל זכוכית",יחידה,1,יחידה,false,24.0000,8.5,8.2000,false,1,
7290018471142,false,"ספרינג שייק בננה אננס קוקוס פירות יער זכוכית 330 מ""ל","יפאורה תבורי בע""\מ",,"ספרינג שייק בננה אננס קוקוס פירות יער 330 מ""ל זכוכית",יחידה,1,יחידה,false,24.0000,8.5,8.2000,false,1,
7290018471913,false,משקה מוגז פירות תפוחים שוופס 1.5 ליטר,יפאורה - שותפות מוגבלת לשיווק,,שוופס פרוט תפוחים 1.5 ליטר,יחידה,1,יחידה,false,12.0000,10.9,10.6000,false,1,
>>>>>>> d048ac2f4f281c9d788043ab4e81b61b0dbe3743
7290018500361,false,"לחם שחור פרוס 900 גרם ""אנג'ל"" -מוצר בפיקוח",מאפיית שלמה א. אנג'\ל בע,,"לחם שחור פרוס 900 גרם ""אנג'ל"" -מוצר בפיקוח",יחידה,1,יחידה,false,0.0000,9.49,9.4900,false,1,
7290018500385,false,"חלה רגילה 650 גרם ""אנגל""-מוצר בפיקוח",מאפיית שלמה א. אנגל,,"חלה רגילה 650 גרם ""אנגל""-מוצר בפיקוח",יחידה,1,יחידה,false,0.0000,8.14,8.1400,false,1,
7290018500392,false,"חלה רגילה 650 גרם ""אנגל""-מוצר בפיקוח",מאפיית שלמה א. אנגל,,"חלה רגילה 650 גרם ""אנגל""-מוצר בפיקוח",יחידה,1,יחידה,false,0.0000,8.14,8.1400,false,1,
7290018527207,false,פיתות ביס עשיריה שאשא,,,פיתות ביס עשיריה שאשא,יחידה,1,יחידה,false,0.0000,14.9,14.9000,false,1,
7290018652053,false,"יסקולידה אקסטרה גלידה בטעמי וניל ושוקולד, 90 גרם",גלידות נסטלה )נגה גלידות,,ביסקולידה אקסטרה,יחידה,1,יחידה,false,0.0000,8,8.0000,false,1,
7290018652770,false,טילון אקסטרים בייגלה מתוק מלוח 115 גרם,נגה גלידות שותפות מוגבלת,,טילון גולדה ביגל מלוח מתוק 115 גרם,יחידה,1,יחידה,false,16.0000,10,10.0000,false,1,
7290018652886,false,שלגונים בשומן צמחי בטעמי שוקו ובננה מצופים צימקאו,נגה גלידות שותפות מוגבלת,,"מאגדת מצופים שוקו בננה חת""ס- 8 יחידות",יחידה,1,יחידה,false,8.0000,34.9,34.9000,false,1,
7290018652947,false,קראנץ ליבת נוגט+אורז תפוח כלפ28*100ג,גלידות נסטלה,,קראנץ ליבת נוגט+אורז תפוח כלפ28*100ג,יחידה,1,יחידה,false,28.0000,10,10.0000,false,1,
<<<<<<< HEAD
7290018825020,false,תפוח אדמה גורמה דוד משה,חבל מעון,,"תפו""א גורמה","ק""ג",1,"ק""ג",true,0.0000,9.9,9.9000,false,1,
7290018893807,false,צוקטה בטעם שוקולד מריר 60% 3 יח' 300 גרם,אייברקקאו אס אי. יו,,צוקטה בטעם שוקולד מריר 60% 3 יח' 300 גרם,יחידה,1,יחידה,false,20.0000,15.9,15.9000,false,1,
7290018925065,false,מיץ פרימור תפוזים סחוט 2 ליטר-,"גניר (1992) בע""מ",,פרימור סחוט 2 ל'- תפוחים,יחידה,1,יחידה,false,4.0000,25.9,25.6000,false,1,
7290018925072,false,משקה קל לימונים ונענע 2 ל פרימור,"גניר (1992) בע""מ",,פרימור סחוט 2 ל'- לימונענע,יחידה,1,יחידה,false,4.0000,28.2,27.9000,false,1,
7290018925089,false,"מיץ פרימור תפו""ע צלול סחוט 2 ליטר-","גניר (1992) בע""מ",,פרימור סחוט 2 ל'- תפוזים,יחידה,1,יחידה,false,4.0000,28.2,27.9000,false,1,
7290018949016,false,"גרופר משקה קל מוגז אורגני תפוחחה 330 מ""",מיקס קווידזון,,גרופר משקה קל מוגז אורגני תפוחחה,יחידה,1,יחידה,false,12.0000,8.9,8.6000,false,1,
7290018949023,false,"גרופר משקה קל מוגז אורגני לימוננ 330 מ""ל",מיקס קווידזון,,גרופר משקה קל מוגז אורגני לימוננדה,יחידה,1,יחידה,false,12.0000,8.9,8.6000,false,1,
7290019056065,false,שוופס מוגז עדין פירות יער 1.5 ליטר פיקדון,"יפאורה תבורי בע""\מ",,שוופס מוגז עדין 1.5 ל'- פירות יער,יחידה,1,יחידה,false,12.0000,9.9,9.6000,false,1,
7290019056072,false,שוופס מוגז עדין אננס 1.5 ליטר פיקדון,מיוצר עי קונדיטוריית,,"שוופס מוגז עדין אננס, 1.5 ליטר",יחידה,1,יחידה,false,0.0000,9.9,9.6000,false,1,
7290019056096,false,שוופס מוגז עדין אפרסק 1.5 ליטר פיקדון,"יפאורה תבורי בע""\מ",,שוופס מוגז עדין 1.5 ל'- אפרסק,יחידה,1,יחידה,false,0.0000,9.9,9.6000,false,1,
7290019056126,false,שוופס סודה לימון 1.5 ליטר בק' בודד פיקדון,"יפאורה תבורי בע""\מ",,שוופס סודה 1.5 ליטר,יחידה,1,יחידה,false,12.0000,5.6,5.3000,false,1,
7290019056164,false,שוופס סודה 1.5 ליטר רביעייה פיקדון,"יפאורה תבורי בע""\מ",,שוופס סודה 1.5 ל'- רביעייה,יחידה,1,יחידה,false,0.0000,12.5,11.3000,false,1,
7290019056300,false,משקה בטעם ביטר לימון 1.5 ל' שוויפס,"יפאורה תבורי בע""\מ",,שוופס ביטר למון 1.5 ליטר,יחידה,1,יחידה,false,12.0000,14.9,14.6000,false,1,
7290019056317,false,שוופס ראשן 1.5 ליטר פיקדון,"יפאורה תבורי בע""\מ",,שוופס ראשן 1.5 ליטר,יחידה,1,יחידה,false,12.0000,14.9,14.6000,false,1,
7290019056324,false,שוופס טוניק 1.5 ליטר פיקדון,"יפאורה תבורי בע""\מ",,שוופס טוניק 1.5 ליטר,יחידה,1,יחידה,false,12.0000,14.9,14.6000,false,1,
7290019056331,false,שוופס טוניק ללא סוכר 1.5 ליטר פיקדון,מיוצר עי קונדיטוריית,,שוופס טוניק ללא סוכר 1.5 ליטר,יחידה,1,יחידה,false,0.0000,13.9,13.6000,false,1,
7290019056515,false,פרוט ווטר אננס 1.5 ליטר פיקדון,"יפאורה תבורי בע""\מ",,פרוט ווטר 1.5 ל'- אננס,יחידה,1,יחידה,false,0.0000,9.9,9.6000,false,1,
7290019056966,false,מי עדן בקבוק פיקדון 1.5 ליטר,"מי עדן בע""מ",,מי עדן 1.5 ליטר בקבוק,יחידה,1,יחידה,false,6.0000,5.6,5.3000,false,1,
7290019056973,false,שישיית מי עדן 1.5 ליטר משפחתי,"מופק ממקור בזלתי עדן ,1",,מי עדן 1.5 ליטר מארז שישייה,יחידה,1,יחידה,false,0.0000,15.7,13.9000,false,1,
=======
7290018825020,false,תפוא לבן לאפייה דוד משה גורמה,תוצרת הנגב אגודה שיתופית חקלאי,,"תפו""א גורמה","ק""ג",1,"ק""ג",true,0.0000,9.9,9.9000,false,1,
7290018893807,false,צוקטה בטעם שוקולד מריר 60% 3 יח' 300 גרם,אייברקקאו אס אי. יו,,צוקטה בטעם שוקולד מריר 60% 3 יח' 300 גרם,יחידה,1,יחידה,false,20.0000,15.9,15.9000,false,1,
7290018925065,false,מיץ תפוזים סחוט פרימור (2 ליטר),שטראוס גרופ בעמ/מצונן,,פרימור סחוט 2 ל'- תפוחים,יחידה,1,יחידה,false,4.0000,25.9,25.6000,false,1,
7290018925072,false,פרימור טרי מיץ לימונים עם נענע 2 ליטר,שטראוס גרופ בעמ/מצונן,,פרימור סחוט 2 ל'- לימונענע,יחידה,1,יחידה,false,4.0000,28.2,27.9000,false,1,
7290018925089,false,"מיץ פרימור תפו""ע צלול סחוט 2 ליטר-",שטראוס גרופ בעמ/מצונן,,פרימור סחוט 2 ל'- תפוזים,יחידה,1,יחידה,false,4.0000,28.2,27.9000,false,1,
7290018949016,false,גרופר משקה קל מוגז אורגני תפוחוחה 330 מל,טחנת האבן קואופ בעמ,,גרופר משקה קל מוגז אורגני תפוחחה,יחידה,1,יחידה,false,12.0000,8.9,8.6000,false,1,
7290018949023,false,גרופר משקה קל מוגז אורגני לימוננדה 330 מ,טחנת האבן קואופ בעמ,,גרופר משקה קל מוגז אורגני לימוננדה,יחידה,1,יחידה,false,12.0000,8.9,8.6000,false,1,
7290019056065,false,שוופס מוגז עדין פירות יער 1.5 ליטר פיקדון,יפאורה - שותפות מוגבלת לשיווק,,שוופס מוגז עדין 1.5 ל'- פירות יער,יחידה,1,יחידה,false,12.0000,9.9,9.6000,false,1,
7290019056072,false,שוופס מוגז עדין אננס 1.5 ליטר פיקדון,יפאורה - שותפות מוגבלת לשיווק,,"שוופס מוגז עדין אננס, 1.5 ליטר",יחידה,1,יחידה,false,0.0000,9.9,9.6000,false,1,
7290019056096,false,שוופס מוגז עדין אפרסק 1.5 ליטר פיקדון,יפאורה - שותפות מוגבלת לשיווק,,שוופס מוגז עדין 1.5 ל'- אפרסק,יחידה,1,יחידה,false,0.0000,9.9,9.6000,false,1,
7290019056126,false,שוופס סודה לימון 1.5 ליטר בק' בודד פיקדון,יפאורה - שותפות מוגבלת לשיווק,,שוופס סודה 1.5 ליטר,יחידה,1,יחידה,false,12.0000,5.6,5.3000,false,1,
7290019056164,false,שוופס סודה 1.5 ליטר רביעייה פיקדון,יפאורה - שותפות מוגבלת לשיווק,,שוופס סודה 1.5 ל'- רביעייה,יחידה,1,יחידה,false,0.0000,12.5,11.3000,false,1,
7290019056300,false,משקה בטעם ביטר לימון 1.5 ל' שוויפס,יפאורה - שותפות מוגבלת לשיווק,,שוופס ביטר למון 1.5 ליטר,יחידה,1,יחידה,false,12.0000,14.9,14.6000,false,1,
7290019056317,false,שוופס ראשן 1.5 ליטר פיקדון,יפאורה - שותפות מוגבלת לשיווק,,שוופס ראשן 1.5 ליטר,יחידה,1,יחידה,false,12.0000,14.9,14.6000,false,1,
7290019056324,false,שוופס טוניק 1.5 ליטר פיקדון,יפאורה - שותפות מוגבלת לשיווק,,שוופס טוניק 1.5 ליטר,יחידה,1,יחידה,false,12.0000,14.9,14.6000,false,1,
7290019056331,false,שוופס טוניק ללא סוכר 1.5 ליטר פיקדון,יפאורה - שותפות מוגבלת לשיווק,,שוופס טוניק ללא סוכר 1.5 ליטר,יחידה,1,יחידה,false,0.0000,13.9,13.6000,false,1,
7290019056515,false,פרוט ווטר אננס 1.5 ליטר פיקדון,יפאורה - שותפות מוגבלת לשיווק,,פרוט ווטר 1.5 ל'- אננס,יחידה,1,יחידה,false,0.0000,9.9,9.6000,false,1,
7290019056966,false,מי עדן בקבוק פיקדון 1.5 ליטר,תבורי-שותפות מוגבלת לשיווק,,מי עדן 1.5 ליטר בקבוק,יחידה,1,יחידה,false,6.0000,5.6,5.3000,false,1,
7290019056973,false,מי עדן שישיה בק `1.5ליטר פיקדון,יפאורה - שותפות מוגבלת לשיווק,,מי עדן 1.5 ליטר מארז שישייה,יחידה,1,יחידה,false,0.0000,15.7,13.9000,false,1,
>>>>>>> d048ac2f4f281c9d788043ab4e81b61b0dbe3743
7290019146056,false,סוכריות מג'נונים,,,סוכריות מג'נונים,יחידה,1,יחידה,false,0.0000,9.9,9.9000,false,1,
7290019499060,false,רגליים פרוס קפוא,,,רגליים פרוס קפוא,"ק""ג",1,"ק""ג",true,0.0000,64.9,64.9000,false,1,
7290032147230,false,"מיץ לימור משומר סיציליה 200 מ""ל",סידג,,סיצילה מיץ לימון משומר 200 מל,יחידה,1,יחידה,false,0.0000,7.9,7.9000,false,1,
7290042123866,false,מסטיק הובה בובה קלאסי,,,מסטיק הובה בובה קלאסי,יחידה,1,יחידה,false,0.0000,5,5.0000,false,1,
7290059455233,false,קופסה ווג כחול,,,קופסה ווג כחול,יחידה,1,יחידה,false,10.0000,38,38.0000,false,1,
7290072986448,false,גלידת בן אנד ג'ריס בטעם טופי קראנץ',,,גלידת בן אנד ג'ריס בטעם טופי קראנץ',יחידה,1,יחידה,false,0.0000,23.9,23.9000,false,1,
7290080718765,false,טונה במים CALIPO 160ג,,,טונה במים CALIPO 160ג,יחידה,1,יחידה,false,0.0000,23.9,23.9000,false,1,
7290084152985,false,סוכריה- מקל,,,סוכריה- מקל,00000,1,00000,false,0.0000,2.5,2.5000,false,1,
<<<<<<< HEAD
7290100243671,false,"מרכך כביסה מרוכז אקסטרה כחול בדין 960 מ""ל",יוניליוור סנאיי וי טיקאר,,בדין אקסטרא כחול,יחידה,1,יחידה,false,16.0000,19.9,19.9000,false,1,
7290100680650,false,מנה חמה נודלס-אטריות ירקות טעם תאילנדי אסם 76 ג',PUB FOODS PRESIDENT THAI,,מנה חמה נודל.+ירקות תאילנדי76 גרם,יחידה,1,יחידה,false,6.0000,7.9,7.9000,true,1,
7290100680667,false,מנה חמה נודלס-אטריות+ירקות טעם סצ'ואן,PUB FOODS PRESIDENT THAI,,מנה חמה נודלס+ירקות ט.סצ'ואן76 גרם,יחידה,1,יחידה,false,6.0000,7.9,7.9000,true,1,
7290100680711,false,פירורית זהב אסם זהב 350ג',עינת תעשיות מזון אגו,,אסם פירורית זהב 350 גרם,יחידה,1,יחידה,false,12.0000,9.9,9.9000,false,1,
7290100681503,false,עסיס סירופ לימונענע דיאטטי 1 ליטר,בית-השיטה עסיס תעשיות מז,,עסיס לימונענע דיאט סירופ 1 ליטר,יחידה,1,יחידה,false,12.0000,19.9,19.9000,false,1,
7290100684764,false,במבה יום הולדת על סרט אסם 25 ג',"אסם תעשיות בע""מ",,במבה יום הולדת 25 גרם,יחידה,1,יחידה,false,48.0000,2.5,2.5000,false,1,
7290100685068,false,אינסטנט פודינג בטעם וניל עם פצפוצי שוקולד אסם 110 גרם,"אסם תעשיות בע""מ",,אסם פודינג.אינסטנט.ונל.פצפוצי שקלד.110 ג',יחידה,1,יחידה,false,12.0000,8.5,8.5000,false,1,
7290100685334,false,אבקת מרק עוף אמיתי בשרי רכיבים טבעיים אסם 400 גרם,"אסם השקעות בע""\מ",,מרק עוף רכיבים טבעיים אסם 400 ג',יחידה,1,יחידה,false,6.0000,24.9,24.9000,true,1,
7290100685341,false,אבקת מרק טעם עוף זך רכיבים טבעיים אסם 400 גרם,"אסם השקעות בע""\מ",,מרק עוף זך עם רכיבים טבעיים אסם 400 ג',יחידה,1,יחידה,false,6.0000,17.9,17.9000,true,1,
7290100687109,false,במבה במילוי קרם נוגט 60ג' אסם,"אסם השקעות בע""\מ",,במבה במילוי קרם נוגט 60 גרם,יחידה,1,יחידה,false,40.0000,6,6.0000,true,1,
7290100700020,false,סוגת גריסי פנינה 500 גרם,האי נאם סי או אל.טי.,,גריסי פנינה 500 גרם סוגת,יחידה,1,יחידה,false,0.0000,6.9,6.9000,false,1,
7290100700273,false,קינואה לבנה 500 ג סו,האי נאם סי או אל.טי.,,קינואה 500 גרם סוגת,יחידה,1,יחידה,false,0.0000,18.9,18.9000,false,1,
7290100700372,false,"סוגת אורז בסמטי מלא 1 ק""ג",האי נאם סי או אל.טי.,,"אורז בסמטי מלא סוגת 1 ק""ג",יחידה,1,יחידה,false,0.0000,15.9,15.9000,false,1,
7290100700396,false,"סוגת אורז יסמין קלאסי 1 ק""ג",האי נאם סי או אל.טי.,,"אורז יסמין קלאסי 1 ק""ג סוגת",יחידה,1,יחידה,false,0.0000,13.9,13.9000,false,1,
7290100700563,false,"סוגת אורז מיקס קלאסי 1 ק""ג",סוגת תעשיות בעמ,,"אורז מיקס קלאסי 1 ק""ג סוגת",יחידה,1,יחידה,false,0.0000,19.9,19.9000,false,1,
7290100700587,false,"בורגול ""סוגת"" 500 גרם",האי נאם סי או אל.טי.,,בורגול 500 גרם סוגת,יחידה,1,יחידה,false,0.0000,5.9,5.9000,false,1,
7290100701331,false,קמח רב תכליתי שטיבל קמח חיטה לבן בהיר,"שטיבל בע""\מ - טחנות קמח",,"קמח רב תכליתי 1 ק""ג סוגת",יחידה,1,יחידה,false,0.0000,9.9,9.9000,false,1,
7290100701577,false,קמח לחם קמח חיטה לבן שטיבל,טחנות קמח שטיבל באר שבע,,"קמח לחם 1 ק""ג סוגת",יחידה,1,יחידה,false,0.0000,9.9,9.9000,false,1,
7290100702314,false,שעועית שחורה 500 גרם סוגת,סוגת תעשיות בעמ,,שעועית שחורה 500 גרם סוגת,יחידה,1,יחידה,false,0.0000,11.9,11.9000,false,1,
7290100703625,false,קמח חיטה לבן ללא צורך בניפוי,"שטיבל בע""מ",,"קמח לבן ללא ניפוי 1 ק""ג",יחידה,1,יחידה,false,0.0000,10.9,10.9000,false,1,
7290100703632,false,קמח חיטה מלא ללא צורך בניפוי,"שטיבל בע""מ",,"קמח מלא ללא ניפוי 1ק""ג",יחידה,1,יחידה,false,0.0000,10.9,10.9000,false,1,
7290100703670,false,"קמח כוסמין ללא ניפוי 1 ק""ג סוגת","שטיבל בע""מ",,"קמח כוסמיןמלא ללא ניפוי 1ק""ג",יחידה,1,יחידה,false,0.0000,19.9,19.9000,false,1,
7290100704141,false,סודה לשתייה 100 ג' סוגת,א.ל. ייצור ושיווק תב,,סודה לשתייה 100 גרם,יחידה,1,יחידה,false,0.0000,3,3.0000,false,1,
=======
7290100243671,false,"מרכך כביסה מרוכז אקסטרה כחול בדין 960 מ""ל",יוניליוור ישראל שיווק בע`מ,,בדין אקסטרא כחול,יחידה,1,יחידה,false,16.0000,19.9,19.9000,false,1,
7290100680650,false,מנה חמה נודלס-אטריות ירקות טעם תאילנדי אסם 76 ג',קבוצת אוסם סחר שותפות מוגבלת,,מנה חמה נודל.+ירקות תאילנדי76 גרם,יחידה,1,יחידה,false,6.0000,7.9,7.9000,true,1,
7290100680667,false,מנה חמה נודלס בסגנון סצ`ואן אסם (76 גרם),קבוצת אוסם סחר שותפות מוגבלת,,מנה חמה נודלס+ירקות ט.סצ'ואן76 גרם,יחידה,1,יחידה,false,6.0000,7.9,7.9000,true,1,
7290100680711,false,פירורית זהב אסם זהב 350ג',קבוצת אוסם סחר שותפות מוגבלת,,אסם פירורית זהב 350 גרם,יחידה,1,יחידה,false,12.0000,9.9,9.9000,false,1,
7290100681503,false,עסיס סירופ לימונענע דיאטטי 1 ליטר,קבוצת אוסם סחר שותפות מוגבלת,,עסיס לימונענע דיאט סירופ 1 ליטר,יחידה,1,יחידה,false,12.0000,19.9,19.9000,false,1,
7290100684764,false,במבה יום הולדת על סרט אסם 25 ג',קבוצת אוסם סחר שותפות מוגבלת,,במבה יום הולדת 25 גרם,יחידה,1,יחידה,false,48.0000,2.5,2.5000,false,1,
7290100685068,false,אינסטנט פודינג בטעם וניל עם פצפוצי שוקולד אסם 110 גרם,קבוצת אסם סחר שות. מוגבלת,,אסם פודינג.אינסטנט.ונל.פצפוצי שקלד.110 ג',יחידה,1,יחידה,false,12.0000,8.5,8.5000,false,1,
7290100685334,false,אבקת מרק עוף אמיתי בשרי רכיבים טבעיים אסם 400 גרם,קבוצת אוסם סחר שותפות מוגבלת,,מרק עוף רכיבים טבעיים אסם 400 ג',יחידה,1,יחידה,false,6.0000,24.9,24.9000,true,1,
7290100685341,false,אבקת מרק טעם עוף זך רכיבים טבעיים אסם 400 גרם,קבוצת אוסם סחר שותפות מוגבלת,,מרק עוף זך עם רכיבים טבעיים אסם 400 ג',יחידה,1,יחידה,false,6.0000,17.9,17.9000,true,1,
7290100687109,false,במבה במילוי קרם נוגט 60ג' אסם,קבוצת אוסם סחר-שות.מוגבלת,,במבה במילוי קרם נוגט 60 גרם,יחידה,1,יחידה,false,40.0000,6,6.0000,true,1,
7290100700020,false,גריסי פנינה סוגת (500 גרם),האי נאם סי או אל.טי.,,גריסי פנינה 500 גרם סוגת,יחידה,1,יחידה,false,0.0000,6.9,6.9000,false,1,
7290100700273,false,קינואה לבנה 500 ג סו,האי נאם סי או אל.טי.,,קינואה 500 גרם סוגת,יחידה,1,יחידה,false,0.0000,18.9,18.9000,false,1,
7290100700372,false,"אורז בסגנון בסמטי מלא 1 ק""ג",האי נאם סי או אל.טי.,,"אורז בסמטי מלא סוגת 1 ק""ג",יחידה,1,יחידה,false,0.0000,15.9,15.9000,false,1,
7290100700396,false,"סוגת אורז יסמין קלאסי 1 ק""ג",האי נאם סי או אל.טי.,,"אורז יסמין קלאסי 1 ק""ג סוגת",יחידה,1,יחידה,false,0.0000,13.9,13.9000,false,1,
7290100700563,false,אורז מיקס קלאסי סוגת (1 קג),סוגת תעשיות בעמ,,"אורז מיקס קלאסי 1 ק""ג סוגת",יחידה,1,יחידה,false,0.0000,19.9,19.9000,false,1,
7290100700587,false,בורגול סוגת (500 גרם),האי נאם סי או אל.טי.,,בורגול 500 גרם סוגת,יחידה,1,יחידה,false,0.0000,5.9,5.9000,false,1,
7290100701331,false,קמח רב תכליתי שטיבל קמח חיטה לבן בהיר,"שטיבל בע""\מ - טחנות קמח",,"קמח רב תכליתי 1 ק""ג סוגת",יחידה,1,יחידה,false,0.0000,9.9,9.9000,false,1,
7290100701577,false,קמח לחם קמח חיטה לבן שטיבל,טחנות קמח שטיבל באר שבע,,"קמח לחם 1 ק""ג סוגת",יחידה,1,יחידה,false,0.0000,9.9,9.9000,false,1,
7290100702314,false,שעועית שחורה 500 גרם סוגת,סוגת תעשיות בעמ,,שעועית שחורה 500 גרם סוגת,יחידה,1,יחידה,false,0.0000,11.9,11.9000,false,1,
7290100703625,false,קמח חיטה לבן ללא צורך בניפוי,סוגת תעשיות בעמ,,"קמח לבן ללא ניפוי 1 ק""ג",יחידה,1,יחידה,false,0.0000,10.9,10.9000,false,1,
7290100703632,false,קמח חיטה מלא ללא צורך בניפוי,סוגת תעשיות בעמ,,"קמח מלא ללא ניפוי 1ק""ג",יחידה,1,יחידה,false,0.0000,10.9,10.9000,false,1,
7290100703670,false,"קמח כוסמין ללא ניפוי 1 ק""ג סוגת",סוגת תעשיות בעמ,,"קמח כוסמיןמלא ללא ניפוי 1ק""ג",יחידה,1,יחידה,false,0.0000,19.9,19.9000,false,1,
7290100704141,false,סוגת אבקת סודה לשתיה 100 גר`,א.ל. ייצור ושיווק תב,,סודה לשתייה 100 גרם,יחידה,1,יחידה,false,0.0000,3,3.0000,false,1,
>>>>>>> d048ac2f4f281c9d788043ab4e81b61b0dbe3743
7290100858592,false,אבקת קקאו עלית שקית 150 ג',הנסיך- מפעל לייצור ט,,שקית קקאו 150 ג' עלית,יחידה,1,יחידה,false,20.0000,11.9,11.9000,false,1,
7290101112228,false,מאגדת פופסיקל גלידל פרי אננס 8 יח`,פלקו בעמ חברה ישראלית,,"שמיניית גלידל פרי אננס ""פלדמן""",יחידה,1,יחידה,false,0.0000,28.9,28.9000,false,1,
7290101113157,false,מאגדת גלידל וניל עוגיות פלדמן 6 יחידות,"פלקו בע""\מ, חברה ישראלית",,גלידל וניל עוגיות,00000,1,00000,false,0.0000,29.9,29.9000,false,1,
7290101113430,false,מאגדת גלידל סירופ שוקולד פלדמן 6 יחידות,"פלקו בע""\מ, חברה ישראלית",,מאגדת גלידל שוקולד עם סירופ 6 יח',יחידה,1,יחידה,false,6.0000,29.9,29.9000,false,1,
<<<<<<< HEAD
7290101113447,false,עשירייה גלידל מיני קסטה בטעמי שוקו ווניל 270 ג' פלדמן,הגלידות של פלדמן,,עשירייה גלידל מיני קסטה בטעמי שוקו ווניל,יחידה,1,יחידה,false,9.0000,34.9,34.9000,false,1,
7290101113638,false,מאגדת סנקור ארוך 8 יח 560 גרם,פלקו בעמ,,מאגדת סנקור ארוך 8 יח',יחידה,1,יחידה,false,9.0000,39.9,39.9000,false,1,
7290101113768,false,מאגדת שלגון עוגיות ושוקולד חלב רביעיה * 50 ג' יולו,הגלידות של פלדמן,,מאגדת (4) שלגון יולו עוגיות ש.חלב,יחידה,1,יחידה,false,6.0000,19.9,19.9000,false,1,
7290101450900,false,נרות ג'מבו כוכבים ממ,סודי,,נר ג'מבו לבבות,יחידה,1,יחידה,false,0.0000,10,10.0000,false,1,
7290101454137,false,נרות קסם,,,נרות קסם,יחידה,1,יחידה,false,0.0000,8,8.0000,false,1,
7290101551027,false,קפסולות קפה אספרסו חזק במיוחד 14 עלית 10 יח',הנסיך- מפעל לייצור ט,,קפסולות 14 למכונת נספרסו,יחידה,1,יחידה,false,0.0000,19.9,19.9000,true,1,
7290101551300,false,סילאן טבעי ללא תוספת סוכר בקבוק לחיץ,מכוורת יד מרדכי שטראוס ב,,סילאן טבעי לחיץ 380 גרם,יחידה,1,יחידה,false,0.0000,17.9,17.9000,true,1,
7290101551539,false,יוגורט PRO בטעם אפרסק 0% 20 גרם חלבון בגביע,"שטראוס בריאות בע""מ",,דנונה פרו 20 אפרסק,יחידה,1,יחידה,false,0.0000,6.9,6.9000,true,1,
7290101865261,false,"פיניש נוזל הברקה למדיח 800 מ""ל",רקיט בנקיזר,,"פיניש נוזל הברקה 800 מ""ל",יחידה,1,יחידה,false,0.0000,28,28.0000,false,1,
7290101866633,false,וניש קליה גל להסרת כתמים 3 ליטר אוקסיפרש,קליה וניש Kalia Vanish,,וניש קליה ג'ל 3 ליטר מסיר כתמים,יחידה,1,יחידה,false,0.0000,39.9,39.9000,false,1,
7290101869702,false,"ג 'ל פיניש AIO MAX מרוכז למדיח 600מ""ל",פיניש רקיט בנקיזר,,"פיניש AIO ג'ל 600 מ""ל",יחידה,1,יחידה,false,0.0000,34.9,34.9000,false,1,
7290102006441,false,זר יום הולדת לראש עם פרחים לבן 1 יחידה,שמחה זה אנחנו,,זר יומולדת צבעוני,יחידה,1,יחידה,false,0.0000,18,18.0000,false,1,
7290102030330,false,תפוצ'יפס קראנצ' בטעם מקסיקני 200 גרם,"שטראוס פריטו ליי בע""\מ )",,חטיף צ'יפס קראנצ' מקסיקני 200 ג',יחידה,1,יחידה,false,12.0000,14,14.0000,false,1,
7290102032334,false,אבקה להכנת משקה קפה בטעם וניל,שטראוס קפה בי.וי,,קפה נמס בפעם וניל 200 ג',יחידה,1,יחידה,false,6.0000,31.9,31.9000,false,1,
7290102300822,false,גבינה צ'דר אנגלית כתומה 200 גרם,דאולי צ'יסמייקרס,,"צ'דר כתום, 200 גרם",יחידה,1,יחידה,false,0.0000,26.9,26.9000,true,1,
7290102302246,false,גבינת גאודה הולנדית 200 גרם,מיוצר עי קונדיטוריית,,"גאודה מילד, 200 גרם",יחידה,1,יחידה,false,0.0000,34.9,34.9000,true,1,
7290102302260,false,גבינת גרנה פדנו 200 גרם,הנסיך- מפעל לייצור ט,,"גרנה פדנו, 200 גרם",יחידה,1,יחידה,false,0.0000,35.9,35.9000,false,1,
7290102390427,false,יוגורט ביו עם קציפת תות 3% שומן 150 ג' מולר,מולר Muller,,יוגורט פרופ עם קציפת תות 3%,יחידה,1,יחידה,false,0.0000,5.5,5.5000,true,1,
7290102390465,false,יוגורט ביו עם קציפת אפרסק ופסיפלורה 3% שומן 150 ג' מולר,מולר Muller,,יוגורט פרופ עם קציפת אפרסק ופסיפלורה 3%,יחידה,1,יחידה,false,0.0000,5.5,5.5000,true,1,
7290102390489,false,יוגורט ביו עם קציפת לימון 3% שומן 150 ג' מולר,מולר Muller,,יוגורט פרופ עם קציפת לימון 3%,יחידה,1,יחידה,false,0.0000,5.5,5.5000,true,1,
7290102391844,false,יוגורט ביו עם קציפת פירות יער3% שומן 150 ג' מולר,מולר Muller,,יוגורט פרופ עם קציפת פירות יער 3%,יחידה,1,יחידה,false,0.0000,5.5,5.5000,true,1,
7290102392094,false,חלב עיזים 3.7% בקרטון משק צוריאל 1 ליטר,מילקו תעשיות בעמ,,חלב עיזים מלא משק צוריאל 4.1%,יחידה,1,יחידה,false,0.0000,17.9,17.9000,false,1,
7290102393039,false,"יוגורט ביו קרמי מיקס פצפוצי שוקולד 7.6% מולר 170 מ""ל",קריות זול,,יוגורט 'Muller mix בתוספת פצפוצים,יחידה,1,יחידה,false,0.0000,6.2,6.2000,true,1,
7290102393060,false,"יוגורט ביו קרמי מיקס גלילי ופל ואגוזים 5.9% מולר 170 מ""ל",קריות זול,,יוגורט 'Muller mix בתוספת גליליות,יחידה,1,יחידה,false,0.0000,6.2,6.2000,true,1,
7290102393169,false,"יוגורט סימפלי פרוט בטעם תות 3% מולר 150 מ""ל",מולר Muller,,יוגורט סימפלי פרוט תות שדה 3%,יחידה,1,יחידה,false,0.0000,5.1,5.1000,false,1,
7290102393176,false,סימפלי פרוט יוגורט אפרסק 3% שומן 150 ג' מולר,מילקו תעשיות בעמ,,יוגורט סימפלי פרוט אפרסק 3%,יחידה,1,יחידה,false,0.0000,5.1,5.1000,false,1,
7290102393190,false,"יוגורט סימפלי פרוט בטעם פירות יער 3% מולר 150 מ""ל",מילקו תעשיות בעמ,,יוגורט סימפלי פרוט פירות יער 3%,יחידה,1,יחידה,false,0.0000,5.1,5.1000,false,1,
7290102393299,false,יוגורט עיזים לשתייה 3% משק צוריאל 500 גרם,מיוצר עי קוד יצרן HG,,יוגורט עיזים לשתייה,יחידה,1,יחידה,false,0.0000,13.9,13.9000,false,1,
7290102393848,false,יוגורט עיזים 2.4% עם תות משק צוריאל 150 גרם,מחלבת משק צוריאל,,"יוגרוט עיזים עם תות ""מ.צוריאל""",יחידה,1,יחידה,false,0.0000,6.5,6.5000,false,1,
7290102393855,false,יוגורט עיזים 2.5% עם אפרסק משק צוריאל 150 גרם,מחלבת משק צוריאל,,יוגורט עיזים BIO אפרסק,יחידה,1,יחידה,false,0.0000,6.5,6.5000,false,1,
7290102393947,false,סימפלי פרוט יוגורט בטעם קיווי 3% שומן 150 ג' מולר,מילקו תעשיות בעמ,,יוגורט סימפלי פרוט קיווי 3%,יחידה,1,יחידה,false,0.0000,5.1,5.1000,false,1,
7290102394463,false,נעם גבינה צהובה פרוסה ואקום 28% טרה 500 גרם,Unknown,,גבינה צהובה נעם 28%,יחידה,1,יחידה,false,16.0000,33.9,33.9000,false,1,
7290102394821,false,נעם גבינה צהובה פרוסה 28% טרה 200 גרם,מילקו תעשיות בעמ,,גבינה צהובה נעם דקה דקה 28%,יחידה,1,יחידה,false,36.0000,17.9,17.9000,true,1,
7290102394845,false,נעם גבינה צהובה לייט פרוסה דק דק 9% טרה 200 גרם,מילקו תעשיות בעמ,,גבינה צהובה נעם דקה דקה 9%,יחידה,1,יחידה,false,36.0000,18.9,18.9000,true,1,
7290102395224,false,שמיניית יוגורט ביו ביאנקו 1.7% מולר 150 גרם,מולר Muller,,יוגורט מולר ביו לבן  1.7%מאגדת שמינייה,יחידה,1,יחידה,false,0.0000,18,18.0000,false,1,
7290102395231,false,שמיניית יוגורט ביו ביאנקו 2.8% מולר 150 גרם,מולר Muller,,מארז יוגורט ביו 2.8% מולר,יחידה,1,יחידה,false,0.0000,18,18.0000,false,1,
7290102396665,false,נעם גבינה צהובה דק דק 15% טרה 200 גרם,מילקו תעשיות בעמ,,גבינה צהובה נעם דקה דקה 15%,יחידה,1,יחידה,false,0.0000,17.9,17.9000,true,1,
7290102397204,false,"גבנ""צ דק דק נעם פתיחה חוזרת 22% 200 גרם",מילקו תעשיות בעמ,,גבינה צהובה נעם דקה דקה 22%,יחידה,1,יחידה,false,0.0000,17.9,17.9000,true,1,
7290102397464,false,יוגורט ביו בתוספת גרעינים אגוזים וחמוציות 170 ג' מולר,מולר Muller,,"מולר נטורל + פקאן, גרעינים וחמוציות",יחידה,1,יחידה,false,0.0000,6.2,6.2000,true,1,
7290102397600,false,מיקס יוגורט בתוספת שקדים ובוטנים מקורמלים 170 ג' מולר,מילקו תעשייה בעמ,,יוגורט Muller mix בתוספת שקדים ובוטנים,יחידה,1,יחידה,false,0.0000,6.2,6.2000,true,1,
7290102397617,false,יוגורט ביו קרמי עם כדורים מצופים שוקולד חום לבן,מולר Muller,,יוגורט Muller mix בתוספת קליק,יחידה,1,יחידה,false,0.0000,6.2,6.2000,true,1,
7290102397730,false,פרוסות גבינה אמנטל חצי קשה 30% שומן 200 ג' נעם,Unknown,,גבינת אמנטל נעם 30%,יחידה,1,יחידה,false,0.0000,18.9,18.9000,false,1,
7290102397747,false,פרוסות גבינת מוצרלה נעם מחלב בקר 22%,טרה,,גבינה מוצרלה נעם 22%,יחידה,1,יחידה,false,0.0000,19.9,19.9000,false,1,
7290102397891,false,גבינה מותכת משק צוריאל 100 גרם,משק צוריאל,,גבינה מותכת משק צוריאל,יחידה,1,יחידה,false,0.0000,7.5,7.5000,false,1,
7290102398331,false,חלב מועשר דל לקטוז 2% שומן טרה 1 ליטר,טרה,,חלב מועשר דל לקטוז,יחידה,1,יחידה,false,0.0000,8.9,8.9000,true,1,
7290102398560,false,שוקו טרה מועשר בבקבוק 1 ליטר,מילקו תעשיות בעמ,,שוקו טרה בבקבוק,יחידה,1,יחידה,false,0.0000,14.9,14.9000,false,1,
7290102399635,false,"מולר פרופ יוגורט ביו עם קציפת קוקוס ואננס 150 מ""ל",מולר Muller,,יוגורט bio עם קציפת קוקוס ואננס 4.1% שומן,00000,1,00000,false,0.0000,5.5,5.5000,true,1,
7290102399796,false,מעדן יוגורט לבן מועשר בחלבון 200 ג' מולר אקטיב,מולר Muller,,מולר אקטיב יוגורט לבן 25 גרם חלבון,00000,1,00000,false,0.0000,6.5,6.5000,false,1,
7290103400194,false,"כרוב לבן 400 גר בד""צ ירקות שטראוס",שטראוס בריאות ירקות טריי,,כרוב לבן קצוץ,יחידה,1,יחידה,false,24.0000,11.9,11.9000,false,1,
7290103400255,false,"סלט קולסלאו 400 גרם בד""צ ירקות שטראוס",שטראוס בריאות ירקות טריי,,קולסלאו,יחידה,1,יחידה,false,0.0000,11.9,11.9000,false,1,
7290103404758,false,סלט כרוב אדום במיונז אחלה 120 גרם,מיוצר עי קונדיטוריית,,כרוב אדום אישי אחלה,יחידה,1,יחידה,false,0.0000,5.9,5.9000,false,1,
7290103408206,false,עלי חסה ערבית שטופים שטראוס 250 גרם,שטראוס בריאות ירקות טריי,,חסה רומית נספק שטראוס,יחידה,1,יחידה,false,0.0000,11.9,11.9000,false,1,
7290103701017,false,נייר אפיה נשלף טאצ 50 יחידות כשלפ,"שניב תעשיות נייר בע""",,"נייר אפיה (50 יח') ""פאצ'""",יחידה,1,יחידה,false,24.0000,10.9,10.9000,false,1,
7290103704155,false,נייר מגבת טאצ' 6 גלילים מהדורת 2021,"שניב תעשיות נייר בע""",,"שישיית מגבות נייר ""טאצ'""",יחידה,1,יחידה,false,1.0000,11.9,11.9000,false,1,
7290103704162,false,נייר טואלט טאצ' 32 גלילים מהדורה 2021,"שניב תעשיות נייר בע""",,נייר טואלט טאצ' 32 גלילים מהדורה 2021,יחידה,1,יחידה,false,0.0000,37.9,37.9000,false,1,
7290103704650,false,שישיית מגבות נייר כדור פורח,שניב תעשיות נייר,,שישיית מגבת נייר כדור פורח,יחידה,1,יחידה,false,1.0000,12.9,12.9000,false,1,
7290104061417,false,סלט חומוס עם טחינה אחלה 400 גרם,"שטראוס גרופ בע""\מ",,חומוס עם טחינה 400 ג' אחלה,יחידה,1,יחידה,false,0.0000,12.9,12.9000,false,1,
7290104061431,false,סלט חומוס עם צנובר אחלה 400 גרם,"שטראוס גרופ בע""\מ",,חומוס עם צנובר 400 ג' אחלה,יחידה,1,יחידה,false,0.0000,12.9,12.9000,false,1,
7290104061448,false,סלט חומוס עם חריף אחלה 400 גרם,מיוצר עי קונדיטוריית,,חומוס עם חריף 400 ג' אחלה,יחידה,1,יחידה,false,0.0000,12.9,12.9000,false,1,
7290104064012,false,חטיף פסק זמן GOOD שוקולד לבן גוד 36 גרם,שולן צ'יקולטה גידה ס,,2GOOD פסק זמן,יחידה,1,יחידה,false,20.0000,5.5,5.5000,false,1,
7290104065934,false,עלי רוקט שטראוס 150 גרם,שטראוס בריאות ירקות טריי,,ביבי רוקט שטראוס,יחידה,1,יחידה,false,0.0000,12.9,12.9000,false,1,
7290104067679,false,סלט טחינה אחלה 400גר,מיוצר עי קונדיטוריית,,סלט טחינה 400 ג' אחלה,יחידה,1,יחידה,false,0.0000,11.9,11.9000,false,1,
7290104067693,false,אחלה חומוס עם חריף 150 גרם,מיוצר עי קונדיטוריית,,חומוס עם חריף 150 ג' אחלה,יחידה,1,יחידה,false,0.0000,5.9,5.9000,false,1,
7290104500572,false,אפרופו חטיף תירס איטליאנו אסם 50 גרם,מיוצר עי קונדיטוריית,,אפרופו איטליאנו 50 גרם,יחידה,1,יחידה,false,36.0000,5.5,5.5000,true,1,
7290104501661,false,אינסטנט פודינג בטעם וניל צרפתי אסם 80 גרם,מיוצר עי קונדיטוריית,,אסם פודינג בטעם וניל צרפתי 80 גרם,יחידה,1,יחידה,false,12.0000,6.9,6.9000,false,1,
7290104721953,false,לקט מסולסלים ירקות שטראוס 350 גרם,שטראוס בריאות ירקות טריי,,לקט מסולסלים 350 גר שטראוס,יחידה,1,יחידה,false,0.0000,13.9,13.9000,false,1,
7290104722530,false,תפוצ'יפס בטעם שמנת בצל עלית 200 גרם,"שטראוס פריטו ליי בע""\מ )",,תפוצ'יפס בטעם שמנת בצל 200 ג',יחידה,1,יחידה,false,12.0000,14,14.0000,false,1,
7290104728310,false,"שמנת מתוקה עמידה 38% שומן ""יטבתה"" -מוצר בפיקוח",שטראוס גרופ,,"שמנת מתוקה עמידה 38% שומן ""יטבתה"" -מוצר בפיקוח",יחידה,1,יחידה,false,0.0000,6.47,6.4700,false,1,
7290104729003,false,שמן זית כתית יד מרדכי 750 גרם [מוצר מדבקה],מכוורת יד מרדכי שטרא,,"שמן זית כתית מעולה 750 מ""ל יד מרדכי",יחידה,1,יחידה,false,9.0000,39.9,39.9000,false,1,
7290105360328,false,קפסולות אספרסו חזק למכונות נספרסו 10 יח',הנסיך- מפעל לייצור ט,,קפסולות למכונת קפה אספרסו חזק,יחידה,1,יחידה,false,0.0000,19.9,19.9000,true,1,
7290105362339,false,"שמנת לבישול 15% 250 מ""ל יטבתה מהדרין",שטראוס גרופ,,שמנת לבישול 15% מהדרין,יחידה,1,יחידה,false,0.0000,8.9,8.9000,false,1,
7290105363602,false,מקלות כיף כף קלאסי עלית 40 גרם,שולן צ'\יקולטה גידה סאן.,,כיף-כף מקלות שוקולד,יחידה,1,יחידה,false,8.0000,6.5,6.5000,true,1,
=======
7290101113447,false,עשירייה גלידל מיני קסטה בטעמי שוקו ווניל 270 ג' פלדמן,פלקו בעמ חברה ישראלית,,עשירייה גלידל מיני קסטה בטעמי שוקו ווניל,יחידה,1,יחידה,false,9.0000,34.9,34.9000,false,1,
7290101113638,false,מאגדת סנקור שוקו וניל שמינייה,פלקו בעמ חברה ישראלית,,מאגדת סנקור ארוך 8 יח',יחידה,1,יחידה,false,9.0000,39.9,39.9000,false,1,
7290101113768,false,מאגדת שלגון עוגיות ושוקולד חלב רביעיה * 50 ג' יולו,פלקו בעמ חברה ישראלית,,מאגדת (4) שלגון יולו עוגיות ש.חלב,יחידה,1,יחידה,false,6.0000,19.9,19.9000,false,1,
7290101450900,false,נרות ג'מבו כוכבים ממ,שמחה זה אנחנו,,נר ג'מבו לבבות,יחידה,1,יחידה,false,0.0000,10,10.0000,false,1,
7290101454137,false,נרות קסם,,,נרות קסם,יחידה,1,יחידה,false,0.0000,8,8.0000,false,1,
7290101551027,false,קפסולות קפה אספרסו חזק במיוחד 14 עלית 10 יח',הנסיך- מפעל לייצור ט,,קפסולות 14 למכונת נספרסו,יחידה,1,יחידה,false,0.0000,19.9,19.9000,true,1,
7290101551300,false,סילאן טבעי ללא תוספת סוכר בקבוק לחיץ,מכוורת יד מרדכי שטראוס ב,,סילאן טבעי לחיץ 380 גרם,יחידה,1,יחידה,false,0.0000,17.9,17.9000,true,1,
7290101551539,false,יוגורט PRO בטעם אפרסק 0% 20 גרם חלבון בגביע,שטראוס גרופ בעמ/מצונן,,דנונה פרו 20 אפרסק,יחידה,1,יחידה,false,0.0000,6.9,6.9000,true,1,
7290101865261,false,נוזל הברקה למדיח כלים פיניש (800 מל),רקיט בנקיזר (ניר איסט) בעמ,,"פיניש נוזל הברקה 800 מ""ל",יחידה,1,יחידה,false,0.0000,28,28.0000,false,1,
7290101866633,false,וניש קליה גל להסרת כתמים 3 ליטר אוקסיפרש,רקיט בנקיזר (ניר איסט) בעמ,,וניש קליה ג'ל 3 ליטר מסיר כתמים,יחידה,1,יחידה,false,0.0000,39.9,39.9000,false,1,
7290101869702,false,ג`ל למדיח כלים All in 1 פיניש (600 מל),רקיט בנקיזר (ניר איסט) בעמ,,"פיניש AIO ג'ל 600 מ""ל",יחידה,1,יחידה,false,0.0000,34.9,34.9000,false,1,
7290102006441,false,זר יום הולדת לראש עם פרחים לבן 1 יחידה,שמחה זה אנחנו,,זר יומולדת צבעוני,יחידה,1,יחידה,false,0.0000,18,18.0000,false,1,
7290102030330,false,תפוצ`יפס אקסטרא מקסיקני 200 גרם +20 תו,"שטראוס פריטו ליי בע""\מ )",,חטיף צ'יפס קראנצ' מקסיקני 200 ג',יחידה,1,יחידה,false,12.0000,14,14.0000,false,1,
7290102032334,false,אבקה להכנת משקה קפה בטעם וניל,שטראוס קפה בי.וי,,קפה נמס בפעם וניל 200 ג',יחידה,1,יחידה,false,6.0000,31.9,31.9000,false,1,
7290102300822,false,גבינת צ`דר אנגלית כתומה 200 גרם,דאולי צ'יסמייקרס,,"צ'דר כתום, 200 גרם",יחידה,1,יחידה,false,0.0000,26.9,26.9000,true,1,
7290102302246,false,גבינת גאודה הולנדית 200 גרם,מיוצר עי קונדיטוריית,,"גאודה מילד, 200 גרם",יחידה,1,יחידה,false,0.0000,34.9,34.9000,true,1,
7290102302260,false,גבינת גרנה פדנו 200 גרם,הנסיך- מפעל לייצור ט,,"גרנה פדנו, 200 גרם",יחידה,1,יחידה,false,0.0000,35.9,35.9000,false,1,
7290102390427,false,יוגורט ביו עם קציפת תות 3% שומן 150 ג' מולר,החברה המרכזית טלהפצת משקאות בע,,יוגורט פרופ עם קציפת תות 3%,יחידה,1,יחידה,false,0.0000,5.5,5.5000,true,1,
7290102390465,false,יוגורט ביו עם קציפת אפרסק ופסיפלורה 3% שומן 150 ג' מולר,החברה המרכזית טלהפצת משקאות בע,,יוגורט פרופ עם קציפת אפרסק ופסיפלורה 3%,יחידה,1,יחידה,false,0.0000,5.5,5.5000,true,1,
7290102390489,false,יוגורט ביו עם קציפת לימון 3% שומן 150 ג' מולר,החברה המרכזית טלהפצת משקאות בע,,יוגורט פרופ עם קציפת לימון 3%,יחידה,1,יחידה,false,0.0000,5.5,5.5000,true,1,
7290102391844,false,יוגורט ביו עם קציפת פירות יער3% שומן 150 ג' מולר,החברה המרכזית טלהפצת משקאות בע,,יוגורט פרופ עם קציפת פירות יער 3%,יחידה,1,יחידה,false,0.0000,5.5,5.5000,true,1,
7290102392094,false,חלב עיזים 3.7% בקרטון משק צוריאל 1 ליטר,החברה המרכזית טלהפצת משקאות בע,,חלב עיזים מלא משק צוריאל 4.1%,יחידה,1,יחידה,false,0.0000,17.9,17.9000,false,1,
7290102393039,false,"יוגורט ביו קרמי מיקס פצפוצי שוקולד 7.6% מולר 170 מ""ל",החברה המרכזית טלהפצת משקאות בע,,יוגורט 'Muller mix בתוספת פצפוצים,יחידה,1,יחידה,false,0.0000,6.2,6.2000,true,1,
7290102393060,false,"יוגורט ביו קרמי מיקס גלילי ופל ואגוזים 5.9% מולר 170 מ""ל",*החברה המרכזית להפצת משקאותבעמ,,יוגורט 'Muller mix בתוספת גליליות,יחידה,1,יחידה,false,0.0000,6.2,6.2000,true,1,
7290102393169,false,"יוגורט סימפלי פרוט בטעם תות 3% מולר 150 מ""ל",*החברה המרכזית להפצת משקאותבעמ,,יוגורט סימפלי פרוט תות שדה 3%,יחידה,1,יחידה,false,0.0000,5.1,5.1000,false,1,
7290102393176,false,סימפלי פרוט יוגורט אפרסק 3% שומן 150 ג' מולר,*החברה המרכזית להפצת משקאותבעמ,,יוגורט סימפלי פרוט אפרסק 3%,יחידה,1,יחידה,false,0.0000,5.1,5.1000,false,1,
7290102393190,false,"יוגורט סימפלי פרוט בטעם פירות יער 3% מולר 150 מ""ל",*החברה המרכזית להפצת משקאותבעמ,,יוגורט סימפלי פרוט פירות יער 3%,יחידה,1,יחידה,false,0.0000,5.1,5.1000,false,1,
7290102393299,false,יוגורט עיזים לשתייה 3% משק צוריאל 500 גרם,*החברה המרכזית להפצת משקאותבעמ,,יוגורט עיזים לשתייה,יחידה,1,יחידה,false,0.0000,13.9,13.9000,false,1,
7290102393848,false,יוגורט עיזים 2.4% עם תות משק צוריאל 150 גרם,*החברה המרכזית להפצת משקאותבעמ,,"יוגרוט עיזים עם תות ""מ.צוריאל""",יחידה,1,יחידה,false,0.0000,6.5,6.5000,false,1,
7290102393855,false,יוגורט עיזים 2.5% עם אפרסק משק צוריאל 150 גרם,*החברה המרכזית להפצת משקאותבעמ,,יוגורט עיזים BIO אפרסק,יחידה,1,יחידה,false,0.0000,6.5,6.5000,false,1,
7290102393947,false,סימפלי פרוט יוגורט בטעם קיווי 3% שומן 150 ג' מולר,*החברה המרכזית להפצת משקאותבעמ,,יוגורט סימפלי פרוט קיווי 3%,יחידה,1,יחידה,false,0.0000,5.1,5.1000,false,1,
7290102394463,false,נעם גבינה צהובה פרוסה ואקום 28% טרה 500 גרם,החברה המרכזית טלהפצת משקאות בע,,גבינה צהובה נעם 28%,יחידה,1,יחידה,false,16.0000,33.9,33.9000,false,1,
7290102394821,false,גבינה צהובה 28% דק דק לפתיחה חוזרת 200,החברה המרכזית טלהפצת משקאות בע,,גבינה צהובה נעם דקה דקה 28%,יחידה,1,יחידה,false,36.0000,17.9,17.9000,true,1,
7290102394845,false,נעם גבינה צהובה לייט פרוסה דק דק 9% טרה 200 גרם,החברה המרכזית טלהפצת משקאות בע,,גבינה צהובה נעם דקה דקה 9%,יחידה,1,יחידה,false,36.0000,18.9,18.9000,true,1,
7290102395224,false,שמיניית יוגורט ביו ביאנקו 1.7% מולר 150 גרם,החברה המרכזית טלהפצת משקאות בע,,יוגורט מולר ביו לבן  1.7%מאגדת שמינייה,יחידה,1,יחידה,false,0.0000,18,18.0000,false,1,
7290102395231,false,שמיניית יוגורט ביו ביאנקו 2.8% מולר 150 גרם,*החברה המרכזית להפצת משקאותבעמ,,מארז יוגורט ביו 2.8% מולר,יחידה,1,יחידה,false,0.0000,18,18.0000,false,1,
7290102396665,false,צהובה פרוסות דקדק פתח סגור 15% 200 גר`,החברה המרכזית טלהפצת משקאות בע,,גבינה צהובה נעם דקה דקה 15%,יחידה,1,יחידה,false,0.0000,17.9,17.9000,true,1,
7290102397204,false,"גבנ""צ דק דק נעם פתיחה חוזרת 22% 200 גרם",*החברה המרכזית להפצת משקאותבעמ,,גבינה צהובה נעם דקה דקה 22%,יחידה,1,יחידה,false,0.0000,17.9,17.9000,true,1,
7290102397464,false,יוגורט ביו בתוספת גרעינים אגוזים וחמוציות 170 ג' מולר,החברה המרכזית טלהפצת משקאות בע,,"מולר נטורל + פקאן, גרעינים וחמוציות",יחידה,1,יחידה,false,0.0000,6.2,6.2000,true,1,
7290102397600,false,מיקס יוגורט בתוספת שקדים ובוטנים מקורמלים 170 ג' מולר,החברה המרכזית טלהפצת משקאות בע,,יוגורט Muller mix בתוספת שקדים ובוטנים,יחידה,1,יחידה,false,0.0000,6.2,6.2000,true,1,
7290102397617,false,יוגורט ביו קרמי עם כדורים מצופים שוקולד חום לבן,החברה המרכזית טלהפצת משקאות בע,,יוגורט Muller mix בתוספת קליק,יחידה,1,יחידה,false,0.0000,6.2,6.2000,true,1,
7290102397730,false,פרוסות גבינה אמנטל חצי קשה 30% שומן 200 ג' נעם,החברה המרכזית טלהפצת משקאות בע,,גבינת אמנטל נעם 30%,יחידה,1,יחידה,false,0.0000,18.9,18.9000,false,1,
7290102397747,false,פרוסות גבינת מוצרלה נעם מחלב בקר 22%,החברה המרכזית טלהפצת משקאות בע,,גבינה מוצרלה נעם 22%,יחידה,1,יחידה,false,0.0000,19.9,19.9000,false,1,
7290102397891,false,גבינה ניו יורק מותכת %16 4*25 גרם,החברה המרכזית טלהפצת משקאות בע,,גבינה מותכת משק צוריאל,יחידה,1,יחידה,false,0.0000,7.5,7.5000,false,1,
7290102398331,false,חלב מועשר דל לקטוז 2% שומן טרה 1 ליטר,החברה המרכזית טלהפצת משקאות בע,,חלב מועשר דל לקטוז,יחידה,1,יחידה,false,0.0000,8.9,8.9000,true,1,
7290102398560,false,משקה שוקו מועשר בבקבוק 1 ליטר טרה,החברה המרכזית טלהפצת משקאות בע,,שוקו טרה בבקבוק,יחידה,1,יחידה,false,0.0000,14.9,14.9000,false,1,
7290102399635,false,"מולר פרופ יוגורט ביו עם קציפת קוקוס ואננס 150 מ""ל",החברה המרכזית טלהפצת משקאות בע,,יוגורט bio עם קציפת קוקוס ואננס 4.1% שומן,00000,1,00000,false,0.0000,5.5,5.5000,true,1,
7290102399796,false,מעדן יוגורט לבן מועשר בחלבון 200 ג' מולר אקטיב,החברה המרכזית טלהפצת משקאות בע,,מולר אקטיב יוגורט לבן 25 גרם חלבון,00000,1,00000,false,0.0000,6.5,6.5000,false,1,
7290103400194,false,כרוב לבן 400 ג בדצ ירקות שטראוס טעם הטבע,שטראוס בריאות ירקות טריי,,כרוב לבן קצוץ,יחידה,1,יחידה,false,24.0000,11.9,11.9000,false,1,
7290103400255,false,סלט קולסלאו 400 ג בדצ ירקות שטראוס טעם ה,שטראוס בריאות ירקות טריי,,קולסלאו,יחידה,1,יחידה,false,0.0000,11.9,11.9000,false,1,
7290103404758,false,סלט כרוב אדום במיונז אחלה 120 גרם,שטראוס גרופ בעמ/מצונן,,כרוב אדום אישי אחלה,יחידה,1,יחידה,false,0.0000,5.9,5.9000,false,1,
7290103408206,false,עלי חסה ערבית שטופים 250 גר טעם הטבע,שטראוס בריאות ירקות טריי,,חסה רומית נספק שטראוס,יחידה,1,יחידה,false,0.0000,11.9,11.9000,false,1,
7290103701017,false,נייר אפיה נשלף טאצ 50 יחידות כשלפ,שניב תעשיות נייר בעמ,,"נייר אפיה (50 יח') ""פאצ'""",יחידה,1,יחידה,false,24.0000,10.9,10.9000,false,1,
7290103704155,false,נייר מגבת טאצ' 6 גלילים מהדורת 2021,שניב תעשיות נייר בעמ,,"שישיית מגבות נייר ""טאצ'""",יחידה,1,יחידה,false,1.0000,11.9,11.9000,false,1,
7290103704162,false,נייר טואלט טאצ' 32 גלילים מהדורה 2021,שניב תעשיות נייר בעמ,,נייר טואלט טאצ' 32 גלילים מהדורה 2021,יחידה,1,יחידה,false,0.0000,37.9,37.9000,false,1,
7290103704650,false,שישיית מגבות נייר כדור פורח,שניב תעשיות נייר בעמ,,שישיית מגבת נייר כדור פורח,יחידה,1,יחידה,false,1.0000,12.9,12.9000,false,1,
7290104061417,false,סלט חומוס עם טחינה אחלה 400 גרם,שטראוס גרופ בעמ/מצונן,,חומוס עם טחינה 400 ג' אחלה,יחידה,1,יחידה,false,0.0000,12.9,12.9000,false,1,
7290104061431,false,סלט חומוס עם צנובר אחלה 400 גרם,שטראוס גרופ בעמ/מצונן,,חומוס עם צנובר 400 ג' אחלה,יחידה,1,יחידה,false,0.0000,12.9,12.9000,false,1,
7290104061448,false,סלט חומוס עם חריף אחלה 400 גרם,שטראוס גרופ בעמ/מצונן,,חומוס עם חריף 400 ג' אחלה,יחידה,1,יחידה,false,0.0000,12.9,12.9000,false,1,
7290104064012,false,חטיף פסק זמן GOOD שוקולד לבן גוד 36 גרם,שולן צ'יקולטה גידה ס,,2GOOD פסק זמן,יחידה,1,יחידה,false,20.0000,5.5,5.5000,false,1,
7290104065934,false,עלי רוקט שטראוס 150 גר`-טעם הטבע,שטראוס בריאות ירקות טריי,,ביבי רוקט שטראוס,יחידה,1,יחידה,false,0.0000,12.9,12.9000,false,1,
7290104067679,false,סלט טחינה אחלה 400גר,שטראוס גרופ בעמ/מצונן,,סלט טחינה 400 ג' אחלה,יחידה,1,יחידה,false,0.0000,11.9,11.9000,false,1,
7290104067693,false,חומוס אחלה עם תוספת חריף 150 גר,שטראוס גרופ בעמ/מצונן,,חומוס עם חריף 150 ג' אחלה,יחידה,1,יחידה,false,0.0000,5.9,5.9000,false,1,
7290104500572,false,אפרופו חטיף תירס איטליאנו אסם 50 גרם,קבוצת אוסם סחר-שות.מוגבלת,,אפרופו איטליאנו 50 גרם,יחידה,1,יחידה,false,36.0000,5.5,5.5000,true,1,
7290104501661,false,אינסטנט פודינג בטעם וניל צרפתי אסם 80 גרם,קבוצת אוסם סחר-שות.מוגבלת,,אסם פודינג בטעם וניל צרפתי 80 גרם,יחידה,1,יחידה,false,12.0000,6.9,6.9000,false,1,
7290104721953,false,לקט מסולסלים 350 גרם שטראוס טעם הטבע,שטראוס בריאות ירקות טריי,,לקט מסולסלים 350 גר שטראוס,יחידה,1,יחידה,false,0.0000,13.9,13.9000,false,1,
7290104722530,false,תפוצ'יפס בטעם שמנת בצל עלית 200 גרם,"שטראוס פריטו ליי בע""\מ )",,תפוצ'יפס בטעם שמנת בצל 200 ג',יחידה,1,יחידה,false,12.0000,14,14.0000,false,1,
7290104728310,false,"שמנת מתוקה עמידה 38% שומן ""יטבתה"" -מוצר בפיקוח",שטראוס גרופ בעמ/מצונן,,"שמנת מתוקה עמידה 38% שומן ""יטבתה"" -מוצר בפיקוח",יחידה,1,יחידה,false,0.0000,6.47,6.4700,false,1,
7290104729003,false,שמן זית כתית יד מרדכי 750 גרם [מוצר מדבקה],מכוורת יד מרדכי שטרא,,"שמן זית כתית מעולה 750 מ""ל יד מרדכי",יחידה,1,יחידה,false,9.0000,39.9,39.9000,false,1,
7290105360328,false,קפסולות אספרסו חזק למכונות נספרסו 10 יח',הנסיך- מפעל לייצור ט,,קפסולות למכונת קפה אספרסו חזק,יחידה,1,יחידה,false,0.0000,19.9,19.9000,true,1,
7290105362339,false,"שמנת לבישול 15% 250 מ""ל יטבתה מהדרין",שטראוס גרופ בעמ/מצונן,,שמנת לבישול 15% מהדרין,יחידה,1,יחידה,false,0.0000,8.9,8.9000,false,1,
7290105363602,false,מקלות כיף כף קלאסי עלית (40 גרם),שולן צ'\יקולטה גידה סאן.,,כיף-כף מקלות שוקולד,יחידה,1,יחידה,false,8.0000,6.5,6.5000,true,1,
>>>>>>> d048ac2f4f281c9d788043ab4e81b61b0dbe3743
7290105364302,false,"עלית חטיף שוקולד כיף כף מקלות אגוזים, 40 גרם",שולן צ'\יקולטה גידה סאן.,,כיף כף מקלות אגוזים,יחידה,1,יחידה,false,8.0000,6.5,6.5000,true,1,
7290105366047,false,טחינה לבנה אחלה (400 גרם),שטראוס גרופ בעמ/מצונן,,טחינה לבנה 400 ג' אחלה,יחידה,1,יחידה,false,6.0000,16.9,16.9000,false,1,
7290105366993,false,סימפוניה גבינת שמנת פלפל שיפקה 5% שטראוס 200 גרם,שטראוס גרופ בעמ/מצונן,,סימפוניה בטעם פלפל שיפקה חריף 200 ג',יחידה,1,יחידה,false,0.0000,12.9,12.9000,false,1,
7290105368904,false,"שמנת מתוקה להקצפה 32% שומן 250 מ""ל יוטבתה",שטראוס גרופ בעמ/מצונן,,שמנת מתוקה 32%,יחידה,1,יחידה,false,24.0000,8.2,8.2000,false,1,
7290105369130,false,סימפוניה גבינת שמנת בצל ירוק 5% שטראוס 200 גרם,שטראוס גרופ בעמ/מצונן,,גבינת סימפוניה בטעם בצל ירוק,יחידה,1,יחידה,false,12.0000,12.9,12.9000,false,1,
7290105439499,false,מאסטר שף מאסטר שף מיונז 480 גר כשלפ,רמיה סי.וי. הולנד,,מאסטר שף מאסטר שף מיונז 480 גר כשלפ,יחידה,1,יחידה,false,0.0000,12.9,12.9000,false,1,
7290105439581,false,מנה מאסטר שף חרדל דיזיון צרפתי 370 גר,רמיה סי.וי.הולנד,,מאסטר שף חרדל דיז'ון 370 גר כשלפ,יחידה,1,יחידה,false,0.0000,12.9,12.9000,false,1,
<<<<<<< HEAD
7290105691224,false,אסם חטיפי פריכונים טורטייה שום בצל 60 גרם,"פרח תעשיות מזון בע""מ.",,אסם חטיפי פריכונים טורטייה שום בצל 60 גרם,יחידה,1,יחידה,false,12.0000,8.9,8.9000,false,1,
7290105691248,false,אסם חטיפי פריכונים טורטייה תירס 60 גרם,"פרח תעשיות מזון בע""מ.",,אסם חטיפי פריכונים טורטייה תירס 60 גרם,יחידה,1,יחידה,false,12.0000,8.9,8.9000,false,1,
7290105691712,false,אסם עוגיות הפסקת קפה דגנים מלאים 230 גרם,היינץ צפון אמריקה מק,,אסם עוגיות הפסקת קפה דגנים מלאים 230 גרם,יחידה,1,יחידה,false,12.0000,12.9,12.9000,false,1,
7290105691934,false,קמח שמרים אסם 1 קילו,תאי פרזידנט פוד פאבל,,אסם קמח שמרים 1 קג,יחידה,1,יחידה,false,10.0000,12.5,12.5000,false,1,
7290105693341,false,מארז עשיריית במבה אסם 25*10 גרם,"אסם השקעות בע""\מ",,מארז עשיריית במבה אסם 25*10 גרם,יחידה,1,יחידה,false,15.0000,21.9,21.9000,true,1,
7290105693952,false,פירורית זהב אסם זהב שומשום 200 ג',מיוצר עי קונדיטוריית,,אסם פירורית זהב שומשום 200 גרם,יחידה,1,יחידה,false,12.0000,6.9,6.9000,false,1,
7290105695024,false,פתיתים אפויים אורז עם אטריות אסם 500 גרם,"אסם השקעות בע""\מ",,פתיתים אפויים אורז עם אטריות 500 ג' אסם,יחידה,1,יחידה,false,12.0000,8.9,8.9000,true,1,
7290105695321,false,עוגת הבית בראוניס פאדג' אסם 380 גרם,מיוצר עי קונדיטוריית,,הבית עוגת בראוניס פאדג' 380 גרם,יחידה,1,יחידה,false,8.0000,19.9,19.9000,false,1,
=======
7290105691224,false,אסם חטיפי פריכונים טורטייה שום בצל 60 גרם,קבוצת אוסם סחר-שות.מוגבלת,,אסם חטיפי פריכונים טורטייה שום בצל 60 גרם,יחידה,1,יחידה,false,12.0000,8.9,8.9000,false,1,
7290105691248,false,אסם חטיפי פריכונים טורטייה תירס 60 גרם,קבוצת אוסם סחר שותפות מוגבלת,,אסם חטיפי פריכונים טורטייה תירס 60 גרם,יחידה,1,יחידה,false,12.0000,8.9,8.9000,false,1,
7290105691712,false,אסם עוגיות הפסקת קפה דגנים מלאים 230 גרם,קבוצת אוסם סחר שותפות מוגבלת,,אסם עוגיות הפסקת קפה דגנים מלאים 230 גרם,יחידה,1,יחידה,false,12.0000,12.9,12.9000,false,1,
7290105691934,false,קמח שמרים אסם 1 קילו,קבוצת אוסם סחר שותפות מוגבלת,,אסם קמח שמרים 1 קג,יחידה,1,יחידה,false,10.0000,12.5,12.5000,false,1,
7290105693341,false,מארז עשיריית במבה אסם 25*10 גרם,קבוצת אוסם סחר שותפות מוגבלת,,מארז עשיריית במבה אסם 25*10 גרם,יחידה,1,יחידה,false,15.0000,21.9,21.9000,true,1,
7290105693952,false,פירורית זהב אסם זהב שומשום 200 ג',קבוצת אוסם סחר שותפות מוגבלת,,אסם פירורית זהב שומשום 200 גרם,יחידה,1,יחידה,false,12.0000,6.9,6.9000,false,1,
7290105695024,false,פתיתים אפויים אורז עם אטריות אסם 500 גרם,קבוצת אוסם סחר שותפות מוגבלת,,פתיתים אפויים אורז עם אטריות 500 ג' אסם,יחידה,1,יחידה,false,12.0000,8.9,8.9000,true,1,
7290105695321,false,עוגת הבית בראוניס פאדג' אסם 380 גרם,קבוצת אוסם סחר שותפות מוגבלת,,הבית עוגת בראוניס פאדג' 380 גרם,יחידה,1,יחידה,false,8.0000,19.9,19.9000,false,1,
>>>>>>> d048ac2f4f281c9d788043ab4e81b61b0dbe3743
7290105962980,false,כרוב אדום במיונז 400 ג' אחלה,מיוצר עי קונדיטוריית,,סלט כרוב אדום 400 ג' אחלה,יחידה,1,יחידה,false,0.0000,11.9,11.9000,false,1,
7290105962997,false,חצילים אחלה במיונז 400 גר',שטראוס גרופ ***בעמ,,חציל במיונז 400 ג' אחלה,יחידה,1,יחידה,false,0.0000,11.9,11.9000,false,1,
7290105963000,false,סלט מטבוחה 400 ג' אחלה,מיוצר עי קונדיטוריית,,סלט מטבוחה 400 ג' אחלה,יחידה,1,יחידה,false,0.0000,11.9,11.9000,false,1,
7290105964564,false,חומוס אחלה 400 גרם. שטראוס,שטראוס גרופ בעמ/מצונן,,חומוס 400 ג' אחלה,יחידה,1,יחידה,false,0.0000,10,10.0000,false,1,
7290105965738,false,יוגורט לשתיה בטעם תות בננה267 ג' דנונה,שטראוס גרופ בעמ/מצונן,,משקה בוקר דנונה תות בננה,יחידה,1,יחידה,false,0.0000,5.5,5.5000,false,1,
7290105966469,false,חומץ בלסמי ממודנה יד מרדכי (250 מל),אצטייה ג'וזפה קרמוני,,חומץ בלסמי יד מרדכי,יחידה,1,יחידה,false,12.0000,14.9,14.9000,false,1,
7290106520066,false,"רבע לשבע שוקולד חלב במילוי אגוזים עלית 160 גרם בד""צ","הגביע מוצרי וופלים בע""\מ",,רבע לשבע,יחידה,1,יחידה,false,14.0000,13.9,13.9000,false,1,
<<<<<<< HEAD
7290106520912,false,"שמנת 9% לבישול יטבתה 250 מ""ל מהדרין",שטראוס גרופ,,שמנת לבישול 9% שטראוס,יחידה,1,יחידה,false,0.0000,8.9,8.9000,false,1,
7290106524439,false,"תפוצ'יפס פופס 60 גרם ""עלית""","שטראוס פריטו ליי בע""\מ )",,"תפוצ'יפס פופס 60 גרם ""עלית""",יחידה,1,יחידה,false,0.0000,5,5.0000,false,1,
7290106525368,false,גלילי וופל רבע לשבע אין סייד אוט 125 גר,"הגביע מוצרי וופלים בע""\מ",,רבע לשבע אין סייד אוט 125 ג' עלית,יחידה,1,יחידה,false,14.0000,13.9,13.9000,false,1,
7290106525399,false,קפסולות 06 ברזיל למכונות נספרסו עלית 10יח',הנסיך- מפעל לייצור ט,,"6 קפסולות ברזיל ""עלית""",יחידה,1,יחידה,false,0.0000,19.9,19.9000,true,1,
7290106525405,false,קפסולות למכונת נספרסו נטול קפאין,שטראוס קפה בי.וי.,,קפסולות למכונת קפה נטול,יחידה,1,יחידה,false,0.0000,19.9,19.9000,true,1,
7290106528567,false,"דוריטוס גריל 185 גרם ""עלית""","שטראוס פריטו ליי בע""\מ )",,"דוריטוס גריל 185 גרם ""עלית""",יחידה,1,יחידה,false,0.0000,9.9,9.9000,false,1,
7290106528628,false,"דוריטוס טבעי 185 גרם ""עלית""","שטראוס פריטו ליי בע""\מ )",,"דוריטוס טבעי 185 גרם ""עלית""",יחידה,1,יחידה,false,0.0000,9.9,9.9000,false,1,
7290106528949,false,לקט ערוגות 450 גרם שטראוס,שטראוס בריאות ירקות טריי,,סלט ערוגות 450 גר שטראוס,יחידה,1,יחידה,false,0.0000,14.9,14.9000,false,1,
7290106571792,false,קרחון ענבים ויטמנציק נסטלה,גלידות נסטלה )נגה גלידות,,ויטמינציק קרחון ענבים,00000,1,00000,false,0.0000,3,3.0000,false,1,
7290106571921,false,עוגיות פיטנס עוגיות חמוציות 180 גר',מיוצר עי קונדיטוריית,,עוגיות בטעם חמוציות 180 ג' פיטנס,יחידה,1,יחידה,false,12.0000,13.5,13.5000,false,1,
7290106572027,false,אוסם - לחמית חמישה דגנים 190 גרם,"אסם השקעות בע""\מ",,לחמית חמישה דגנים 190 גרם,יחידה,1,יחידה,false,12.0000,9.9,9.9000,true,1,
7290106574120,false,שלגון שרבט סוכריות גומיגם נסטלה 90 גרם,גלידות נסטלה )נגה גלידות,,גומיגם,יחידה,1,יחידה,false,0.0000,6,6.0000,false,1,
7290106574953,false,בייגלה שטוחים כעכים שטוחים עם שומשום,מיוצר עי קונדיטוריית,,בייגלה שטוחים עם שומשום 300 ג' אסם,יחידה,1,יחידה,false,12.0000,13.9,13.9000,true,1,
7290106574977,false,בייגלה שטוחים כעכים שטוחים עם מלח,מיוצר עי קונדיטוריית,,בייגלה שטוחים עם מלח 300 ג' אסם,יחידה,1,יחידה,false,12.0000,13.9,13.9000,true,1,
7290106576513,false,סלט חומוס צבר 400 גר,סלטי צבר,,"חומוס צבר 400 ג""ר",יחידה,1,יחידה,false,12.0000,12.9,12.9000,false,1,
7290106576810,false,גלידה לה קרמריה ריבת חלב 1.4 ל' נסטלה,לה קרמריה- נסטלה,,לה קרמריה ריבת חלב,יחידה,1,יחידה,false,6.0000,22.9,22.9000,false,1,
7290106576971,false,גלידה לה קרמריה שוקולד בלגי 1.4 ל' נסטלה,תות תעשיות מזון (201,,לה קרמריה שוקו בלגי,יחידה,1,יחידה,false,6.0000,22.9,22.9000,false,1,
7290106578692,false,ביסלי במבה מיקס מהדורת אליפות אסם 80 גרם,פרו מן יו פתרונות אר,,ביסלי במבה מיקס אסם,יחידה,1,יחידה,false,36.0000,6.9,6.9000,true,1,
7290106578821,false,עוגת הבית שמרים קלאסית שוקולד אסם 350 גרם,מיוצר עי קונדיטוריית,,עוגת שמרים קלאסית בטעם שוקולד 350 ג' אסם,יחידה,1,יחידה,false,8.0000,19.9,19.9000,false,1,
7290106650930,false,קפה טורקי עלית שקית 85 גרם,שטראוס קפה בי.וי.,,קפה טורקי עלית שקית 85 גרם,יחידה,1,יחידה,false,0.0000,9,9.0000,false,1,
7290106653504,false,סבבה בוטנים אמריקאים ברביקיו 50 גרם,"שטראוס פריטו ליי בע""",,בוטנים סבבה בטעם ברביקיו,יחידה,1,יחידה,false,0.0000,2.5,2.5000,false,1,
7290106653689,false,לקט לסלט אסייתי שטראוס 350 גרם,שטראוס בריאות ירקות טריי,,לקט לסלט אסייאתי 350 גר,יחידה,1,יחידה,false,0.0000,15.9,15.9000,false,1,
7290106658479,false,עלית וופל בטעם טורטית אגוזים 360גר,"שטראוס גרופ בע""\מ",,"חטיף טורטית ""עלית""",יחידה,1,יחידה,false,4.0000,5,5.0000,false,1,
7290106662025,false,תפוציפס טבעי מלח ופלפל 50 גרם,"שטראוס פריטו ליי בע""",,תפוציפס טבעי מלח פלפל 50 גר',יחידה,1,יחידה,false,0.0000,5,5.0000,false,1,
7290106663121,false,"עוגה אישית במילוי קרם חלב ""מילקי קייק"" שטראוס",בובארד איטליה אס.פי.איי,,"עוגה אישית במילוי קרם חלב ""מילקי קייק"" שטראוס",יחידה,1,יחידה,false,0.0000,3.5,3.5000,false,1,
7290106663183,false,צ'יטוס חטיף טעם גבינה 65ג,שטראוס גרופ,,"ציטוס צ'דר 65 גר' ""עלית""",יחידה,1,יחידה,false,0.0000,5,5.0000,false,1,
7290106664555,false,"רוטב שמנת עם עגבניות 9% שומן 250 מ""ל יוטבתה",שטראוס גרופ,,"רוטב שמנת עם עגבניות 9% ""יטבתה""",יחידה,1,יחידה,false,0.0000,11.9,11.9000,true,1,
7290106664562,false,רוטב שמנת עם פטריות 9% שומן 258 ג' יוטבתה,שטראוס גרופ,,"רוטב שמנת עם פטריות ""יטבתה""",יחידה,1,יחידה,false,0.0000,11.9,11.9000,true,1,
7290106667266,false,"דוריטוס חמוץ חריף 185 גרם ""עלית""","שטראוס פריטו ליי בע""\מ )",,"דוריטוס חמוץ חריף 185 גרם ""עלית""",יחידה,1,יחידה,false,0.0000,9.9,9.9000,false,1,
7290106721920,false,צנצנת מסטיק מאסט בטעם ספירמינט עדין 66 ג' עלית,"שטראוס גרופ בע""\מ.",,"מסטיק ספירמינט צ'יקליט צנצנת ""מאסט""",יחידה,1,יחידה,false,0.0000,10,10.0000,true,1,
7290106723689,false,עלי תרד בייבי שטראוס 200 גרם,שטראוס בריאות ירקות טריי,,עלי תרד בייבי 200 גר שטראוס,יחידה,1,יחידה,false,0.0000,13.9,13.9000,false,1,
7290106770577,false,גרוסליין- בלגה ממרח חלבה 350 גרם.,"אלמונדס בע""מ",,ממרח חלבה פרווה (350 גרם),יחידה,1,יחידה,false,0.0000,13.9,13.9000,false,1,
7290106774315,false,שוקולד לבן לאפיה אלמ,"אלמונדס בע""מ",,שוקולד לבן 500 גרם,יחידה,1,יחידה,false,0.0000,39.9,39.9000,false,1,
7290107280761,false,נוזל לניקוי כלים בניחוח לימון רענן סנו ספארק Spark,מיוצר עי קונדיטוריית,,"ספארק נוזל כלים+משאבה ""סנו""",יחידה,1,יחידה,false,0.0000,14.9,14.9000,false,1,
7290107645591,false,אבקת מרק בטעם עוף 100% רכיבים טבעיים 400 גרם,יוניליוור ישראל מזון בע\,,מרק בטעם עוף 100% רכיבים טבעיים,יחידה,1,יחידה,false,6.0000,18.9,18.9000,false,1,
7290107646376,false,סיף מטליות לחות לניקוי כללי בניחוח לימון,עלבד משואות יצחק בעמ,,"מגבונים לניקוי כללי בניוחו לימון ""סיף""",יחידה,1,יחידה,false,18.0000,10.9,10.9000,false,1,
7290107647649,false,"סולרו פרוט בוסט יחידתי קוקוס אננס 89מ""ל","גלידת שטראוס בע""\מ",,קרחון שרבט פרווה קוקוס אננס,יחידה,1,יחידה,false,30.0000,8,8.0000,false,1,
7290107647656,false,סולרו פרוט בוסט - קוקוס אננס (פרווה),"מיוצר ע""\י גלידת שטראוס",,קרחון פרווה קוקוס אננס,יחידה,1,יחידה,false,5.0000,27,27.0000,false,1,
7290107647731,false,קוקומן חום לבן בטעם שוקולד ווניל,יוניליוור ישראל מזון בעמ,,"קוקומן חום לבן 375 גרם ""תלמה""",יחידה,1,יחידה,false,12.0000,22.9,22.9000,false,1,
7290107647816,false,"דגני ברנפלקס ללא תוספת סוכר 500 גרם בד""צ",יוניליוור ישראל מזון בעמ,,ברנפלקס ללא תוס סוכר 500ג בדץ,יחידה,1,יחידה,false,12.0000,24.9,24.9000,false,1,
7290107649681,false,טילון פסק זמן - נוגט קראנץ',"מיוצר ע""\י גלידת שטראוס",,קורנטו פסק זמן,00000,1,00000,false,24.0000,10,10.0000,false,1,
7290107649780,false,שלגון שוקובו שוקו 85,"מיוצר ע""\י גלידת שטראוס",,שוקובו חום,00000,1,00000,false,36.0000,10,10.0000,false,1,
7290107870047,false,טילון אקסטרים115-120 גרם ענק נסטלה 120 גרם,תות תעשיות מזון (201,,"אקסטרים ענק בראוניז ""נסטלה""",יחידה,1,יחידה,false,0.0000,10,10.0000,false,1,
7290107871532,false,מאגדת קרחוני מלון דובדבן נסטלה 10 יחידות,גלידות נסטלה )נגה גלידות,,"עשיריית קרחונים דובדבן מלון ""נסטלה""",יחידה,1,יחידה,false,0.0000,19.9,19.9000,false,1,
7290107871990,false,"פסטה צינורות 500 גרם ""אסם""",פסטה זארה,,"פסטה צינורות 500 גרם ""אסם""",יחידה,1,יחידה,false,12.0000,7.9,7.9000,true,1,
7290107879569,false,קרחון לה פרוטה שרבט מנגו מאגדת 5יח',גלידות נסטלה )נגה גלידות,,מאגדת לה פרוטה מנגו כלפ 8 5*70גרם,יחידה,1,יחידה,false,8.0000,26.9,26.9000,false,1,
7290107879620,false,קרחון שרבט מלון תפוח לה פרוטה נסטלה 70 גרם,גלידות נסטלה )נגה גלידות,,שלגון לפרוטה תפוח מלון כלפ 36*70גרם,יחידה,1,יחידה,false,36.0000,6,6.0000,false,1,
7290107879644,false,שלגון לה פרוטה תמר פקאן נסטלה 70ג',המאפיה של הרמן,,לה פרוטה בננה תמר פקאן,יחידה,1,יחידה,false,0.0000,6,6.0000,false,1,
7290107930321,false,קונפיטורת יד מרדכי דובדובן 340 גרם,"בית אל מזון בע""מ",,"קונפיטורת דובדבן 340 גרם ""יד מרדכי""",יחידה,1,יחידה,false,0.0000,15.9,15.9000,false,1,
7290107932080,false,חלב מועשר יוטבתה בבקבוק 3% 1 ליטר,מחלבת יטבתה,,"חלב בבקוק 1 לי' 3% מועשר ""יטבתה""",יחידה,1,יחידה,false,0.0000,8.5,8.5000,false,1,
7290107932134,false,חלב מועשר יוטבתה בבקבוק 1% 1 ליטר,מחלבת יטבתה,,"חלב בבקבוק 1 לי' 1% מועשר ""יטבתה""",יחידה,1,יחידה,false,0.0000,8.5,8.5000,false,1,
7290107933148,false,חסה קצוצה אייסברג שטראוס,,,חסה קצוצה אייסברג שטראוס,יחידה,1,יחידה,false,0.0000,15,15.0000,false,1,
7290107933155,false,לקט סלנובה שטראוס 200 גרם,שטראוס בריאות ירקות טריי,,לקט סלנובה,יחידה,1,יחידה,false,8.0000,14.9,14.9000,false,1,
7290107933193,false,שטראוס סלק מבושל בוו,לס לגוסודה סנצונוניו,,סלק ואקום,יחידה,1,יחידה,false,0.0000,12.9,12.9000,false,1,
7290107936309,false,דנונה יוגורט 7% יווני לבן 130 ג',"שטראוס בריאות בע""מ",,דנונה יווני לבן טבעי,יחידה,1,יחידה,false,0.0000,3.9,3.9000,false,1,
7290107937634,false,צנצנית מסטיק מאסט קוביות פפירמינט 58 ג' עלית,אסקום קונפקשיין,,"צנצנת קוביות פפירמינט ""מאסט"" עלית",יחידה,1,יחידה,false,0.0000,10,10.0000,true,1,
7290107937641,false,צנצנת מסטיק בזוקה קוביות ללא סוכר,אסקום קונפקשיין,,"צנצנת קוביות בזוקה ""עלית""",יחידה,1,יחידה,false,0.0000,10,10.0000,true,1,
7290107937856,false,קפסולות 11חזק למכונות נספרסו עלית 10יח',הנסיך- מפעל לייצור ט,,קפסולות עלית מספר 11 למכונות נספרסו,יחידה,1,יחידה,false,0.0000,19.9,19.9000,true,1,
7290107938396,false,שמיניית אקטימל תות דיסני בנים 108 גרם,מיוצר עי קונדיטוריית,,שמניית אקטימל תות ילדים,יחידה,1,יחידה,false,0.0000,22.9,22.9000,false,1,
7290107939027,false,גזר דק דק שטראוס 250 גרם,שטראוס בריאות ירקות טריי,,גזר דק דק,יחידה,1,יחידה,false,0.0000,11.9,11.9000,false,1,
7290107940467,false,אקטיביה יוגורט 1.5% שומן 200 ג' דנונה,מיוצר עי קונדיטוריית,,"יוגורט 1.5% ""אקטיביה"" 200 גרם",יחידה,1,יחידה,false,0.0000,4.3,4.3000,false,1,
7290107941259,false,"עדשים ירוקות מבושלות 475 גרם ""טעם הטבע",הורקסה לס לגונס דה ס,,עדשים ירוקות מבושלות 475 גר,יחידה,1,יחידה,false,0.0000,14.9,14.9000,false,1,
7290107941266,false,שעועית אדומה מבושלת שטראוס 475 גרם,הורקסה לס לגונס דה ס,,שעועית אדומה מבושלת 475 גר,יחידה,1,יחידה,false,0.0000,16.9,16.9000,false,1,
7290107941273,false,"חומוס מבושל 475 גרם ""טעם הטבע",הורקסה לס לגונס דה ס,,חומוס מבושל 475 גר,יחידה,1,יחידה,false,0.0000,14.9,14.9000,false,1,
7290107943192,false,"שמנת חמוצה מהערבה 27% שומן 200 מ""ל יטבתה",מחלבת יטבתה,,"""יטבתה"" שמנת חמוצה מהערבה 27%",יחידה,1,יחידה,false,0.0000,4.9,4.9000,false,1,
7290107944472,false,סימפוניה גבינה במרקם שמנת 5% שום שמיר,"שטראוס בריאות בע""\מ",,סימפוניה שום שמיר 5% 200ג,יחידה,1,יחידה,false,0.0000,12.9,12.9000,false,1,
7290107950190,false,מעדן חלב דל קלוריות בטעם שוקולד מריר 0.5% שומן,מיוצר עי קונדיטוריית,,"מעדן ""שטראוס"" דיאט שוקולד מריר",יחידה,1,יחידה,false,0.0000,3.9,3.9000,false,1,
7290107950206,false,מעדן דיאט שוקולד שטראוס 130 גרם,מיוצר עי קונדיטוריית,,"מעדן ""שטראוס"" דיאט שוקולד",יחידה,1,יחידה,false,0.0000,3.9,3.9000,false,1,
=======
7290106520912,false,שמנת לבישול 9% שומן 258גר מהדרין יטבתה,שטראוס גרופ בעמ/מצונן,,שמנת לבישול 9% שטראוס,יחידה,1,יחידה,false,0.0000,8.9,8.9000,false,1,
7290106524439,false,"תפוצ'יפס פופס 60 גרם ""עלית""","שטראוס פריטו ליי בע""\מ )",,"תפוצ'יפס פופס 60 גרם ""עלית""",יחידה,1,יחידה,false,0.0000,5,5.0000,false,1,
7290106525368,false,גלילי וופל רבע לשבע אין סייד אוט 125 גר,"הגביע מוצרי וופלים בע""\מ",,רבע לשבע אין סייד אוט 125 ג' עלית,יחידה,1,יחידה,false,14.0000,13.9,13.9000,false,1,
7290106525399,false,קפסולות 06 ברזיל למכונות נספרסו עלית 10יח',הנסיך- מפעל לייצור ט,,"6 קפסולות ברזיל ""עלית""",יחידה,1,יחידה,false,0.0000,19.9,19.9000,true,1,
7290106525405,false,קפסולות קפה עלית נטול קפאין אספרסו) (10,שטראוס קפה בי.וי.,,קפסולות למכונת קפה נטול,יחידה,1,יחידה,false,0.0000,19.9,19.9000,true,1,
7290106528567,false,חטיף תירס גריל דוריטוס (185 גרם),"שטראוס פריטו ליי בע""\מ )",,"דוריטוס גריל 185 גרם ""עלית""",יחידה,1,יחידה,false,0.0000,9.9,9.9000,false,1,
7290106528628,false,חטיף תירס בטעם טבעי דוריטוס (185 גרם),"שטראוס פריטו ליי בע""\מ )",,"דוריטוס טבעי 185 גרם ""עלית""",יחידה,1,יחידה,false,0.0000,9.9,9.9000,false,1,
7290106528949,false,סלט ערוגות שטראוס 450 גר`-טעם הטבע,שטראוס בריאות ירקות טריי,,סלט ערוגות 450 גר שטראוס,יחידה,1,יחידה,false,0.0000,14.9,14.9000,false,1,
7290106571792,false,קרחון ענבים ויטמנציק נסטלה,גלידות נסטלה )נגה גלידות,,ויטמינציק קרחון ענבים,00000,1,00000,false,0.0000,3,3.0000,false,1,
7290106571921,false,פיטנס עוגיות עם חמוציות נסטלה (180 גרם),קבוצת אוסם סחר שותפות מוגבלת,,עוגיות בטעם חמוציות 180 ג' פיטנס,יחידה,1,יחידה,false,12.0000,13.5,13.5000,false,1,
7290106572027,false,קרקר לחמית חמישה דגנים אסם (190 גרם),קבוצת אוסם סחר-שות.מוגבלת,,לחמית חמישה דגנים 190 גרם,יחידה,1,יחידה,false,12.0000,9.9,9.9000,true,1,
7290106574120,false,שלגון שרבט סוכריות גומיגם נסטלה 90 גרם,נגה גלידות שותפות מוגבלת,,גומיגם,יחידה,1,יחידה,false,0.0000,6,6.0000,false,1,
7290106574953,false,בייגלה שטוחים כעכים שטוחים עם שומשום,קבוצת אוסם סחר שותפות מוגבלת,,בייגלה שטוחים עם שומשום 300 ג' אסם,יחידה,1,יחידה,false,12.0000,13.9,13.9000,true,1,
7290106574977,false,בייגלה שטוחים טבעות עם מלח אסם (300 גרם),קבוצת אוסם סחר שותפות מוגבלת,,בייגלה שטוחים עם מלח 300 ג' אסם,יחידה,1,יחידה,false,12.0000,13.9,13.9000,true,1,
7290106576513,false,סלט רק חומוס צבר 400 גרם,קבוצת אוסם סחר שותפות מוגבלת,,"חומוס צבר 400 ג""ר",יחידה,1,יחידה,false,12.0000,12.9,12.9000,false,1,
7290106576810,false,גלידה לה קרמריה ריבת חלב 1.4 ל' נסטלה,נגה גלידות שותפות מוגבלת,,לה קרמריה ריבת חלב,יחידה,1,יחידה,false,6.0000,22.9,22.9000,false,1,
7290106576971,false,גלידה לה קרמריה שוקולד בלגי 1.4 ל' נסטלה,נגה גלידות שותפות מוגבלת,,לה קרמריה שוקו בלגי,יחידה,1,יחידה,false,6.0000,22.9,22.9000,false,1,
7290106578692,false,ביסלי במבה מיקס מהדורת אליפות אסם 80 גרם,קבוצת אוסם סחר שותפות מוגבלת,,ביסלי במבה מיקס אסם,יחידה,1,יחידה,false,36.0000,6.9,6.9000,true,1,
7290106578821,false,עוגת הבית שמרים קלאסית שוקולד אסם 350 גרם,קבוצת אוסם סחר שותפות מוגבלת,,עוגת שמרים קלאסית בטעם שוקולד 350 ג' אסם,יחידה,1,יחידה,false,8.0000,19.9,19.9000,false,1,
7290106650930,false,קפה טורקי עלית שקית 85 גרם,שטראוס קפה בי.וי.,,קפה טורקי עלית שקית 85 גרם,יחידה,1,יחידה,false,0.0000,9,9.0000,false,1,
7290106653504,false,סבבה בוטנים אמריקאים ברביקיו 50 גרם,שטראוס פריטו ליי בע`מ,,בוטנים סבבה בטעם ברביקיו,יחידה,1,יחידה,false,0.0000,2.5,2.5000,false,1,
7290106653689,false,לקט לסלט אסייתי 350 גר`-טעם הטבע,שטראוס בריאות ירקות טריי,,לקט לסלט אסייאתי 350 גר,יחידה,1,יחידה,false,0.0000,15.9,15.9000,false,1,
7290106658479,false,עלית וופל בטעם טורטית אגוזים 360גר,"שטראוס גרופ בע""\מ",,"חטיף טורטית ""עלית""",יחידה,1,יחידה,false,4.0000,5,5.0000,false,1,
7290106662025,false,תפוציפס טבעי מלח ופלפל 50 גרם,שטראוס פריטו ליי בע`מ,,תפוציפס טבעי מלח פלפל 50 גר',יחידה,1,יחידה,false,0.0000,5,5.0000,false,1,
7290106663121,false,"עוגה אישית במילוי קרם חלב ""מילקי קייק"" שטראוס",בובארד איטליה אס.פי.איי,,"עוגה אישית במילוי קרם חלב ""מילקי קייק"" שטראוס",יחידה,1,יחידה,false,0.0000,3.5,3.5000,false,1,
7290106663183,false,צ'יטוס חטיף טעם גבינה 65ג,שטראוס פריטו ליי בעמ,,"ציטוס צ'דר 65 גר' ""עלית""",יחידה,1,יחידה,false,0.0000,5,5.0000,false,1,
7290106664555,false,"רוטב שמנת עם עגבניות 9% שומן 250 מ""ל יוטבתה",שטראוס גרופ בעמ/מצונן,,"רוטב שמנת עם עגבניות 9% ""יטבתה""",יחידה,1,יחידה,false,0.0000,11.9,11.9000,true,1,
7290106664562,false,רוטב שמנת עם פטריות 9% שומן 258 ג' יוטבתה,שטראוס גרופ בעמ/מצונן,,"רוטב שמנת עם פטריות ""יטבתה""",יחידה,1,יחידה,false,0.0000,11.9,11.9000,true,1,
7290106667266,false,חטיף תירס חמוץ חריף דוריטוס (185 גרם),"שטראוס פריטו ליי בע""\מ )",,"דוריטוס חמוץ חריף 185 גרם ""עלית""",יחידה,1,יחידה,false,0.0000,9.9,9.9000,false,1,
7290106721920,false,צנצנת מסטיק מאסט בטעם ספירמינט עדין 66 ג' עלית,"שטראוס גרופ בע""\מ.",,"מסטיק ספירמינט צ'יקליט צנצנת ""מאסט""",יחידה,1,יחידה,false,0.0000,10,10.0000,true,1,
7290106723689,false,עלי תרד בייבי 200 גר`שטראוס טעם הטבע,שטראוס בריאות ירקות טריי,,עלי תרד בייבי 200 גר שטראוס,יחידה,1,יחידה,false,0.0000,13.9,13.9000,false,1,
7290106770577,false,גרוסליין- בלגה ממרח חלבה 350 גרם.,"אלמונדס בע""מ",,ממרח חלבה פרווה (350 גרם),יחידה,1,יחידה,false,0.0000,13.9,13.9000,false,1,
7290106774315,false,שוקולד לבן לאפיה אלמ,"אלמונדס בע""מ",,שוקולד לבן 500 גרם,יחידה,1,יחידה,false,0.0000,39.9,39.9000,false,1,
7290107280761,false,נוזל לניקוי כלים בניחוח לימון רענן סנו ספארק Spark,החברה הדרומית לשיווק בעמ,,"ספארק נוזל כלים+משאבה ""סנו""",יחידה,1,יחידה,false,0.0000,14.9,14.9000,false,1,
7290107645591,false,אבקת מרק בטעם עוף 100% רכיבים טבעיים 400 גרם,יוניליוור ישראל שיווק בע`מ,,מרק בטעם עוף 100% רכיבים טבעיים,יחידה,1,יחידה,false,6.0000,18.9,18.9000,false,1,
7290107646376,false,סיף מטליות לחות לניקוי כללי בניחוח לימון,"יוניליוור ישראלשיווק בע""מ",,"מגבונים לניקוי כללי בניוחו לימון ""סיף""",יחידה,1,יחידה,false,18.0000,10.9,10.9000,false,1,
7290107647649,false,"סולרו פרוט בוסט יחידתי קוקוס אננס 89מ""ל","גלידת שטראוס בע""\מ",,קרחון שרבט פרווה קוקוס אננס,יחידה,1,יחידה,false,30.0000,8,8.0000,false,1,
7290107647656,false,סולרו פרוט בוסט - קוקוס אננס (פרווה),"מיוצר ע""\י גלידת שטראוס",,קרחון פרווה קוקוס אננס,יחידה,1,יחידה,false,5.0000,27,27.0000,false,1,
7290107647731,false,קוקומן חום לבן 20% פחות סוכר 375 גרם ב,יוניליוור ישראל שיווק בע`מ,,"קוקומן חום לבן 375 גרם ""תלמה""",יחידה,1,יחידה,false,12.0000,22.9,22.9000,false,1,
7290107647816,false,"דגני ברנפלקס ללא תוספת סוכר 500 גרם בד""צ",יוניליוור ישראל שיווק בע`מ,,ברנפלקס ללא תוס סוכר 500ג בדץ,יחידה,1,יחידה,false,12.0000,24.9,24.9000,false,1,
7290107649681,false,טילון פסק זמן - נוגט קראנץ',"מיוצר ע""\י גלידת שטראוס",,קורנטו פסק זמן,00000,1,00000,false,24.0000,10,10.0000,false,1,
7290107649780,false,שלגון שוקובו שוקו 85,"מיוצר ע""\י גלידת שטראוס",,שוקובו חום,00000,1,00000,false,36.0000,10,10.0000,false,1,
7290107870047,false,טילון אקסטרים115-120 גרם ענק נסטלה 120 גרם,נגה גלידות שותפות מוגבלת,,"אקסטרים ענק בראוניז ""נסטלה""",יחידה,1,יחידה,false,0.0000,10,10.0000,false,1,
7290107871532,false,מאגדת קרחוני מלון דובדבן נסטלה 10 יחידות,נגה גלידות שותפות מוגבלת,,"עשיריית קרחונים דובדבן מלון ""נסטלה""",יחידה,1,יחידה,false,0.0000,19.9,19.9000,false,1,
7290107871990,false,פסטה צינורות מהדרין אסם (500 גרם),קבוצת אוסם סחר שותפות מוגבלת,,"פסטה צינורות 500 גרם ""אסם""",יחידה,1,יחידה,false,12.0000,7.9,7.9000,true,1,
7290107879569,false,קרחון לה פרוטה שרבט מנגו מאגדת 5יח',נגה גלידות שותפות מוגבלת,,מאגדת לה פרוטה מנגו כלפ 8 5*70גרם,יחידה,1,יחידה,false,8.0000,26.9,26.9000,false,1,
7290107879620,false,קרחון שרבט מלון תפוח לה פרוטה נסטלה 70 גרם,גלידות נסטלה )נגה גלידות,,שלגון לפרוטה תפוח מלון כלפ 36*70גרם,יחידה,1,יחידה,false,36.0000,6,6.0000,false,1,
7290107879644,false,שלגון לה פרוטה תמר פקאן נסטלה 70ג',המאפיה של הרמן,,לה פרוטה בננה תמר פקאן,יחידה,1,יחידה,false,0.0000,6,6.0000,false,1,
7290107930321,false,קונפיטורת יד מרדכי דובדובן 340 גרם,"שטראוס גרופ בע""מ",,"קונפיטורת דובדבן 340 גרם ""יד מרדכי""",יחידה,1,יחידה,false,0.0000,15.9,15.9000,false,1,
7290107932080,false,חלב מועשר יוטבתה בבקבוק 3% 1 ליטר,שטראוס גרופ בעמ/מצונן,,"חלב בבקוק 1 לי' 3% מועשר ""יטבתה""",יחידה,1,יחידה,false,0.0000,8.5,8.5000,false,1,
7290107932134,false,חלב מועשר יוטבתה בבקבוק 1% 1 ליטר,שטראוס גרופ בעמ/מצונן,,"חלב בבקבוק 1 לי' 1% מועשר ""יטבתה""",יחידה,1,יחידה,false,0.0000,8.5,8.5000,false,1,
7290107933148,false,חסה קצוצה אייסברג שטראוס,,,חסה קצוצה אייסברג שטראוס,יחידה,1,יחידה,false,0.0000,15,15.0000,false,1,
7290107933155,false,לקט סלנובה 200 גר ירקות שטראוס טעם הטבע,שטראוס בריאות ירקות טריי,,לקט סלנובה,יחידה,1,יחידה,false,8.0000,14.9,14.9000,false,1,
7290107933193,false,סלק בוואקום מבושל שטראוס (500 גרם),ביכורי השדה הצפון בעמ` 1964,,סלק ואקום,יחידה,1,יחידה,false,0.0000,12.9,12.9000,false,1,
7290107936309,false,דנונה יוגורט 7% יווני לבן 130 ג',שטראוס גרופ בעמ/מצונן,,דנונה יווני לבן טבעי,יחידה,1,יחידה,false,0.0000,3.9,3.9000,false,1,
7290107937634,false,צנצנית מסטיק מאסט קוביות פפירמינט 58 ג' עלית,שטראוס גרופ בע`מ,,"צנצנת קוביות פפירמינט ""מאסט"" עלית",יחידה,1,יחידה,false,0.0000,10,10.0000,true,1,
7290107937641,false,צנצנת קוביות בזוקה גומי לעיסה 58גר,שטראוס גרופ בע`מ,,"צנצנת קוביות בזוקה ""עלית""",יחידה,1,יחידה,false,0.0000,10,10.0000,true,1,
7290107937856,false,קפסולות 11חזק למכונות נספרסו עלית 10יח',הנסיך- מפעל לייצור ט,,קפסולות עלית מספר 11 למכונות נספרסו,יחידה,1,יחידה,false,0.0000,19.9,19.9000,true,1,
7290107938396,false,שמיניית אקטימל תות דיסני בנים 108 גרם,שטראוס גרופ בעמ/מצונן,,שמניית אקטימל תות ילדים,יחידה,1,יחידה,false,0.0000,22.9,22.9000,false,1,
7290107939027,false,גזר דק דק 250 גר שטראוס ירקות טעם הטבע,שטראוס בריאות ירקות טריי,,גזר דק דק,יחידה,1,יחידה,false,0.0000,11.9,11.9000,false,1,
7290107940467,false,אקטיביה יוגורט קרמי 1.5% דנונה (200 גרם),שטראוס גרופ בעמ/מצונן,,"יוגורט 1.5% ""אקטיביה"" 200 גרם",יחידה,1,יחידה,false,0.0000,4.3,4.3000,false,1,
7290107941259,false,עדשים ירוקות מבושלות 475 גר ירקות שטראוס,ביכורי השדה הצפון בעמ` 1964,,עדשים ירוקות מבושלות 475 גר,יחידה,1,יחידה,false,0.0000,14.9,14.9000,false,1,
7290107941266,false,שעועית אדומה מבושלת 475 גר ירקות שטראוס,ביכורי השדה הצפון בעמ` 1964,,שעועית אדומה מבושלת 475 גר,יחידה,1,יחידה,false,0.0000,16.9,16.9000,false,1,
7290107941273,false,טעם הטבע חומוס מבושל שטראוס (475 גרם),ביכורי השדה הצפון בעמ` 1964,,חומוס מבושל 475 גר,יחידה,1,יחידה,false,0.0000,14.9,14.9000,false,1,
7290107943192,false,"שמנת חמוצה מהערבה 27% שומן 200 מ""ל יטבתה",שטראוס גרופ בעמ/מצונן,,"""יטבתה"" שמנת חמוצה מהערבה 27%",יחידה,1,יחידה,false,0.0000,4.9,4.9000,false,1,
7290107944472,false,סימפוניה גבינה במרקם שמנת 5% שום שמיר,שטראוס גרופ בעמ/מצונן,,סימפוניה שום שמיר 5% 200ג,יחידה,1,יחידה,false,0.0000,12.9,12.9000,false,1,
7290107950190,false,מעדן חלב דל קלוריות בטעם שוקולד מריר 0.5% שומן,שטראוס גרופ בעמ/מצונן,,"מעדן ""שטראוס"" דיאט שוקולד מריר",יחידה,1,יחידה,false,0.0000,3.9,3.9000,false,1,
7290107950206,false,מעדן דיאט שוקולד שטראוס 130 גרם,שטראוס גרופ בעמ/מצונן,,"מעדן ""שטראוס"" דיאט שוקולד",יחידה,1,יחידה,false,0.0000,3.9,3.9000,false,1,
>>>>>>> d048ac2f4f281c9d788043ab4e81b61b0dbe3743
7290107951104,false,בפלות ופלים ארוכים בטעם שוקולד,"שטראוס גרופ בע""\מ",,"בפלות שוקולד 200 גרם ""עלית""",יחידה,1,יחידה,false,0.0000,5.9,5.9000,false,1,
7290107951715,false,צנצנת מסטיק מאסט קוביות בטעם ענבים 58 ג' עלית,שטראוס גרופ בע`מ,,צנצנת קוביות ענבים מאסט 58 גרם,יחידה,1,יחידה,false,0.0000,10,10.0000,true,1,
7290107954976,false,משקה חלב PRO עם קפה 1.5% 25 גרם חלבון בבקבוק,שטראוס גרופ בעמ/מצונן,,"משקה יטבתה פרו קפה 350 מ""ל",יחידה,1,יחידה,false,0.0000,7.9,7.9000,false,1,
7290107956642,false,"תרסיס שמן זית 150 מ""ל יד מרדכי כשלפ",פארייפאבה אגרואינדוס,,"תרסיס שמן זית 150 מ""ל ""יד מרדכי""",יחידה,1,יחידה,false,0.0000,19.9,19.9000,false,1,
7290107956901,false,קפסולות בטעם אגוזים למכונת נספרסו עלית 10 יחידות,שטראוס קפה בי.וי.,,"קפסולות אספרסו בטעם אגוזים ""עלית""",יחידה,1,יחידה,false,0.0000,19.9,19.9000,true,1,
7290107956925,false,קפסולות 13 אוגנדה למכונת נספרסו עלית 10יח',שטראוס קפה בי.וי.,,קפסולות אוגנדה 13 למכונות נספרסו 50 גרם,יחידה,1,יחידה,false,0.0000,19.9,19.9000,true,1,
7290107956932,false,קפסולות אספרסו אידונזיה למכונות 50 גר,שטראוס קפה בי.וי.,,"קפסולות קפה אינדונזי מס' 12 ""עלית""",יחידה,1,יחידה,false,0.0000,19.9,19.9000,true,1,
7290107973861,false,מאסטר שף עגבניות קצוצות דק שלישיה 400ג*3 כשלפ,קונסרזיו קאסאלאסקו ד,,מאסטר שף עגבניות קצוצות דק שלישיה 400ג*3 כשלפ,יחידה,1,יחידה,false,0.0000,18.9,18.9000,false,1,
7290107974066,false,"עלי טורטיה קמח מלא 20ס""מ 8יח' מאסטר שף 320ג'",אלקאטי קורביישיסי גי,,"עלי טורטיה מקמח מלא 320 גרם ""מאסטר שף""",יחידה,1,יחידה,false,0.0000,11.9,11.9000,false,1,
<<<<<<< HEAD
7290107974073,false,מנה עלי טורטיה קמח לבן מ.שף 20 סמ 320 גר,אלקאטי קורביישיסי גי,,מאסטר שףעלי טורטיה קמח לבן 20 סמ 320 גר,יחידה,1,יחידה,false,0.0000,11.9,11.9000,false,1,
7290107974080,false,מנה עלי טורטיה קמח לבן מ.שף 25 סמ 840 גר,הדקלאים אגודת שיתופי,,מאסטר שף עלי טורטיה קמח לבן 756 גר,יחידה,1,יחידה,false,0.0000,18.9,18.9000,false,1,
7290108350128,false,סנו סושי שקיות אשפה חזקות במיוחד 40 יח',מיוצר עי קונדיטוריית,,"שקיות אשפה חזקות במיוחד ""סנו סושי""",יחידה,1,יחידה,false,0.0000,27.9,27.9000,false,1,
7290108350531,false,סנו ספארק נוזל כלים בניחוח קלאסי עם משאבה 1 ל',מיוצר עי קונדיטוריית,,"ספארק כלים קלאסי 1 ליטר ""סנו""",יחידה,1,יחידה,false,0.0000,13.9,13.9000,false,1,
7290108350616,false,סנו - מקסימה מרכך כביסה מרוכז פריחה כחולה 1 ליטר,"סנו מפעלי ברונוס בע""\מ",,"מרכך כביסה סופר מרוכז כחול ""מקסימה""",יחידה,1,יחידה,false,0.0000,19.9,19.9000,false,1,
7290108350623,false,מרכך כביסה סופר מרוכז סופט סילק מקסימה 1 ל' סנו,"סנו מפעלי ברונוס בע""\מ",,מרכך כביסה מרוכז מקסימה,יחידה,1,יחידה,false,0.0000,19.9,19.9000,false,1,
7290108351613,false,סנו ריצפז פרש הום 2 ליטר בניחוח מלון חלומי,"סנו מפעלי ברונוס בע""\מ",,ריצפז פרש הום בניחוח מלון חלומי 2 ליטר,יחידה,1,יחידה,false,0.0000,25.9,25.9000,false,1,
7290108351811,false,מרכך כביסה סופר מרוכז Floral touch סנו מקסימה 1 ליטר,מיוצר עי קונדיטוריית,,מרכך כביסה מקסימה 1 ליטר floral touch,יח,1,יח,false,0.0000,19.9,19.9000,false,1,
7290108352207,false,מקסימה 40 קפסולות לכביסה בניחוח fresh burst,"גליל כימיקלים, א.ת. צפונ",,קפסולות לכביסה פלורל,00000,1,00000,false,0.0000,31.9,31.9000,false,1,
7290108352252,false,נוזל לניקוי כלים מתאים לניקוי ירקות ופירות סנו ספארק,"סנו מפעלי ברונוס בע""\מ",,ספארק 1 ל' ללא צבע,00000,1,00000,false,0.0000,13.9,13.9000,false,1,
7290108353655,false,"סנו סושי - 50 מפיות אירוח איכותיות גדולות ועבות 3 שכבות לבנות """,האנק טישו,,50 מפיות לבן XL,00000,1,00000,false,0.0000,13.9,13.9000,false,1,
7290108357295,false,"מרסס אוקסיג'ן מסיר כתמים סנו לכביסה לבנה 750 מ""ל",החברה הדרומית,,"סנו אוקסיגן מסיר כתמים קשים 750 מ""ל",יחידה,1,יחידה,false,0.0000,22.9,22.9000,false,1,
7290108357516,false,"קרמה - סבון ידיים וניל ופלפל ורוד 500 מ""ל",קרמה,,"קרם גוף מאסק 500 מ""ל ""קרמה""",יחידה,1,יחידה,false,0.0000,14.9,14.9000,false,1,
7290108358117,false,"פרש הום מקלות ריחניים לבית בניחוח כביסה רעננה 100 מ""ל",החברה הדרומית,,פרש הום מקלות בישום בניחוח כביסה רעננה,יחידה,1,יחידה,false,12.0000,19.9,19.9000,false,1,
7290108501360,false,גבינת צ'דר בשלה ויליפוד 200 גרם,ווייקה פארמס,,גבינת צ'דר בשלה 200 גרם,יחידה,1,יחידה,false,0.0000,24.9,24.9000,false,1,
7290108501490,false,גבינה מוצרלה פרוסות ו.פוד 150ג',ג.וילי פוד אינטרנשיונל ב,,פרוסות מוצרלה 150 גרם,יחידה,1,יחידה,false,0.0000,17.9,17.9000,false,1,
7290108502305,false,גבינת גרנה פדנו משולש ויליפוד 150 גרם,וילי פוד,,גבינת גרנה פדנו משולש 150 גרם,יחידה,1,יחידה,false,0.0000,24.9,24.9000,false,1,
7290108502329,false,רביעיית טונה בשמן זית ויליפוד 4*160 גרם,גולדן פרייז קאנינג אל טי,,"רביעיית טונה בשמן זית ""ויליפוד""",יחידה,1,יחידה,false,0.0000,34.9,34.9000,false,1,
7290108502763,false,גבינת קממבר ויליפוד 200 גרם,פטוראז',,גבינת קממבר 200 גרם,יחידה,1,יחידה,false,0.0000,22.9,22.9000,false,1,
7290108502985,false,תפוחונים וילי פוד תפוחי עץ מיובשים 22 גר,הביי דונגפנג פוד קו. בעמ,,תפוחונים-תפוחי עץ מיובשים 22 גרם,יחידה,1,יחידה,false,0.0000,5.9,5.9000,false,1,
7290108503043,false,תפוחונים חטיף פלחים מיובשים מארז 22X4ג',הביי דונגפנג פוד קו. בעמ,,מארז תפוחונים,יחידה,1,יחידה,false,0.0000,15.8,15.8000,false,1,
7290108503067,false,פרמז'נו משולש ויליפוד 150 גרם,וילי פוד,,פרמז'נו משולש 150 גרם,יחידה,1,יחידה,false,0.0000,21.9,21.9000,false,1,
7290108505177,false,יוגורט עם אננס 0% שומן ויליפוד 150 גרם,דלתא פודס,,יוגורט עם אננס 150 גרם 0% שומן,00000,1,00000,false,0.0000,6.9,6.9000,false,1,
7290108505184,false,יוגורט עם קוקוס 5% שומן ויליפוד 150 גרם,Euro יורו מחלבות אירופה,,יוגורט עם קוקוס 150 גרם 5% שומן,00000,1,00000,false,0.0000,6.9,6.9000,false,1,
7290108505191,false,יוגורט עם פצפוצי שוקולד 5% שומן ויליפוד 150 גרם,Euro יורו מחלבות אירופה,,יוגורט עם פצפוצי שוקולד 150 גרם 5% שומן,00000,1,00000,false,0.0000,6.9,6.9000,false,1,
7290108505207,false,יוגורט עם אוכמניות 0% שומן ויליפוד 150 גרם,Euro יורו מחלבות אירופה,,יוגורט עם אוכמניות 150 גרם 0% שומן,00000,1,00000,false,0.0000,6.9,6.9000,false,1,
7290108505214,false,יוגורט עם אפרסק 0% שומן ויליפוד 150 גרם,Euro יורו מחלבות אירופה,,יוגורט עם אפרסק 150 גרם 0% שומן,00000,1,00000,false,0.0000,6.9,6.9000,false,1,
7290108505733,false,צמות-גבינה חצי קשה 25% שומן 200 גרם,סאסו פטוראגס קומטויס אף,,צמות-גבינה חצי קשה 25% שומן 200 גרם,00000,1,00000,false,0.0000,14.9,14.9000,false,1,
7290108505740,false,קשקבל גבינה חצי קשה EURO CHEESE ויליפוד 200 גרם,Euro יורו מחלבות אירופה,,גבינת קשקבל חצי קשה 25% שומן 200 גרם,00000,1,00000,false,0.0000,14.9,14.9000,false,1,
7290108506709,false,גבינת פרמג'יאנו רג'יאנו 150 גר' רבנות,וילי פוד,,גבינת פרמז'נו רג'יאנו 150 גרם,00000,1,00000,false,0.0000,31.9,31.9000,false,1,
7290108509359,false,פופקורן בציפוי בטעם קרמל ויליפוד 90 גרם,סנרו ס.א,,פופקורן בציפוי בטעם קרמל 90 גרם,יחידה,1,יחידה,false,12.0000,6.9,6.9000,false,1,
7290109351025,false,מלך החומוס חומוסטחינה 40% טחינה גולמית,סלטי צבר,,"מלך החומוס חומוסטחינה חלק ""צבר"" 400 גר'",יחידה,1,יחידה,false,6.0000,15.9,15.9000,false,1,
7290109351209,false,קרחון שרבט אננס תפוז לה פרוטה נסטלה 70 גרם,גלידות נסטלה )נגה גלידות,,לה פרוטה אננס תפוז 30*70גרם,יחידה,1,יחידה,false,0.0000,6,6.0000,false,1,
7290109351957,false,פריכיות פיטנס מיני גדולות שוקולד חלב 100ג',סנורייס בלגיום אן. ו,,"פריכיות שוקולד חלב ""פיטנס"" 100 גרם",יחידה,1,יחידה,false,12.0000,9.9,9.9000,false,1,
7290109351971,false,פריכיות דגנים פיטנס מצופות שוקולד חלב,פרח תעשיות,,פריכיות פיטנס בר שוקלד חלב 84 גר',יחידה,1,יחידה,false,12.0000,15.9,15.9000,false,1,
7290109352916,false,פריכיות דגנים פיטנס מצופות שוקולד לבן,פרח תעשיות,,פריכיות פיטנס בר שוקלד לבן 84 גר',יחידה,1,יחידה,false,12.0000,15.9,15.9000,false,1,
7290109354057,false,קרחון לה פרוטה שרבט אננס תפוז מאגדת 5 יח',תות תעשיות מזון (201,,"מאגדת לה פרוטה אננס תפוז ""נסטלה""",יחידה,1,יחידה,false,0.0000,26.9,26.9000,false,1,
7290109580104,false,רוסטביף פרימיום זוגלובק 150 גרם,זוגלובק,,זוגלובק פרימיום רוסטביף 150 גרם,00000,1,00000,false,0.0000,29.9,29.9000,false,1,
7290109580135,false,קורנדביף פרימיום 180 גרם זוגלובק,זוגלובק,,זוגלובק פרימיום קורנדביף 180 גרם,00000,1,00000,false,0.0000,29.9,29.9000,false,1,
7290109580166,false,סרוולד קלאסי פרימיום זוגלובק 150 גרם,זוגלובק,,זוגלובק פרימיום סרוולד קלאסי 150 גרם,00000,1,00000,false,0.0000,29.9,29.9000,false,1,
7290109580432,false,פסטרמה חזה הודו מעושן דק דק זוגלובק 120 גרם,זוגלובק,,פסטרמה חזה הודו מעושן 120 גר' דק דק,יח,1,יח,false,0.0000,14.7,14.7000,true,1,
7290109640761,false,מאפה פילאס במילוי פטה טבעונית 600 גרם - משומשו,סנו מפעלי ברונוס.,,מאפה פילאס במילוי פטה טבעונית 600 גרם - משומשו,יחידה,1,יחידה,false,8.0000,26.9,26.9000,false,1,
7290110110574,false,"פחיות קוקה קולה זירו לימון 330 מ""ל",החברה המרכזית לייצור משק,,קוקה-קולה זירו לימון פחית,יחידה,1,יחידה,false,0.0000,6.5,6.2000,false,1,
7290110114787,false,נביעות+ מים מינרליים בטעם תפוח 1.5 ליטר,נביעות טבע הגליל בעמ,,נביעות+ מים מינרליים בטעם תפוח,יחידה,1,יחידה,false,12.0000,11.9,11.6000,false,1,
7290110114794,false,נביעות+ מים מינרליים בטעם אפרסק 1.5 ליטר,"נביעות טבע הגליל בע""\מ ,",,נביעות+ מים מינרליים בטעם אפרסק,יחידה,1,יחידה,false,12.0000,11.9,11.6000,false,1,
7290110114855,false,"נביעות מים מינרליים, שישיה 6 * 1.5 ליטר פקדון",נביעות טבע הגליל בעמ,,מים מינרליים נביעות שישייה,יחידה,1,יחידה,false,0.0000,17,15.2000,false,1,
7290110114961,false,משקה קל תפוזים פריגת 1.5 ליטר,מבשלות בירה בינלאומיות ב,,פריגת משקה קל תפוזים,יחידה,1,יחידה,false,12.0000,9.9,9.6000,false,1,
7290110114985,false,משקה קל אשכוליות פריגת 1.5 ליטר,מבשלות בירה בינלאומיות ב,,פריגת משקה קל אשכוליות,יחידה,1,יחידה,false,12.0000,9.9,9.6000,false,1,
7290110114992,false,משקה קל לייט אשכוליות פריגת 1.5 ליטר,מבשלות בירה בינלאומיות ב,,פריגת משקה דל קלוריות אשכוליות,יחידה,1,יחידה,false,12.0000,9.9,9.6000,false,1,
7290110115005,false,משקה קל ענבים פריגת 1.5 ליטר,מבשלות בירה בינלאומיות ב,,פריגת משקה קל ענבים,יחידה,1,יחידה,false,12.0000,9.9,9.6000,false,1,
7290110115029,false,"פריגת משק""ל תפוח 1.5 ליטר פיקדון",מבשלות בירה בינלאומיות ב,,פריגת משקה קל תפוחים,יחידה,1,יחידה,false,12.0000,9.9,9.6000,false,1,
7290110115036,false,משקה קל מנגו פריגת 1.5 ליטר,מבשלות בירה בינלאומיות ב,,פריגת משקה קל מנגו,יחידה,1,יחידה,false,12.0000,9.9,9.6000,false,1,
7290110115043,false,משקה קל לימונענע פריגת 1.5 ליטר,מבשלות בירה בינלאומיות ב,,פריגת משקה קל לימונענע,יחידה,1,יחידה,false,12.0000,9.9,9.6000,false,1,
7290110115050,false,פריגת מיקס תות בננה 1.5 ליטר פיקדון,מבשלות בירה בינלאומיות ב,,פריגת משקה קל תות-בננה,יחידה,1,יחידה,false,12.0000,9.9,9.6000,false,1,
7290110115203,false,קוקה קולה 1.5 ליטר פיקדון,החברה המרכזית לייצור משק,,קוקה -קולה בקבוק 1.5 ליטר,יחידה,1,יחידה,false,12.0000,9.9,9.6000,false,1,
7290110115210,false,דיאט קוקה קולה 1.5 ליטר פיקדון,החברה המרכזית לייצור משק,,דיאט קוקה-קולה בקבוק,יחידה,1,יחידה,false,12.0000,9.9,9.6000,false,1,
7290110115227,false,קוקה-קולה זירו בקבוק 1.5 ליטר,החברה המרכזית לייצור משק,,קוקה- קולה zero בקבוק,יחידה,1,יחידה,false,12.0000,9.9,9.6000,false,1,
7290110115234,false,קוקה-קולה זירו נטול בקבוק 1.5 ליטר,החברה המרכזית לייצור משק,,קוקה-קולה זירו נטול קפאין,יחידה,1,יחידה,false,0.0000,9.9,9.6000,false,1,
7290110115241,false,קוקה-קולה זירו לימון בקבוק 1.5 ליטר,החברה המרכזית לייצור משק,,קוקה-קולה ZERO לימון 1.5 ליטר,יחידה,1,יחידה,false,0.0000,9.9,9.6000,false,1,
7290110115265,false,ספרייט לימון ליים 1.5 ליטר-,החברה המרכזית לייצור משק,,בקבוק ספרייט 1.5 ליטר,יחידה,1,יחידה,false,0.0000,9.9,9.6000,false,1,
7290110115272,false,ZERO ספרייט 1.5 ליטר פיקדון,החברה המרכזית לייצור משק,,ספרייט זירו בקבוק,יחידה,1,יחידה,false,0.0000,9.9,9.6000,false,1,
7290110115296,false,משקה מוגז אורנג' פאנטה 1.5 ליטר,החברה המרכזית לייצור משק,,פאנטה אורנג' בקבוק,יחידה,1,יחידה,false,12.0000,9.9,9.6000,false,1,
7290110115302,false,משקה מוגז אורנג' זירו פאנטה 1.5 ליטר,החברה המרכזית לייצור משק,,פאנטה אורנג' זירו 1.5 ליטר,יחידה,1,יחידה,false,12.0000,9.9,9.6000,false,1,
7290110115364,false,שישייה קוקה קולה 1.5 ליטר פיקדון,החברה המרכזית לייצור משק,,קוקה- קולה מארז שישייה,יחידה,1,יחידה,false,0.0000,51.9,50.1000,false,1,
7290110115395,false,ZERO ספרייט שישיות 1.5 ליטר פיקדון,החברה המרכזית לייצור משק,,ספרייט זירו מארז שישייה,יחידה,1,יחידה,false,0.0000,51.9,50.1000,false,1,
7290110115418,false,מארז שישייה קוקה קולה זירו 1.5 ל',החברה המרכזית לייצור משק,,קוקה- קולה zero מארז שישייה,יחידה,1,יחידה,false,0.0000,51.9,50.1000,false,1,
7290110115463,false,פיוז טי אפרסק 1.5 ליטר פיקדון,מבשלות בירה בינלאומיות ב,,פיוז טי תה קר בטעם אפרסק,יחידה,1,יחידה,false,12.0000,10.9,10.6000,false,1,
7290110115616,false,FUZE tea zero גרין אננס 1.5 ליטר פיקדון,מבשלות בירה בינלאומיות ב,,פיוז טי זירו בטעם אננס 1.5 ליטר,יחידה,1,יחידה,false,0.0000,10.9,10.6000,false,1,
7290110115623,false,משקה פיוז טי זירו ZERO בטעם אפרסק,מבשלות בירה בינלאומיות ב,,פיוז טי זירו בטעם אפרסק 1.5 ליטר,יחידה,1,יחידה,false,12.0000,10.9,10.6000,false,1,
=======
7290107974073,false,עלי טורטיה קמח לבן 320 גר`מנה מאסטר שף,אלקאטי קורביישיסי גי,,מאסטר שףעלי טורטיה קמח לבן 20 סמ 320 גר,יחידה,1,יחידה,false,0.0000,11.9,11.9000,false,1,
7290107974080,false,עלי טורטיה קמח לבן 744 גר`מנה מאסטר שף,הדקלאים אגודת שיתופי,,מאסטר שף עלי טורטיה קמח לבן 756 גר,יחידה,1,יחידה,false,0.0000,18.9,18.9000,false,1,
7290108350128,false,סנו סושי שקיות אשפה חזקות במיוחד 40 יח',החברה הדרומית לשיווק בעמ,,"שקיות אשפה חזקות במיוחד ""סנו סושי""",יחידה,1,יחידה,false,0.0000,27.9,27.9000,false,1,
7290108350531,false,סנו ספארק נוזל כלים בניחוח קלאסי עם משאבה 1 ל',מיוצר עי קונדיטוריית,,"ספארק כלים קלאסי 1 ליטר ""סנו""",יחידה,1,יחידה,false,0.0000,13.9,13.9000,false,1,
7290108350616,false,סנו - מקסימה מרכך כביסה מרוכז פריחה כחולה 1 ליטר,החברה הדרומית לשיווק בעמ,,"מרכך כביסה סופר מרוכז כחול ""מקסימה""",יחידה,1,יחידה,false,0.0000,19.9,19.9000,false,1,
7290108350623,false,מרכך כביסה סופר מרוכז סופט סילק מקסימה 1 ל' סנו,החברה הדרומית לשיווק בעמ,,מרכך כביסה מרוכז מקסימה,יחידה,1,יחידה,false,0.0000,19.9,19.9000,false,1,
7290108351613,false,סנו ריצפז פרש הום 2 ליטר בניחוח מלון חלומי,החברה הדרומית לשיווק בעמ,,ריצפז פרש הום בניחוח מלון חלומי 2 ליטר,יחידה,1,יחידה,false,0.0000,25.9,25.9000,false,1,
7290108351811,false,מרכך כביסה סופר מרוכז Floral touch סנו מקסימה 1 ליטר,החברה הדרומית לשיווק בעמ,,מרכך כביסה מקסימה 1 ליטר floral touch,יח,1,יח,false,0.0000,19.9,19.9000,false,1,
7290108352207,false,מקסימה 40 קפסולות לכביסה בניחוח fresh burst,החברה הדרומית לשיווק בעמ,,קפסולות לכביסה פלורל,00000,1,00000,false,0.0000,31.9,31.9000,false,1,
7290108352252,false,נוזל לניקוי כלים מתאים לניקוי ירקות ופירות סנו ספארק,החברה הדרומית לשיווק בעמ,,ספארק 1 ל' ללא צבע,00000,1,00000,false,0.0000,13.9,13.9000,false,1,
7290108353655,false,"סנו סושי - 50 מפיות אירוח איכותיות גדולות ועבות 3 שכבות לבנות """,החברה הדרומית לשיווק בעמ,,50 מפיות לבן XL,00000,1,00000,false,0.0000,13.9,13.9000,false,1,
7290108357295,false,"מרסס אוקסיג'ן מסיר כתמים סנו לכביסה לבנה 750 מ""ל",החברה הדרומית לשיווק בעמ,,"סנו אוקסיגן מסיר כתמים קשים 750 מ""ל",יחידה,1,יחידה,false,0.0000,22.9,22.9000,false,1,
7290108357516,false,"קרמה - סבון ידיים וניל ופלפל ורוד 500 מ""ל",החברה הדרומית לשיווק בעמ,,"קרם גוף מאסק 500 מ""ל ""קרמה""",יחידה,1,יחידה,false,0.0000,14.9,14.9000,false,1,
7290108358117,false,"פרש הום מקלות ריחניים לבית בניחוח כביסה רעננה 100 מ""ל",החברה הדרומית לשיווק בעמ,,פרש הום מקלות בישום בניחוח כביסה רעננה,יחידה,1,יחידה,false,12.0000,19.9,19.9000,false,1,
7290108501360,false,גבינת צ`דר בשלה 200 גר`matured orange ו,ג.וילי-פוד אינטרנשיונל **גבינו,,גבינת צ'דר בשלה 200 גרם,יחידה,1,יחידה,false,0.0000,24.9,24.9000,false,1,
7290108501490,false,גבינת מוצרלה פרוסות 150 גר`וילי פוד,ג.וילי-פוד אינטרנשיונל **גבינו,,פרוסות מוצרלה 150 גרם,יחידה,1,יחידה,false,0.0000,17.9,17.9000,false,1,
7290108502305,false,גבינת גרנה פדנו משולש ויליפוד 150 גרם,ג.וילי-פוד אינטרנשיונל **גבינו,,גבינת גרנה פדנו משולש 150 גרם,יחידה,1,יחידה,false,0.0000,24.9,24.9000,false,1,
7290108502329,false,רביעיית טונה בשמן זית ויליפוד 4*160 גרם,ג. וילי-פוד אינטרנשיונל בע`מ,,"רביעיית טונה בשמן זית ""ויליפוד""",יחידה,1,יחידה,false,0.0000,34.9,34.9000,false,1,
7290108502763,false,גבינת קממבר ויליפוד 200 גרם,ג.וילי-פוד אינטרנשיונל **גבינו,,גבינת קממבר 200 גרם,יחידה,1,יחידה,false,0.0000,22.9,22.9000,false,1,
7290108502985,false,תפוחונים וילי פוד תפוחי עץ מיובשים 22 גר,ג.וילי-פוד אינטרנשיונל בעמ,,תפוחונים-תפוחי עץ מיובשים 22 גרם,יחידה,1,יחידה,false,0.0000,5.9,5.9000,false,1,
7290108503043,false,תפוחונים חטיף פלחים מיובשים מארז 22X4ג',ג. וילי-פוד אינטרנשיונל בע`מ,,מארז תפוחונים,יחידה,1,יחידה,false,0.0000,15.8,15.8000,false,1,
7290108503067,false,פרמז'נו משולש ויליפוד 150 גרם,ג.וילי-פוד אינטרנשיונל **גבינו,,פרמז'נו משולש 150 גרם,יחידה,1,יחידה,false,0.0000,21.9,21.9000,false,1,
7290108505177,false,יוגורט עם אננס 0% שומן ויליפוד 150 גרם,ג.וילי-פוד אינטרנשיונל **גבינו,,יוגורט עם אננס 150 גרם 0% שומן,00000,1,00000,false,0.0000,6.9,6.9000,false,1,
7290108505184,false,יוגורט עם קוקוס 5% שומן ויליפוד 150 גרם,ג.וילי-פוד אינטרנשיונל **גבינו,,יוגורט עם קוקוס 150 גרם 5% שומן,00000,1,00000,false,0.0000,6.9,6.9000,false,1,
7290108505191,false,יוגורט עם פצפוצי שוקולד 5% שומן ויליפוד 150 גרם,ג.וילי-פוד אינטרנשיונל **גבינו,,יוגורט עם פצפוצי שוקולד 150 גרם 5% שומן,00000,1,00000,false,0.0000,6.9,6.9000,false,1,
7290108505207,false,יוגורט עם אוכמניות 0% שומן ויליפוד 150 גרם,ג.וילי-פוד אינטרנשיונל **גבינו,,יוגורט עם אוכמניות 150 גרם 0% שומן,00000,1,00000,false,0.0000,6.9,6.9000,false,1,
7290108505214,false,יוגורט עם אפרסק 0% שומן ויליפוד 150 גרם,ג.וילי-פוד אינטרנשיונל **גבינו,,יוגורט עם אפרסק 150 גרם 0% שומן,00000,1,00000,false,0.0000,6.9,6.9000,false,1,
7290108505733,false,צמות -גבינה חצי קשה 25% שומן ( 200 גר) ו,ג.וילי-פוד אינטרנשיונל **גבינו,,צמות-גבינה חצי קשה 25% שומן 200 גרם,00000,1,00000,false,0.0000,14.9,14.9000,false,1,
7290108505740,false,קשקבל גבינה חצי קשה EURO CHEESE ויליפוד 200 גרם,ג.וילי-פוד אינטרנשיונל **גבינו,,גבינת קשקבל חצי קשה 25% שומן 200 גרם,00000,1,00000,false,0.0000,14.9,14.9000,false,1,
7290108506709,false,גבינת פרמג`אנו ר`גיאנו 150 גר וילי פוד,ג.וילי-פוד אינטרנשיונל **גבינו,,גבינת פרמז'נו רג'יאנו 150 גרם,00000,1,00000,false,0.0000,31.9,31.9000,false,1,
7290108509359,false,פופקורן בציפוי בטעם קרמל ויליפוד 90 גרם,ג. וילי-פוד אינטרנשיונל בע`מ,,פופקורן בציפוי בטעם קרמל 90 גרם,יחידה,1,יחידה,false,12.0000,6.9,6.9000,false,1,
7290109351025,false,מלך החומוס חומוסטחינה 40% טחינה גולמית,קבוצת אוסם סחר שותפות מוגבלת,,"מלך החומוס חומוסטחינה חלק ""צבר"" 400 גר'",יחידה,1,יחידה,false,6.0000,15.9,15.9000,false,1,
7290109351209,false,קרחון שרבט אננס תפוז לה פרוטה נסטלה 70 גרם,נגה גלידות שותפות מוגבלת,,לה פרוטה אננס תפוז 30*70גרם,יחידה,1,יחידה,false,0.0000,6,6.0000,false,1,
7290109351957,false,פריכיות פיטנס מיני גדולות שוקולד חלב 100ג',קבוצת אוסם סחר שותפות מוגבלת,,"פריכיות שוקולד חלב ""פיטנס"" 100 גרם",יחידה,1,יחידה,false,12.0000,9.9,9.9000,false,1,
7290109351971,false,פריכיות דגנים פיטנס מצופות שוקולד חלב,קבוצת אוסם סחר שותפות מוגבלת,,פריכיות פיטנס בר שוקלד חלב 84 גר',יחידה,1,יחידה,false,12.0000,15.9,15.9000,false,1,
7290109352916,false,פריכיות דגנים פיטנס מצופות שוקולד לבן,קבוצת אוסם סחר שותפות מוגבלת,,פריכיות פיטנס בר שוקלד לבן 84 גר',יחידה,1,יחידה,false,12.0000,15.9,15.9000,false,1,
7290109354057,false,קרחון לה פרוטה שרבט אננס תפוז מאגדת 5 יח',נגה גלידות שותפות מוגבלת,,"מאגדת לה פרוטה אננס תפוז ""נסטלה""",יחידה,1,יחידה,false,0.0000,26.9,26.9000,false,1,
7290109580104,false,רוסטביף פרימיום זוגלובק 150 גרם,נקניק זוגלובק נהריה,,זוגלובק פרימיום רוסטביף 150 גרם,00000,1,00000,false,0.0000,29.9,29.9000,false,1,
7290109580135,false,קורנדביף פרימיום 180 גרם זוגלובק,נקניק זוגלובק נהריה,,זוגלובק פרימיום קורנדביף 180 גרם,00000,1,00000,false,0.0000,29.9,29.9000,false,1,
7290109580166,false,סרוולד קלאסי פרימיום זוגלובק 150 גרם,נקניק זוגלובק נהריה,,זוגלובק פרימיום סרוולד קלאסי 150 גרם,00000,1,00000,false,0.0000,29.9,29.9000,false,1,
7290109580432,false,פסטרמה חזה הודו מעושן דק דק זוגלובק 120 גרם,נקניק זוגלובק נהריה,,פסטרמה חזה הודו מעושן 120 גר' דק דק,יח,1,יח,false,0.0000,14.7,14.7000,true,1,
7290109640761,false,מאפה פילאס במילוי פטה טבעונית 600 גרם - משומשו,סנו מפעלי ברונוס.,,מאפה פילאס במילוי פטה טבעונית 600 גרם - משומשו,יחידה,1,יחידה,false,8.0000,26.9,26.9000,false,1,
7290110110574,false,פחית קוקה קולה סליק זירו לימון 330 מל,החברה המרכזית להפצת משקאות בעמ,,קוקה-קולה זירו לימון פחית,יחידה,1,יחידה,false,0.0000,6.5,6.2000,false,1,
7290110114787,false,נביעות+ מים מינרליים בטעם תפוח 1.5 ליטר,החברה המרכזית להפצת משקאות בעמ,,נביעות+ מים מינרליים בטעם תפוח,יחידה,1,יחידה,false,12.0000,11.9,11.6000,false,1,
7290110114794,false,נביעות+ מים מינרליים בטעם אפרסק 1.5 ליטר,החברה המרכזית להפצת משקאות בעמ,,נביעות+ מים מינרליים בטעם אפרסק,יחידה,1,יחידה,false,12.0000,11.9,11.6000,false,1,
7290110114855,false,"נביעות מים מינרליים, שישיה 6 * 1.5 ליטר פקדון",החברה המרכזית להפצת משקאות בעמ,,מים מינרליים נביעות שישייה,יחידה,1,יחידה,false,0.0000,17,15.2000,false,1,
7290110114961,false,משקה קל בטעם תפוזים פריגת (1.5 ליטר),החברה המרכזית להפצת משקאות בעמ,,פריגת משקה קל תפוזים,יחידה,1,יחידה,false,12.0000,9.9,9.6000,false,1,
7290110114985,false,משקה קל בטעם אשכוליות פריגת (1.5 ליטר),החברה המרכזית להפצת משקאות בעמ,,פריגת משקה קל אשכוליות,יחידה,1,יחידה,false,12.0000,9.9,9.6000,false,1,
7290110114992,false,משקה קל בטעם אשכוליות לייט פריגת (1.5 לי,החברה המרכזית להפצת משקאות בעמ,,פריגת משקה דל קלוריות אשכוליות,יחידה,1,יחידה,false,12.0000,9.9,9.6000,false,1,
7290110115005,false,משקה קל בטעם ענבים פריגת (1.5 ליטר),החברה המרכזית להפצת משקאות בעמ,,פריגת משקה קל ענבים,יחידה,1,יחידה,false,12.0000,9.9,9.6000,false,1,
7290110115029,false,משקה קל בטעם תפוחים פריגת (1.5 ליטר),החברה המרכזית להפצת משקאות בעמ,,פריגת משקה קל תפוחים,יחידה,1,יחידה,false,12.0000,9.9,9.6000,false,1,
7290110115036,false,משקה קל בטעם מנגו פריגת (1.5 ליטר),החברה המרכזית להפצת משקאות בעמ,,פריגת משקה קל מנגו,יחידה,1,יחידה,false,12.0000,9.9,9.6000,false,1,
7290110115043,false,משקה קל בטעם לימונענע פריגת (1.5 ליטר),החברה המרכזית להפצת משקאות בעמ,,פריגת משקה קל לימונענע,יחידה,1,יחידה,false,12.0000,9.9,9.6000,false,1,
7290110115050,false,משקה קל בטעם תות בננה פריגת (1.5 ליטר),החברה המרכזית להפצת משקאות בעמ,,פריגת משקה קל תות-בננה,יחידה,1,יחידה,false,12.0000,9.9,9.6000,false,1,
7290110115203,false,קוקה קולה 1.5 ליטר פיקדון,החברה המרכזית להפצת משקאות בעמ,,קוקה -קולה בקבוק 1.5 ליטר,יחידה,1,יחידה,false,12.0000,9.9,9.6000,false,1,
7290110115210,false,קוקה קולה דיאט 1.5 ליטר פיקדון,החברה המרכזית להפצת משקאות בעמ,,דיאט קוקה-קולה בקבוק,יחידה,1,יחידה,false,12.0000,9.9,9.6000,false,1,
7290110115227,false,קוקה קולה Zero בקבוק 1.5 ליטר פיקדון,החברה המרכזית להפצת משקאות בעמ,,קוקה- קולה zero בקבוק,יחידה,1,יחידה,false,12.0000,9.9,9.6000,false,1,
7290110115234,false,קוקה קולה דיאט זירו 1.5 ליטר פיקדון,החברה המרכזית להפצת משקאות בעמ,,קוקה-קולה זירו נטול קפאין,יחידה,1,יחידה,false,0.0000,9.9,9.6000,false,1,
7290110115241,false,קוקה קולה דיאט לימון 1.5 ליטר פיקדון,החברה המרכזית להפצת משקאות בעמ,,קוקה-קולה ZERO לימון 1.5 ליטר,יחידה,1,יחידה,false,0.0000,9.9,9.6000,false,1,
7290110115265,false,ספרייט לימון ליים 1.5 ליטר-,החברה המרכזית להפצת משקאות בעמ,,בקבוק ספרייט 1.5 ליטר,יחידה,1,יחידה,false,0.0000,9.9,9.6000,false,1,
7290110115272,false,ZERO ספרייט 1.5 ליטר פיקדון,החברה המרכזית להפצת משקאות בעמ,,ספרייט זירו בקבוק,יחידה,1,יחידה,false,0.0000,9.9,9.6000,false,1,
7290110115296,false,גזוז בטעם תפוז פאנטה 1.5 ליטר פיקדון,החברה המרכזית להפצת משקאות בעמ,,פאנטה אורנג' בקבוק,יחידה,1,יחידה,false,12.0000,9.9,9.6000,false,1,
7290110115302,false,משקה מוגז אורנג' זירו פאנטה 1.5 ליטר,החברה המרכזית להפצת משקאות בעמ,,פאנטה אורנג' זירו 1.5 ליטר,יחידה,1,יחידה,false,12.0000,9.9,9.6000,false,1,
7290110115364,false,שישייה קוקה קולה 1.5 ליטר פיקדון,החברה המרכזית להפצת משקאות בעמ,,קוקה- קולה מארז שישייה,יחידה,1,יחידה,false,0.0000,51.9,50.1000,false,1,
7290110115395,false,ספרייט זירו שישיות 1.5 ליטר פיקדון,החברה המרכזית להפצת משקאות בעמ,,ספרייט זירו מארז שישייה,יחידה,1,יחידה,false,0.0000,51.9,50.1000,false,1,
7290110115418,false,קוקה קולה זירו 1.5 ליטר מארז שישייה,החברה המרכזית להפצת משקאות בעמ,,קוקה- קולה zero מארז שישייה,יחידה,1,יחידה,false,0.0000,51.9,50.1000,false,1,
7290110115463,false,פיוז-טי תה אפרסק 1.5 ליטר פיקדון,החברה המרכזית להפצת משקאות בעמ,,פיוז טי תה קר בטעם אפרסק,יחידה,1,יחידה,false,12.0000,10.9,10.6000,false,1,
7290110115616,false,פיוז-טי תה גרין אננס זירו 1.5 ליטר פיקדו,החברה המרכזית להפצת משקאות בעמ,,פיוז טי זירו בטעם אננס 1.5 ליטר,יחידה,1,יחידה,false,0.0000,10.9,10.6000,false,1,
7290110115623,false,פיוז-טי תה אפרסק זירו 1.5 ליטר פיקדון,החברה המרכזית להפצת משקאות בעמ,,פיוז טי זירו בטעם אפרסק 1.5 ליטר,יחידה,1,יחידה,false,12.0000,10.9,10.6000,false,1,
>>>>>>> d048ac2f4f281c9d788043ab4e81b61b0dbe3743
7290110115821,false,"ספרייט לימון, 1.5 ליטר פקדון",כלורוקס אוקלנד,,ספרייט לימון בקבוק 1.5 ליטר,יחידה,1,יחידה,false,12.0000,9.9,9.6000,false,1,
7290110115838,false,ספרייט לימון- ליים 1.5 ליטר,"אינסטנטה בע""מ",,ספרייט זירו בקבוק 1.5 ליטר,יחידה,1,יחידה,false,0.0000,9.9,9.6000,false,1,
7290110115845,false,קוקה קולה 1.5 ליטר פיקדון,"אינסטנטה בע""מ",,קוקה -קולה בקבוק 1.5 ליטר,יחידה,1,יחידה,false,12.0000,9.9,9.6000,false,1,
7290110115852,false,דיאט קוקה קולה 1.5 ליטר -,תות תעשיות מזון (201,,דיאט קוקה-קולה בקבוק,יחידה,1,יחידה,false,12.0000,10.2,9.9000,false,1,
7290110115869,false,קוקה קולה זירו 1.5 ליטר פיקדון,תות תעשיות מזון (201,,קוקה-קולה זירו 1.5 ליטר,יחידה,1,יחידה,false,0.0000,9.9,9.6000,false,1,
7290110115906,false,"מים מינרליים GO TO נביעות 755 מ""ל",נביעות,,"מים מינרליים, 500 מ""ל",יחידה,1,יחידה,false,24.0000,6,5.7000,false,1,
<<<<<<< HEAD
7290110116385,false,"פחיות סטפאני מרשמלו אבטיח תות זירו 330 מ""ל",החברה המרכזית לייצור משק,,קוקה קולה סטפני זירו פחית,יחידה,1,יחידה,false,24.0000,6.5,6.2000,false,1,
7290110320591,false,גבינה בולגרית במרקם מעודן 16% פיראוס,תנובה חלב,,"בולגרית 16% מרקם מעודן ""פיראוס""",יחידה,1,יחידה,false,0.0000,25.9,25.9000,false,1,
=======
7290110116385,false,"פחיות סטפאני מרשמלו אבטיח תות זירו 330 מ""ל",החברה המרכזית להפצת משקאות בעמ,,קוקה קולה סטפני זירו פחית,יחידה,1,יחידה,false,24.0000,6.5,6.2000,false,1,
7290110320591,false,גבינה בולגרית במרקם מעודן 16% פיראוס,"תנובה בע""מ ***",,"בולגרית 16% מרקם מעודן ""פיראוס""",יחידה,1,יחידה,false,0.0000,25.9,25.9000,false,1,
>>>>>>> d048ac2f4f281c9d788043ab4e81b61b0dbe3743
7290110320850,false,פתיתים גבינה חצי קשה מגורדת 28% שומן,תנובה מרכז שיתופי לש,,פתיתי עמק 200 גרם,יחידה,1,יחידה,false,0.0000,16.9,16.9000,false,1,
7290110320867,false,פתיתים גבינה חצי קשה מגורדת 28% שומן,תנובה מרכז שיתופי לש,,פתיתי עמק למאפים 28% 500 גרם,יחידה,1,יחידה,false,0.0000,39.9,39.9000,false,1,
7290110320935,false,פרוסות מוצרלה 150 גר`קולקשיין תנובה,תנובה מרכז שיתופי לש,,פרוסות מוצרלה 150 גרם,יחידה,1,יחידה,false,0.0000,18.9,18.9000,false,1,
7290110321031,false,מעדן חלב GO יוגורט מועשר בחלבון טבעי 200 ג' יופלה,"תנובה, מחלבת אלון תב",,יופלה GO,יחידה,1,יחידה,false,0.0000,6.7,6.7000,true,1,
7290110321277,false,קוטג' בקטנה 5% תנובה 100 גרם מהדרין,פארייפאבה אגרואינדוס,,קוטג' בקטנה 100 גרם 5% תנובה,יחידה,1,יחידה,false,0.0000,3,3.0000,false,1,
7290110321284,false,קוטג' בקטנה 9% תנובה 100 גרם מהדרין,פארייפאבה אגרואינדוס,,קוטג' בקטנה 100 גרם 9% תנובה,יחידה,1,יחידה,false,0.0000,3,3.0000,false,1,
7290110321680,false,יוגורט GO בטעם תות 20 גרם חלבון בגביע,מיוצר עי קונדיטוריית,,יוגורט עם תות בתוספת חלבוני חלב 2%,יחידה,1,יחידה,false,0.0000,6.7,6.7000,true,1,
7290110321697,false,יוגורט GO בטעם אפרסק 20 גרם חלבון בגביע,מיוצר עי קונדיטוריית,,יוגורט עם אפרסק בתוספת חלבוני חלב,יחידה,1,יחידה,false,0.0000,6.7,6.7000,true,1,
7290110321703,false,יוגורט עם פירות יער בתוספת חלבוני חלב 2% שומן,מיוצר עי קונדיטוריית,,יוגורט עם פירות יער בתוספת חלבוני חלב 2% שומן,יחידה,1,יחידה,false,0.0000,6.7,6.7000,true,1,
7290110322014,false,טופו בטעם טבעי תנובה ALTERNATIVE,שוורצקוף& הנקל דיסלד,,טופו טבעי,יחידה,1,יחידה,false,0.0000,13.8,13.8000,false,1,
7290110322021,false,"תנובה טופו בזיליקום 300 גר' בד""צ",שוורצקוף& הנקל דיסלד,,טופו בזיליקום,יחידה,1,יחידה,false,0.0000,13.8,13.8000,false,1,
<<<<<<< HEAD
7290110322038,false,טופו פיקנטי תנובה ALTERNATIVE,שוורצקוף& הנקל דיסלד,,טופו פיקנטי,יחידה,1,יחידה,false,0.0000,13.8,13.8000,false,1,
7290110323073,false,"משקה יוגורט יופלה גו תות פטל 250 מ""ל - רבנות",מיוצר עי קונדיטוריית,,משקה יוגורט go תות פטל,יחידה,1,יחידה,false,0.0000,7.2,7.2000,false,1,
7290110323301,false,טל העמק בסגנון אמנטל 32% שומן 200 גרם,פ.פ.ח. שאביט,,גבינת טל העמק 32% שומן 200 גרם,יחידה,1,יחידה,false,0.0000,20.9,20.9000,false,1,
7290110323592,false,יופלה יוגורט עם אפרסק מופחת קלוריות 200 ג' GO,יופלה Yoplait,,יוגורט אפרסק בתוספת חלבוני חלב 200 גרם,יחידה,1,יחידה,false,0.0000,6.7,6.7000,true,1,
=======
7290110322038,false,טופו בטעם פיקנטי 300 גר`תנובה,"תנובה בע""מ ***",,טופו פיקנטי,יחידה,1,יחידה,false,0.0000,13.8,13.8000,false,1,
7290110323073,false,"משקה יוגורט יופלה גו תות פטל 250 מ""ל - רבנות",מיוצר עי קונדיטוריית,,משקה יוגורט go תות פטל,יחידה,1,יחידה,false,0.0000,7.2,7.2000,false,1,
7290110323301,false,טל העמק בסגנון אמנטל 32% שומן 200 גרם,"תנובה בע""מ ***",,גבינת טל העמק 32% שומן 200 גרם,יחידה,1,יחידה,false,0.0000,20.9,20.9000,false,1,
7290110323592,false,יופלה יוגורט עם אפרסק מופחת קלוריות 200 ג' GO,תנובה בעמ ***,,יוגורט אפרסק בתוספת חלבוני חלב 200 גרם,יחידה,1,יחידה,false,0.0000,6.7,6.7000,true,1,
>>>>>>> d048ac2f4f281c9d788043ab4e81b61b0dbe3743
7290110324353,false,יוגורט GO לייט בטעם אננס 20 גרם חלבון בגביע,מיוצר עי קונדיטוריית,,יופלה גו לייט בטעם אננס,00000,1,00000,false,0.0000,6.7,6.7000,true,1,
7290110324728,false,ממרח סויה 9% שומן עם שום שמיר תנובה 250 גרם,מיוצר עי קונדיטוריית,,ממרח סויה 9% שומן עם שום שמיר,00000,1,00000,false,0.0000,10.8,10.8000,false,1,
7290110324858,false,מעדן שקדים בטעם אגוזי לוז תנובה 125 גרם,מיוצר עי קונדיטוריית,,מעדן שקדים בטעם אגוזי לוז,00000,1,00000,false,0.0000,4.9,4.9000,false,1,
7290110324872,false,גבינה צהובה גלבוע (5% 200 גר`)תנובה,גלבוע - תנובה,,גלבוע 5% 200 גרם,00000,1,00000,false,0.0000,20.9,20.9000,false,1,
7290110324926,false,משקה סויה ללא תוספת סוכר E אלטרנטיב,תנובה מרכז שיתופי לש,,משקה סויה ללא תוספת סוכר,00000,1,00000,false,0.0000,12.9,12.9000,false,1,
7290110325114,false,"משקה יוגורט יופלה גו לייט תות בננה 250 מ""ל - רבנות",מיוצר עי קונדיטוריית,,"משקה יוגורט גו לייט תות בננה 250 מ""ל",00000,1,00000,false,0.0000,7.2,7.2000,false,1,
<<<<<<< HEAD
7290110325121,false,"משקה יוגורט יופלה גו לייט מנגו אננס 250 מ""ל","תנובה בע""\מ",,"משקה יוגורט גו לייט מנגו אננס 250 מ""ל",00000,1,00000,false,0.0000,7.2,7.2000,false,1,
7290110325169,false,פרוסות גאודה תנובה 170 גרם,תנובה חלב,,פרוסות גאודה 170 גרם,00000,1,00000,false,0.0000,22.8,22.8000,false,1,
=======
7290110325121,false,"משקה יוגורט יופלה גו לייט מנגו אננס 250 מ""ל",תנובה בעמ ***,,"משקה יוגורט גו לייט מנגו אננס 250 מ""ל",00000,1,00000,false,0.0000,7.2,7.2000,false,1,
7290110325169,false,פרוסות גאודה 170 גר`קולקשיין תנובה,תנובה בעמ ***,,פרוסות גאודה 170 גרם,00000,1,00000,false,0.0000,22.8,22.8000,false,1,
>>>>>>> d048ac2f4f281c9d788043ab4e81b61b0dbe3743
7290110325305,false,יופלה GO סויה 20 גרם חלבון במתיקות מעודנת תנובה 200 גרם,מיוצר עי קונדיטוריית,,מעדן סויה גו 20 גרם חלבון במתיקות מעודנת,00000,1,00000,false,0.0000,6.2,6.2000,false,1,
7290110325312,false,יופלה GO סויה 20 גרם חלבון בטעם תות תנובה 200 גרם,תנובה בעמ ***,,מעדן סויה גו 20 גרם חלבון בטעם תות,00000,1,00000,false,0.0000,6.2,6.2000,false,1,
7290110325619,false,משקה שיבולת שועל תנובה E אלטרנטיב,מיוצר עי קונדיטוריית,,משקה שיבולת שועל 1 ליטר,00000,1,00000,false,0.0000,14.7,14.7000,false,1,
7290110325701,false,פיראוס צזיקי יווני 9% שומן בשיטת יצור מסורתית על בסיס יוגורט,גוד פוד פרודקטס S.p,,"צזיקי 9% ""פיראוס""",00000,1,00000,false,0.0000,15.9,15.9000,false,1,
7290110325893,false,משקה חלב GO מועשר בחלבון בטעם אייס קפה,מיוצר עי קונדיטוריית,,"תנובה go אייס קפה 340 מ""ל",00000,1,00000,false,0.0000,8.9,8.9000,false,1,
7290110326227,false,יופלה און טופ קורנפלקס תנובה 157 גרם,מיוצר עי קונדיטוריית,,ONTOP יופלה דגנים מצופים 167 גרם,יחידה,1,יחידה,false,0.0000,5.9,5.9000,false,1,
<<<<<<< HEAD
7290110326333,false,פרוסות גבינה סקנדינבית תנובה 170 גרם,פ.פ.ח. שאביט,,פרוסות גבינה סקנדינבית 170 גרם,00000,1,00000,false,0.0000,22.8,22.8000,false,1,
7290110326906,false,חלב נטול לקטוז 3% שומן תנובה 1 ליטר,מיוצר עי קונדיטוריית,,חלב נטול לקטוז 3% שומן,00000,1,00000,false,0.0000,8.5,8.5000,false,1,
7290110327033,false,משקה סויה תנובה גו מועשר בחלבון במתיקות מופחתת,מיוצר עי קונדיטוריית,,משקה סויה תנובה גו מועשר בחלבון במתיקות מופחתת,00000,1,00000,false,0.0000,14.7,14.7000,false,1,
7290110327125,false,פטה 21% מחלב צאן במי מלח תנובה 200 גרם,תנובה חלב,,פטה 21% מחלב צאן במי מלח 200 גרם,00000,1,00000,false,0.0000,24.9,24.9000,false,1,
=======
7290110326333,false,פרוסות גבינה סקנדינבית 170 גר`קולקשיין,"תנובה בע""מ ***",,פרוסות גבינה סקנדינבית 170 גרם,00000,1,00000,false,0.0000,22.8,22.8000,false,1,
7290110326906,false,חלב נטול לקטוז 3% שומן( 1 ליטר)תנובה,מיוצר עי קונדיטוריית,,חלב נטול לקטוז 3% שומן,00000,1,00000,false,0.0000,8.5,8.5000,false,1,
7290110327033,false,משקה סויה תנובה גו מועשר בחלבון במתיקות מופחתת,מיוצר עי קונדיטוריית,,משקה סויה תנובה גו מועשר בחלבון במתיקות מופחתת,00000,1,00000,false,0.0000,14.7,14.7000,false,1,
7290110327125,false,פטה 21% מחלב צאן במי מלח תנובה 200 גרם,תנובה בעמ ***,,פטה 21% מחלב צאן במי מלח 200 גרם,00000,1,00000,false,0.0000,24.9,24.9000,false,1,
>>>>>>> d048ac2f4f281c9d788043ab4e81b61b0dbe3743
7290110327514,false,alternative משקה שיבולת שועל בטעם אגוזי לוז תנובה 1 ליטר,תנובה מרכז שיתופי לש,,משקה שיבולת שועל בטעם אגוזי לוז 1 ליטר alternative,יחידה,1,יחידה,false,16.0000,14.7,14.7000,false,1,
7290110327804,false,חטיף חלבון GO - עוגיות 60 ג' חלב נוכרי - רבנות,"בלמונט קונפקציות בע""\מ.",,חטיף חלבון GO בטעם בצק עוגיות 20 גרם חלבון,יחידה,1,יחידה,false,12.0000,12.9,12.9000,false,1,
7290110327828,false,חטיף חלבון GO - חמאת בוטנים 60 ג' חלב נוכרי - רבנות,"בלמונט קונפקציות בע""\מ.",,חטיף חלבון GO בטעם חמאת בוטנים 20 גרם חלבון,יחידה,1,יחידה,false,12.0000,12.9,12.9000,false,1,
7290110328504,false,טריו - מיקס גבינות מוצרלה סקנדינבית וגאודה 300 גרם,מיוצר עי קונדיטוריית,,"טריו-מיקס מוצרלה,סקנדינבית וגאודה 300 גרם",00000,1,00000,false,20.0000,29.8,29.8000,false,1,
7290110328627,false,יוגורט יופלה GO במרקם סמיך בטעם בננה קרמל 0%,מיוצר עי קונדיטוריית,,יוגורט יופלה גו 0% בטעם בננה קרמל 200 גרם,יחידה,1,יחידה,false,0.0000,6.5,6.5000,true,1,
7290110328764,false,יוגורט יופלה GO במרקם סמיך עם תות 0%,מיוצר עי קונדיטוריית,,יוגורט יופלה גו 0% בטעם תות 200 גרם,יחידה,1,יחידה,false,0.0000,6.5,6.5000,true,1,
7290110328771,false,יוגורט יופלה GO במרקם סמיך עם פירות יער 0%,מיוצר עי קונדיטוריית,,יוגורט יופלה גו 0% בטעם פירות יער 200 גרם,יחידה,1,יחידה,false,0.0000,6.5,6.5000,true,1,
7290110328788,false,יוגורט יופלה GO במרקם סמיך בטעם אפרסק 0%,תנובה מרכז שיתופי לש,,יוגורט יופלה גו 0% בטעם אפרסק 200 גרם,יחידה,1,יחידה,false,0.0000,6.5,6.5000,true,1,
7290110329136,false,מעדן חלב מעושר בחלבון בטעם שוקולד 120 ג' GO,תנובה מרכז שיתופי לש,,מעדן חלב גו בטעם שוקולד 12 ג' חלבון,יחידה,1,יחידה,false,20.0000,5.7,5.7000,false,1,
7290110329143,false,מעדן חלב מעושר בחלבון בטעם וניל גביע 120 ג' GO,תנובה מרכז שיתופי לש,,מעדן חלב גו בטעם וניל 12 ג' חלבון,יחידה,1,יחידה,false,20.0000,5.7,5.7000,false,1,
7290110329266,false,יוגורט תנובה מחלב עיזים מלא תנובה 140 ג',תנובה בעמ ***,,יוגורט תנובה מחלב עיזים מלא 140 גרם,יחידה,1,יחידה,false,36.0000,6.9,6.9000,false,1,
7290110329433,false,טופו טבעי עם רוטב סצ'ואן אלטרנטיב 250 גרם,תנובה - חלב,,טופו טבעי עם רוטב סצ'ואן אלטרנטיב 250 גרם,יחידה,1,יחידה,false,0.0000,15.9,15.9000,false,1,
7290110329686,false,משקה GO חלב בטעם עוגיות 27 גר`חלבון,מיוצר עי קונדיטוריית,,"משקה חלב GO בטעם עוגיות 340 מ""ל",יחידה,1,יחידה,false,20.0000,8.9,8.9000,false,1,
7290110329716,false,משקה חלב קר בטעם קפוצ'ינו 230 גרם תנובה,תנובה מרכז שיתופי לש,,משקה קפה קר בטעם קפוצ'ינו 230 גרם,יחידה,1,יחידה,false,8.0000,7.5,7.5000,false,1,
7290110329723,false,משקה חלב קר בטעם לאטה 230 גרם תנובה,תנובה מרכז שיתופי לש,,משקה קפה קר בטעם לאטה 230 גרם,יחידה,1,יחידה,false,8.0000,7.5,7.5000,false,1,
7290110329730,false,"משקה חלב עם שוקולד וקפה בסגנון לאטה 2.7%  230 מ""ל תנובה",תנובה מרכז שיתופי לש,,משקה חלב עם שוקולד וקפה בסגנון לאטה 2.7%  230 גרם,יחידה,1,יחידה,false,8.0000,7.5,7.5000,false,1,
7290110329792,false,יוגורט סויה BIO Alternative אפרסק 150 ג' תנובה,מיוצר עי קונדיטוריית,,סויה BIO אפרסק גביע 150 גרם Alternative,יחדה,1,יחדה,false,48.0000,5.3,5.3000,false,1,
7290110329808,false,יוגורט סויה BIO Alternative תות 150 ג' תנובה,מיוצר עי קונדיטוריית,,סויה BIO תות גביע 150 גרם Alternative,יחדה,1,יחדה,false,48.0000,5.3,5.3000,false,1,
7290110329815,false,סויה BIO מתיקות מעודנת גביע 150 גרם אלטרנטיב,מיוצר עי קונדיטוריית,,סויה BIO מתיקות מעודנת גביע 150 גרם Alternative,יחדה,1,יחדה,false,48.0000,5.3,5.3000,false,1,
7290110329822,false,יוגורט סויה BIO Alternative פירות יער 150 ג' תנובה,מיוצר עי קונדיטוריית,,סויה BIO פירות יער גביע 150 גרם Alternative,יחדה,1,יחדה,false,48.0000,5.3,5.3000,false,1,
7290110329846,false,יוגורט סויה BIO Alternative בטעם טבעי 150 ג' תנובה,מיוצר עי קונדיטוריית,,סויה BIO טבעי גביע 150 גרם Alternative,יחדה,1,יחדה,false,48.0000,5.3,5.3000,false,1,
7290110550370,false,פריכיות משולשות קינואה ופלפל שחור 65 גרם,שטראוס גרופ בע`מ,,משולשות קינואה ופלפל שחור 65 גרם,יחידה,1,יחידה,false,0.0000,11.9,11.9000,true,1,
7290110552121,false,יוגורט 5% בתוספת סידן וויטמין D היוגורט הראשון שלי,שטראוס גרופ בעמ/מצונן,,היוגורט הראשון שלי 100 גרם,יחידה,1,יחידה,false,0.0000,2.6,2.6000,false,1,
7290110552220,false,יוגורט PRO בטעם תות 0% סוכר לבן 20 גרם חלבון בגביע,שטראוס גרופ בעמ/מצונן,,דנונה פרו ללא סוכר תות 20 גרם,יחידה,1,יחידה,false,12.0000,6.9,6.9000,true,1,
7290110552237,false,יוגורט פרו בטעם אפרסק מנגו ללא סוכר 200 ג' דנונה,שטראוס גרופ בעמ/מצונן,,דנונה פרו ללא סוכר אפרסק מנגו 20 גרם,יחידה,1,יחידה,false,12.0000,6.9,6.9000,true,1,
7290110553029,false,"אנרג'י קריספס-פריכיות חומוס, עדשים ואפונה עם קייל וסלק","פרח תעשיו מזון בע""מ",,פרכיות חלבון קייל חומוס ומלח 60 גרם,יחידה,1,יחידה,false,16.0000,10.9,10.9000,true,1,
7290110553036,false,קריספס-פריכיות עם אפונה ובטטה סגולה בטעם בצל מקורמל,"פרח תעשיו מזון בע""מ",,פרכיות חלבון בטטה סגולה ואפונה 60 גרם,יחידה,1,יחידה,false,16.0000,10.9,10.9000,true,1,
7290110553180,false,אנרגי פריכיות אורז בטעם תפוח קינמון 50 ג,שטראוס גרופ בע`מ,,פריכיות אנרגי בטעם תפוח קינמון 40 גרם,יחידה,1,יחידה,false,0.0000,7.9,7.9000,true,1,
7290110554125,false,דלישס נודלס בסגנון סצ`ואן חריף 350 גרם,קפוא-זן תעשיות מזון בעמ - תפוג,,"נודלס סצ'ואן חריף""דלישס"" שטראוס",יחידה,1,יחידה,false,10.0000,27.9,27.9000,false,1,
7290110554460,false,ציטוס קראנץ צ'דר חלפיניו 65 ג' עלית,שטראוס פריטו ליי בעמ,,ציטוס קראנץ צ'דר חלפיניו 65 גרם,יחידה,1,יחידה,false,0.0000,5,5.0000,false,1,
7290110554477,false,קפסולת אספרסו לאפוגטו טעם מייפל פקאן 50 ג' עלית,שטראוס קפה בי.וי.,,קפסולת אספרסו לאפוגטו מייפל ופקאן 50 גרם,יחידה,1,יחידה,false,12.0000,19.9,19.9000,true,1,
7290110555306,false,רבע לשבע טבעוני סינמון באן עלית 125 גרם,"הגביע מוצרי וופלים בע""\מ",,רבע לשבע טבעוני סינמון באן 125 גרם,יחידה,1,יחידה,false,0.0000,13.9,13.9000,false,1,
7290110556242,false,"שוקולד מריר פרווה 100 גר' בד""ץ תוצרת חוץ","שטראוס גרופ בע""מ.",,שוקולד מריר פרווה בדץ 100 גרם,יחידה,1,יחידה,false,0.0000,6.9,6.9000,false,1,
<<<<<<< HEAD
7290110557027,false,חומוס עשיר 50% טחינה גולמית 400 ג' אחלה,מיוצר עי קונדיטוריית,,חומוס 50% טינה,יחידה,1,יחידה,false,6.0000,15.9,15.9000,false,1,
7290110557102,false,מעדן חלב עם שוקולד מועשר בחלבון 150 ג' שטראוס,מיוצר עי קונדיטוריית,,פרו מעדן חלב שוקולד 150 גרם,יחידה,1,יחידה,false,0.0000,4.9,4.9000,false,1,
7290110558307,false,יוגורט דנונה PRO עם שיבולת שועל במתיקות מעודנת,"שטראוס בריאות בע""\מ",,דנונה פרו עם שיבולת שועל 200 גרם,יחידה,1,יחידה,false,12.0000,6.9,6.9000,true,1,
7290110558314,false,דנונה פרו 20 גרם חלבון ללא סוכר פיסטוק 200 גרם,"שטראוס בריאות בע""\מ",,דנונה פרו 20 גרם חלבון ללא סוכר פיסטוק 200 גרם,יחידה,1,יחידה,false,0.0000,6.9,6.9000,true,1,
7290110558338,false,דנונה פרו 25 ג' חלבון 200 ג' שטראוס,"שטראוס בריאות בע""\מ",,פרו 25 גר חלבון 200 גרם,יחידה,1,יחידה,false,12.0000,6.9,6.9000,true,1,
7290110558666,false,מעדן גבינה בטעם תפוח 88 ג' דניאלה,"שטראוס בריאות בע""\מ",,"מעדן דניאלה תפוח 150 מ""ל",יחידה,1,יחידה,false,24.0000,4.5,4.5000,false,1,
=======
7290110557027,false,חומוס עשיר 50% טחינה גולמית 400 ג' אחלה,שטראוס גרופ בעמ/מצונן,,חומוס 50% טינה,יחידה,1,יחידה,false,6.0000,15.9,15.9000,false,1,
7290110557102,false,מעדן חלב עם שוקולד מועשר בחלבון 150 ג' שטראוס,שטראוס גרופ בעמ/מצונן,,פרו מעדן חלב שוקולד 150 גרם,יחידה,1,יחידה,false,0.0000,4.9,4.9000,false,1,
7290110558307,false,יוגורט דנונה PRO עם שיבולת שועל במתיקות מעודנת,שטראוס גרופ בעמ/מצונן,,דנונה פרו עם שיבולת שועל 200 גרם,יחידה,1,יחידה,false,12.0000,6.9,6.9000,true,1,
7290110558314,false,דנונה פרו 20 גרם חלבון ללא סוכר פיסטוק 200 גרם,שטראוס גרופ בעמ/מצונן,,דנונה פרו 20 גרם חלבון ללא סוכר פיסטוק 200 גרם,יחידה,1,יחידה,false,0.0000,6.9,6.9000,true,1,
7290110558338,false,דנונה פרו 25 ג' חלבון 200 ג' שטראוס,שטראוס גרופ בעמ/מצונן,,פרו 25 גר חלבון 200 גרם,יחידה,1,יחידה,false,12.0000,6.9,6.9000,true,1,
7290110558666,false,מעדן גבינה בטעם תפוח 88 ג' דניאלה,שטראוס גרופ בעמ/מצונן,,"מעדן דניאלה תפוח 150 מ""ל",יחידה,1,יחידה,false,24.0000,4.5,4.5000,false,1,
>>>>>>> d048ac2f4f281c9d788043ab4e81b61b0dbe3743
7290110559762,false,ריל מאגדת אגוזים תמרים קוקוס שטראוס 105 גרם,"ואמואליס פודס אס.איי,",,ריל מאגדת אגוזים תמרם קוקוס 105 גרם,יחידה,1,יחידה,false,8.0000,17.9,17.9000,true,1,
7290110561352,false,דנונה יוגורט ביו פרוביוטי 3% דל לקטוז 150ג',שטראוס גרופ בעמ/מצונן,,דנונה דל לקטוז 200 גרם,יחידה,1,יחידה,false,0.0000,3.8,3.8000,false,1,
7290110563431,false,"משקה קפה קר בסגנון קלאסי 230 מ""ל 1.6% יוטבתה",שטראוס גרופ בעמ/מצונן,,"משקה קפה קר בסגנון קלאסי 1.6% 230 מ""ל",יחידה,1,יחידה,false,0.0000,8.5,8.5000,true,1,
7290110563448,false,"משקה קפה קר בסגנון מעודן 230 מ""ל 1.6% יוטבתה",שטראוס גרופ בעמ/מצונן,,"משקה קפה קר בסגנון מעודן 1.6% 230 מ""ל",יחידה,1,יחידה,false,0.0000,8.5,8.5000,false,1,
7290110563462,false,חלב 2% דל לקטוז בבקבוק יטבתה 1 ליטר.,שטראוס גרופ בעמ/מצונן,,חלב נטול לקטוז 2 % 1 ליטר,00000,1,00000,false,0.0000,8.5,8.5000,false,1,
7290110564339,false,חומוס אחלה הסידרה המובחר 30% טחינה 400 גר',שטראוס גרופ בעמ/מצונן,,חומוס הסדרה המובחרת עשיר ב30% טחינה,יחידה,1,יחידה,false,0.0000,15.9,15.9000,false,1,
7290110564360,false,חומוס אחלה הסידרה המובחר 40% טחינה 400 גר',שטראוס גרופ בעמ/מצונן,,חומוס הסדרה המובחרת עשיר ב40% טחינה,יחידה,1,יחידה,false,0.0000,15.9,15.9000,false,1,
7290110564742,false,"משקה קפה קר בסגנון חזק 230 מ""ל 1.2% יוטבתה",שטראוס גרופ בעמ/מצונן,,"משקה קפה קר בסגנון חזק 1.2% 230 מ""ל",יחידה,1,יחידה,false,0.0000,8.5,8.5000,true,1,
7290110565527,false,יוגורט PRO פרו 1.5% 20 גרם חלבון בגביע,שטראוס גרופ בעמ/מצונן,,"דנונה פרו 20 גרם חלבון, 200 גרם",יחידה,1,יחידה,false,0.0000,6.9,6.9000,true,1,
7290110566579,false,דבש לחיץ 200 גרם יד מרדכי,מכוורת יד מרדכי שטרא,,דבש לחיץ 200 גרם יד מרדכי,יחידה,1,יחידה,false,0.0000,13.9,13.9000,false,1,
7290110566975,false,דנונה פרו יוגורט 0% תות עשיר בחלבון 200ג',שטראוס גרופ בעמ/מצונן,,דנונה פרו 20 גרם תות 200 גרם,יחידה,1,יחידה,false,0.0000,6.9,6.9000,true,1,
7290110568238,false,"קצפת צמחית 21% שומן 250 מ""ל יוטבתה",שטראוס גרופ בעמ/מצונן,,קצפת צמחית 21% שומן,יחידה,1,יחידה,false,0.0000,8.9,8.9000,false,1,
7290110568276,false,"משקה יוטבתה פרו וניל לשתיה 350מ""ל",שטראוס גרופ בעמ/מצונן,,"משקה יטבתה פרו וניל 350 מ""ל",יחידה,1,יחידה,false,0.0000,7.9,7.9000,false,1,
7290110571382,false,מעדן חלב בטעם וניל מעושר בחלבון 150 ג' שטראוס,שטראוס גרופ בעמ/מצונן,,מעדן בטעם וניל מועשר בחלבון 150 גרם,יחידה,1,יחידה,false,12.0000,5.5,5.5000,false,1,
7290110572884,false,"קפסולות קפה מספר 20 למכונת אספרס אספרסו, 50 גרם",שטראוס קפה בי.וי.,,קפסולות קפה נספרסו 20יח,יחידה,1,יחידה,false,0.0000,19.9,19.9000,false,1,
<<<<<<< HEAD
7290110576363,false,"שוקולד ספלנדיד מריר 80% חלבי ,פולי קקאו מאוגנדה",קימ'\ס גריפלנן,,ספלנדיד שוקולד מריר אוגנדה 80% 100 גרם,יחידה,1,יחידה,false,0.0000,11.9,11.9000,false,1,
7290110576370,false,מארז שלישייה שוקולד מריר חלבי עם אגוזי לוז,שטראוס,,מארז שלישייה שוקולד אגוז מריר 3*100 גר,יחידה,1,יחידה,false,0.0000,27.9,27.9000,false,1,
7290110576752,false,טבלאות שוקולד ספלנדיד מריר 70% 100 ג' עלית,קימ'\ס גריפלנן,,שוקולד ספלנדיד 70% מריר 100 גרם,יחידה,1,יחידה,false,0.0000,14.9,14.9000,false,1,
7290110577230,false,משקה חלב בטעם פיסטוק בבקבוק יטבתה 1 ליטר,שטראוס גרופ,,משקה חלב בטעם פיסטוק 1 ליטר,יחידה,1,יחידה,false,12.0000,12.5,12.5000,false,1,
7290110577247,false,"יטבתה משקה חלב-פיסטוק בבקבוק 350 מ""ל",שטראוס גרופ,,"משקה חלב בטעם פיסטוק 350 מ""ל",יחידה,1,יחידה,false,6.0000,6.9,6.9000,false,1,
7290111340178,false,מטליות לחות ניקול לניקוי כללי בניחוח מרכך כביסה 50 יח',חוגלה קימברלי,,מטליות לחות לניקוי כללי בניחוח מ. כביסה,00000,1,00000,false,0.0000,12.8,12.8000,false,1,
7290111340185,false,מטליות לחות רצפה ניחוח מרכך כביסה ניקול 10 יחידות,חוגלה קימברלי,,מטליות לחות לניקוי הרצפה בניחוח מ. כביסה,00000,1,00000,false,12.0000,14.9,14.9000,false,1,
7290111340956,false,ניקול מטליות לחות לרצפה בניחוח פריחה לבנה,חוגלה קימברלי,,"מטליות לחות לניקוי רצפה 10 יחי' ""ניקול""",00000,1,00000,false,0.0000,15.8,15.8000,false,1,
7290111342004,false,נייר טואלט לילי לח קידס 56 דפים,חוגלה קימברלי,,נייר טואלט לילי לח קידס,00000,1,00000,false,0.0000,11.9,11.9000,false,1,
7290111342059,false,50 מטליות מיקרופייבר לשטחים אנטיבקטריאלי ניקול,ניקול,,מטליות לחות לניקוי כללי אנטיבקטריאלי,00000,1,00000,false,12.0000,15.8,15.8000,false,1,
7290111344930,false,מטליות לחות לרצפה בניחוח כביסה ארומתרפיה ניקול 10 יח',ניקול,,מטליות לחות בניחוח מרכך 10 יחי' ניקול,00000,1,00000,false,0.0000,14.8,14.8000,false,1,
7290111350665,false,קליית גת דבש לחיץ טהור מפרחי בר 350 גרם,חקלאות עין חרוד מאוח,,קליית גת דבש לחיץ טהור מפרחי בר 350 גרם,יחידה,1,יחידה,false,0.0000,24.9,24.9000,false,1,
7290111565502,false,ארטיק אוראו וניל ועוגיות סנדוויץ נסטלה 80 ג',ג'נרל מילס סאן אדריא,,גלידת סנדוויץ אוראו,יחידה,1,יחידה,false,0.0000,10,10.0000,false,1,
7290111566103,false,טבעול פלאפל מרכיבים ביתיים בלבד 590 גרם,עיצובים 2020 (4.8),,טבעול פלאפל מרכיבים ביתיים בלבד 590 גרם,יחידה,1,יחידה,false,6.0000,34.9,34.9000,true,1,
7290111566240,false,שניצל דק מן הצומח בטעם צ'ילי חריף 700 גרם,עיצובים 2020 (4.8),,שניצל דק צמחוני בטעם צ'ילי,יחידה,1,יחידה,false,8.0000,34.9,34.9000,true,1,
7290111566271,false,חטיפי תירס טבעול 657 גרם,עיצובים 2020 (4.8),,טבעול חטיפי תירס 657גרם,יחידה,1,יחידה,false,6.0000,34.9,34.9000,true,1,
7290111566318,false,שניצל דק מן הצומח בטעם ביתי 700 גרם,עיצובים 2020 (4.8),,טבעול שניצל דק מן הצומח 564 גרם,יחידה,1,יחידה,false,8.0000,34.9,34.9000,true,1,
7290111566417,false,טבעול טחון מן הצומח משופר 400 גרם,עיצובים 2020 (4.8),,טבעול טחון מן הצומח משופר 400 גרם,יחידה,1,יחידה,false,6.0000,34.9,34.9000,true,1,
7290111566547,false,טבעול חזה בגריל צמחוני 99 קלוריות 560ג',עיצובים 2020 (4.8),,"חזה צמחוני בגריל 560 גרם ""טבעול""",יחידה,1,יחידה,false,6.0000,34.9,34.9000,true,1,
7290111566561,false,"שניצל ברוקולי 99 קלוריות 560 גר' ""טבעול""",עיצובים 2020 (4.8),,"שניצל ברוקולי 99 קלוריות 560 גר' ""טבעול""",יחידה,1,יחידה,false,6.0000,34.9,34.9000,true,1,
7290111566585,false,"שניצל צמחוני 99 קלוריות 650 גר' ""טבעול""",עיצובים 2020 (4.8),,"שניצל צמחוני 99 קלוריות 650 גר' ""טבעול""",יחידה,1,יחידה,false,6.0000,34.9,34.9000,true,1,
7290111566714,false,טבעול המבורגר צמחוני 99 קלוריות 600 גרם,עיצובים 2020 (4.8),,"המבורגר צמחוני 99 קלוריות""טבעול""",יחידה,1,יחידה,false,6.0000,34.9,34.9000,true,1,
7290111566776,false,"נקניקיות קוקטייל מן הצומח 680 גרם ""טבעול""",עיצובים 2020 (4.8),,"נקניקיות קוקטייל מן הצומח 680 גרם ""טבעול""",יחידה,1,יחידה,false,6.0000,34.9,34.9000,true,1,
7290111568206,false,ביסלי פארטי מיקס אסם 150 גר',פרו מן יו פתרונות אר,,ביסלי פארטי מיקס 150 גרם,יחידה,1,יחידה,false,24.0000,9.9,9.9000,true,1,
7290111568251,false,אטריות נודלס להקפצה אסם אסייתי 350 גר',תאי פרזידנטפוד,,אסם נודלס אטריות להקפצה 350 גרם,יחידה,1,יחידה,false,10.0000,11.9,11.9000,false,1,
7290111568466,false,רוטב אסייתי למוקפץ הסדרה האסייתית,"אסם השקעות בע""\מ",,אסם רוטב אסייתי למוקפץ 290 מל,יחידה,1,יחידה,false,9.0000,18,18.0000,false,1,
7290111930898,false,חטיף פוף כוכבים גריל אמריקאי 40 גרם,פוף POOF,,פוף כוכבים גריל אמריקאי 40 גר,יחידה,1,יחידה,false,0.0000,4.5,4.5000,false,1,
7290111930911,false,חטיף פוף לבבות קלאסי 40 גרם,פוף POOF,,פוף לבבות קלאסי 40 גר,יחידה,1,יחידה,false,0.0000,4.5,4.5000,false,1,
7290112001122,false,פיניש 52 טבליות למדיח בקופסא AIO,פיניש,,פיניש 52 טבליות קופסא AIO,יחידה,1,יחידה,false,0.0000,55.9,55.9000,false,1,
7290112330352,false,"יוגורט PRO בטעם וניל 0% , 20 גרם חלבון בגביע","שטראוס בריאות בע""\מ",,דנונה פרו 20 גרם וניל,00000,1,00000,false,0.0000,6.9,6.9000,true,1,
7290112330390,false,דנונה פרו פירות יער 20 גרם חלבון 0% שומן 200 גרם,"שטראוס בריאות בע""\מ",,דנונה פרו 20 גרם פ.יער,00000,1,00000,false,0.0000,6.9,6.9000,true,1,
7290112330420,false,דנונה פרו לבן 2.9% שומן 150 גרם,מיוצר עי קונדיטוריית,,דנונה פרו לבן 2.9 % שומן,יחידה,1,יחידה,false,0.0000,4.9,4.9000,false,1,
=======
7290110576363,false,"שוקולד ספלנדיד מריר 80% חלבי ,פולי קקאו מאוגנדה",שטראוס גרופ בע`מ,,ספלנדיד שוקולד מריר אוגנדה 80% 100 גרם,יחידה,1,יחידה,false,0.0000,11.9,11.9000,false,1,
7290110576370,false,מארז שלישייה שוקולד מריר חלבי עם אגוזי לוז,שטראוס גרופ בע`מ,,מארז שלישייה שוקולד אגוז מריר 3*100 גר,יחידה,1,יחידה,false,0.0000,27.9,27.9000,false,1,
7290110576752,false,טבלאות שוקולד ספלנדיד מריר 70% 100 ג' עלית,שטראוס גרופ בע`מ,,שוקולד ספלנדיד 70% מריר 100 גרם,יחידה,1,יחידה,false,0.0000,14.9,14.9000,false,1,
7290110577230,false,משקה חלב בטעם פיסטוק בבקבוק יטבתה 1 ליטר,שטראוס גרופ בעמ/מצונן,,משקה חלב בטעם פיסטוק 1 ליטר,יחידה,1,יחידה,false,12.0000,12.5,12.5000,false,1,
7290110577247,false,"יטבתה משקה חלב-פיסטוק בבקבוק 350 מ""ל",שטראוס גרופ בעמ/מצונן,,"משקה חלב בטעם פיסטוק 350 מ""ל",יחידה,1,יחידה,false,6.0000,6.9,6.9000,false,1,
7290111340178,false,מטליות לחות ניקול לניקוי כללי בניחוח מרכך כביסה 50 יח',קימברלי קלארק ישראל שיווק בעמ,,מטליות לחות לניקוי כללי בניחוח מ. כביסה,00000,1,00000,false,0.0000,12.8,12.8000,false,1,
7290111340185,false,מטליות לחות רצפה ניחוח מרכך כביסה ניקול 10 יחידות,קימברלי קלארק ישראל שיווק בעמ,,מטליות לחות לניקוי הרצפה בניחוח מ. כביסה,00000,1,00000,false,12.0000,14.9,14.9000,false,1,
7290111340956,false,ניקול מטליות לחות לרצפה בניחוח פריחה לבנה,קימברלי קלארק ישראל שיווק בעמ,,"מטליות לחות לניקוי רצפה 10 יחי' ""ניקול""",00000,1,00000,false,0.0000,15.8,15.8000,false,1,
7290111342004,false,מגבוני נייר טואלט לחים 56 דף דיספנסר,קימברלי קלארק ישראל שיווק בעמ,,נייר טואלט לילי לח קידס,00000,1,00000,false,0.0000,11.9,11.9000,false,1,
7290111342059,false,50 מטליות מיקרופייבר לשטחים אנטיבקטריאלי ניקול,קימברלי קלארק ישראל שיווק בעמ,,מטליות לחות לניקוי כללי אנטיבקטריאלי,00000,1,00000,false,12.0000,15.8,15.8000,false,1,
7290111344930,false,מטליות לחות לרצפה בניחוח כביסה ארומתרפיה ניקול 10 יח',קימברלי קלארק ישראל שיווק בעמ,,מטליות לחות בניחוח מרכך 10 יחי' ניקול,00000,1,00000,false,0.0000,14.8,14.8000,false,1,
7290111350665,false,קליית גת דבש לחיץ טהור מפרחי בר 350 גרם,חקלאות עין חרוד מאוח,,קליית גת דבש לחיץ טהור מפרחי בר 350 גרם,יחידה,1,יחידה,false,0.0000,24.9,24.9000,false,1,
7290111565502,false,ארטיק אוראו וניל ועוגיות סנדוויץ נסטלה 80 ג',נגה גלידות שותפות מוגבלת,,גלידת סנדוויץ אוראו,יחידה,1,יחידה,false,0.0000,10,10.0000,false,1,
7290111566103,false,טבעול פלאפל מרכיבים ביתיים בלבד 590 גרם,קבוצת אוסם סחר שותפות מוגבלת,,טבעול פלאפל מרכיבים ביתיים בלבד 590 גרם,יחידה,1,יחידה,false,6.0000,34.9,34.9000,true,1,
7290111566240,false,שניצל דק מן הצומח בטעם צ'ילי חריף 700 גרם,קבוצת אוסם סחר שותפות מוגבלת,,שניצל דק צמחוני בטעם צ'ילי,יחידה,1,יחידה,false,8.0000,34.9,34.9000,true,1,
7290111566271,false,טבעול חטיפי תירס 657 גרם קפוא,קבוצת אוסם סחר שותפות מוגבלת,,טבעול חטיפי תירס 657גרם,יחידה,1,יחידה,false,6.0000,34.9,34.9000,true,1,
7290111566318,false,שניצל דק מן הצומח בטעם ביתי 700 גרם,קבוצת אוסם סחר שותפות מוגבלת,,טבעול שניצל דק מן הצומח 564 גרם,יחידה,1,יחידה,false,8.0000,34.9,34.9000,true,1,
7290111566417,false,טבעול טחון מן הצומח משופר 400 גרם,קבוצת אוסם סחר שותפות מוגבלת,,טבעול טחון מן הצומח משופר 400 גרם,יחידה,1,יחידה,false,6.0000,34.9,34.9000,true,1,
7290111566547,false,טבעול חזה בגריל צמחוני 99 קלוריות 560ג',קבוצת אוסם סחר שותפות מוגבלת,,"חזה צמחוני בגריל 560 גרם ""טבעול""",יחידה,1,יחידה,false,6.0000,34.9,34.9000,true,1,
7290111566561,false,"שניצל ברוקולי 99 קלוריות 560 גר' ""טבעול""",קבוצת אוסם סחר שותפות מוגבלת,,"שניצל ברוקולי 99 קלוריות 560 גר' ""טבעול""",יחידה,1,יחידה,false,6.0000,34.9,34.9000,true,1,
7290111566585,false,"שניצל צמחוני 99 קלוריות 650 גר' ""טבעול""",קבוצת אוסם סחר שותפות מוגבלת,,"שניצל צמחוני 99 קלוריות 650 גר' ""טבעול""",יחידה,1,יחידה,false,6.0000,34.9,34.9000,true,1,
7290111566714,false,טבעול המבורגר צמחוני 99 קלוריות 600 גרם,קבוצת אוסם סחר שותפות מוגבלת,,"המבורגר צמחוני 99 קלוריות""טבעול""",יחידה,1,יחידה,false,6.0000,34.9,34.9000,true,1,
7290111566776,false,"נקניקיות קוקטייל מן הצומח 680 גרם ""טבעול""",קבוצת אוסם סחר שותפות מוגבלת,,"נקניקיות קוקטייל מן הצומח 680 גרם ""טבעול""",יחידה,1,יחידה,false,6.0000,34.9,34.9000,true,1,
7290111568206,false,ביסלי פארטי מיקס אסם 150 גר',קבוצת אוסם סחר שותפות מוגבלת,,ביסלי פארטי מיקס 150 גרם,יחידה,1,יחידה,false,24.0000,9.9,9.9000,true,1,
7290111568251,false,אטריות נודלס להקפצה אסם אסייתי 350 גר',קבוצת אוסם סחר שותפות מוגבלת,,אסם נודלס אטריות להקפצה 350 גרם,יחידה,1,יחידה,false,10.0000,11.9,11.9000,false,1,
7290111568466,false,רוטב אסייתי למוקפץ הסדרה האסייתית,קבוצת אוסם סחר שותפות מוגבלת,,אסם רוטב אסייתי למוקפץ 290 מל,יחידה,1,יחידה,false,9.0000,18,18.0000,false,1,
7290111930898,false,חטיף פוף כוכבים גריל אמריקאי 40 גרם,ש. שסטוביץ בע`מ,,פוף כוכבים גריל אמריקאי 40 גר,יחידה,1,יחידה,false,0.0000,4.5,4.5000,false,1,
7290111930911,false,חטיף פוף לבבות קלאסי 40 גרם,ש. שסטוביץ בע`מ,,פוף לבבות קלאסי 40 גר,יחידה,1,יחידה,false,0.0000,4.5,4.5000,false,1,
7290112001122,false,פיניש 52 טבליות למדיח בקופסא AIO,תה ויסוצקי בע`מ,,פיניש 52 טבליות קופסא AIO,יחידה,1,יחידה,false,0.0000,55.9,55.9000,false,1,
7290112330352,false,"יוגורט PRO בטעם וניל 0% , 20 גרם חלבון בגביע",שטראוס גרופ בעמ/מצונן,,דנונה פרו 20 גרם וניל,00000,1,00000,false,0.0000,6.9,6.9000,true,1,
7290112330390,false,דנונה פרו פירות יער 20 גרם חלבון 0% שומן 200 גרם,שטראוס גרופ בעמ/מצונן,,דנונה פרו 20 גרם פ.יער,00000,1,00000,false,0.0000,6.9,6.9000,true,1,
7290112330420,false,דנונה פרו לבן 2.9% שומן בודד 150גר,שטראוס גרופ בעמ/מצונן,,דנונה פרו לבן 2.9 % שומן,יחידה,1,יחידה,false,0.0000,4.9,4.9000,false,1,
>>>>>>> d048ac2f4f281c9d788043ab4e81b61b0dbe3743
7290112332585,false,פריכיות משולש תפוא אורז בתיבול סלק ומלח ים אנרג'י 30 גרם,"פרח תעשיו מזון בע""מ",,פרכיות משולשות 30 גרם,00000,1,00000,false,0.0000,5.9,5.9000,false,1,
7290112332691,false,פינוקיות עוגיות קרם פסק זמן אגוזים 200 גרם,"הגביע מוצרי וופלים בע""\מ",,עוגיית קרם פסק זמן אגוזים 200 גרם,00000,1,00000,false,0.0000,12.9,12.9000,false,1,
7290112335494,false,הפריכיות הטעימות תפוחי אדמה בטעם פוטטוס,"פרח תעשיות מזון בע""\מ",,פרכיות אנרג'י בטעם פוטטו'ס 135 גרם,00000,1,00000,false,0.0000,14.9,14.9000,false,1,
7290112335500,false,"פרכיות אנרג'י חומוס,אורז,עדשים שחורות וקינואה 135 גרם","פרח תעשיות מזון בע""\מ",,"פרכיות אנרג'י חומוס,אורז,עדשים שחורות וקינואה 135 גרם",00000,1,00000,false,0.0000,14.9,14.9000,false,1,
<<<<<<< HEAD
7290112336637,false,סוכריות מאסט Must ללא סוכר יוגורט תות ואוכניות,שטראוס גרופ,,סוכריות ללס יוגורט תות אוכמניות,יחידה,1,יחידה,false,0.0000,9.9,9.9000,false,1,
7290112336712,false,יוגורט PRO לבן 0% 21 גרם חלבון בגביע,"שטראוס בריאות בע""מ",,דנונה פרו 21 0%,00000,1,00000,false,0.0000,6.9,6.9000,true,1,
7290112339171,false,מילקי מוס עם שוקולד וקצפת,מיוצר עי קונדיטוריית,,מילקי מוס 81 גרם,יחידה,1,יחידה,false,0.0000,4,4.0000,false,1,
7290112339867,false,גמדים לדרך גבינה לבנה עם מחית תות,"שטראוס בריאות בע""\מ",,גמדים סקוויז בודד תות 100 גרם,יחידה,1,יחידה,false,0.0000,6.2,6.2000,false,1,
7290112339874,false,גמדים לדרך גבינה לבנה עם מחיות תות ובננה,"שטראוס בריאות בע""\מ",,גמדים סקוויז בודד תות בננה 100 גרם,יחידה,1,יחידה,false,0.0000,6.2,6.2000,false,1,
7290112340900,false,קפה טורקי האג נטול קפאין 200 גרם,הנסיך- מפעל לייצור ט,,קפה האג נמס אבקתי 200 ג',יחידה,1,יחידה,false,12.0000,27.9,27.9000,false,1,
7290112341679,false,דנונה אקטיביה 3% שומן 200 גרם,מיוצר עי קונדיטוריית,,אקטיביה 3% 200 גרם,00000,1,00000,false,0.0000,4.3,4.3000,false,1,
7290112342102,false,סימפוניה גבינה במרקם שמנת בצל מקורמל 5%,"שטראוס בריאות בע""\מ",,סימפוניה בצל מקורמל 200 גרם,00000,1,00000,false,0.0000,12.9,12.9000,false,1,
7290112343260,false,"יטבתה רוטב שמנת קלאסי 9% שומן 260 מ""ל",שטראוס גרופ,,רוטב שמנת קלאסי 260 גרם,00000,1,00000,false,0.0000,11.9,11.9000,true,1,
7290112343420,false,"משקה חלב עם דגנים מלאים ובננה פרו יטבתה 350מ""ל",מחלבת יטבתה,,"יטבתה פרו א.בוקר 350 מ""ל",00000,1,00000,false,0.0000,7.9,7.9000,false,1,
7290112343499,false,חטיף צ'יטוס פאפס אפוי בטעם גבינה,"שטראוס פריטו ליי בע""\מ )",,צ'יטוס Puffs גבינה 55 גרם,יחידה,1,יחידה,false,0.0000,5,5.0000,false,1,
7290112343512,false,צ'יטוס puffs בטעם גבינה 180 גרם,"שטראוס פריטו ליי בע""\מ )",,צ'יטוס Puffs גבינה 160 גרם,יחידה,1,יחידה,false,0.0000,9.9,9.9000,false,1,
7290112344564,false,רביולי גבינה קלאסי שטראוס 400 ג',מיוצר עי קונדיטוריית,,רביולי גבינה 400 גרם,00000,1,00000,false,0.0000,20.9,20.9000,false,1,
7290112344786,false,קפה פלטינום קלאסיק עלית 200 גרם,הנסיך- מפעל לייצור ט,,פלטינום קלאסיק 200 גרם,00000,1,00000,false,0.0000,33.9,33.9000,false,1,
7290112346537,false,עוגיות פינוקיות בטעם טורטית 200 ג' עלית,"הגביע מוצרי ופלים בע""\מ",,פינוקיות בטעם טורטית 200 גרם,00000,1,00000,false,0.0000,13.9,13.9000,false,1,
7290112346773,false,יוגורט בטעם וניל 0% לייט אנד פרי 10 גרם חלבון בגביע,מיוצר עי קונדיטוריית,,דנונה לייט אנד פרי וניל עם חלבון 150 גרם,יחידה,1,יחידה,false,0.0000,4.9,4.9000,true,1,
7290112347008,false,גמדים לדרך גבינה לבנה עם מחית תות ושיבולת שועל,מיוצר עי קונדיטוריית,,גמדים א. בוקר תות סקוויז 100 גרם,00000,1,00000,false,0.0000,6.2,6.2000,false,1,
7290112348029,false,חומוס אסלי דליקטס 250 גרם,שטראוס,,חומוס חלק דליקטס 250 גרם,00000,1,00000,false,0.0000,10.9,10.9000,false,1,
7290112349606,false,מעדן גבינה ויוגורט תות בננה 88 ג' דניאלה,"שטראוס בריאות בע""\מ",,דניאלה תות בננה 88 גרם,יחידה,1,יחידה,false,24.0000,4.5,4.5000,false,1,
=======
7290112336637,false,סוכריות מאסט Must ללא סוכר יוגורט תות ואוכניות,שטראוס גרופ בע`מ,,סוכריות ללס יוגורט תות אוכמניות,יחידה,1,יחידה,false,0.0000,9.9,9.9000,false,1,
7290112336712,false,יוגורט PRO לבן 0% 21 גרם חלבון בגביע,שטראוס גרופ בעמ/מצונן,,דנונה פרו 21 0%,00000,1,00000,false,0.0000,6.9,6.9000,true,1,
7290112339171,false,מעדן מוס שוקולד 81 גר`מילקי,שטראוס גרופ בעמ/מצונן,,מילקי מוס 81 גרם,יחידה,1,יחידה,false,0.0000,4,4.0000,false,1,
7290112339867,false,גמדים לדרך גבינה לבנה עם מחית תות,שטראוס גרופ בעמ/מצונן,,גמדים סקוויז בודד תות 100 גרם,יחידה,1,יחידה,false,0.0000,6.2,6.2000,false,1,
7290112339874,false,גמדים לדרך גבינה לבנה עם מחיות תות ובננה,שטראוס גרופ בעמ/מצונן,,גמדים סקוויז בודד תות בננה 100 גרם,יחידה,1,יחידה,false,0.0000,6.2,6.2000,false,1,
7290112340900,false,קפה טורקי האג נטול קפאין 200 גרם,הנסיך- מפעל לייצור ט,,קפה האג נמס אבקתי 200 ג',יחידה,1,יחידה,false,12.0000,27.9,27.9000,false,1,
7290112341679,false,אקטיביה יוגורט 3% דנונה (200 גרם),שטראוס גרופ בעמ/מצונן,,אקטיביה 3% 200 גרם,00000,1,00000,false,0.0000,4.3,4.3000,false,1,
7290112342102,false,סימפוניה גבינה במרקם שמנת בצל מקורמל 5%,שטראוס גרופ בעמ/מצונן,,סימפוניה בצל מקורמל 200 גרם,00000,1,00000,false,0.0000,12.9,12.9000,false,1,
7290112343260,false,"יטבתה רוטב שמנת קלאסי 9% שומן 260 מ""ל",שטראוס גרופ בעמ/מצונן,,רוטב שמנת קלאסי 260 גרם,00000,1,00000,false,0.0000,11.9,11.9000,true,1,
7290112343420,false,"משקה חלב עם דגנים מלאים ובננה פרו יטבתה 350מ""ל",שטראוס גרופ בעמ/מצונן,,"יטבתה פרו א.בוקר 350 מ""ל",00000,1,00000,false,0.0000,7.9,7.9000,false,1,
7290112343499,false,חטיף צ'יטוס פאפס אפוי בטעם גבינה,"שטראוס פריטו ליי בע""\מ )",,צ'יטוס Puffs גבינה 55 גרם,יחידה,1,יחידה,false,0.0000,5,5.0000,false,1,
7290112343512,false,צ'יטוס puffs בטעם גבינה 180 גרם,"שטראוס פריטו ליי בע""\מ )",,צ'יטוס Puffs גבינה 160 גרם,יחידה,1,יחידה,false,0.0000,9.9,9.9000,false,1,
7290112344564,false,רביולי גבינה קלאסי שטראוס 400 ג',שטראוס גרופ בעמ/מצונן,,רביולי גבינה 400 גרם,00000,1,00000,false,0.0000,20.9,20.9000,false,1,
7290112344786,false,קפה פלטינום קלאסיק עלית 200 גרם,הנסיך- מפעל לייצור ט,,פלטינום קלאסיק 200 גרם,00000,1,00000,false,0.0000,33.9,33.9000,false,1,
7290112346537,false,עוגיות פינוקיות בטעם טורטית 200 ג' עלית,"הגביע מוצרי ופלים בע""\מ",,פינוקיות בטעם טורטית 200 גרם,00000,1,00000,false,0.0000,13.9,13.9000,false,1,
7290112346773,false,יוגורט בטעם וניל 0% לייט אנד פרי 10 גרם חלבון בגביע,שטראוס גרופ בעמ/מצונן,,דנונה לייט אנד פרי וניל עם חלבון 150 גרם,יחידה,1,יחידה,false,0.0000,4.9,4.9000,true,1,
7290112347008,false,גמדים לדרך גבינה לבנה עם מחית תות ושיבולת שועל,שטראוס גרופ בעמ/מצונן,,גמדים א. בוקר תות סקוויז 100 גרם,00000,1,00000,false,0.0000,6.2,6.2000,false,1,
7290112348029,false,חומוס אסלי דליקטס 250 גרם,שטראוס,,חומוס חלק דליקטס 250 גרם,00000,1,00000,false,0.0000,10.9,10.9000,false,1,
7290112349606,false,מעדן גבינה ויוגורט תות בננה 88 ג' דניאלה,שטראוס גרופ בעמ/מצונן,,דניאלה תות בננה 88 גרם,יחידה,1,יחידה,false,24.0000,4.5,4.5000,false,1,
>>>>>>> d048ac2f4f281c9d788043ab4e81b61b0dbe3743
7290112349705,false,פומודורו רוטב עגבניות קלאסי לפסטה יד מרדכי 350 גרם,אמיליאנה קונסרב סוסייטה,,פומודורו-רוטב עגבניות קלאסי לפסטה 350 גרם,00000,1,00000,false,0.0000,13.9,13.9000,true,1,
7290112349736,false,בזיליקום רוטב עגבניות לפסטה יד מרדכי 350 גרם,אמיליאנה קונסרב סוסייטה,,בזיליקום-רוטב עגבניות לפסטה 350 גרם,00000,1,00000,false,0.0000,13.9,13.9000,true,1,
7290112350312,false,קפסולות 15 קפה יותר למכונות נספרסו עלית 10יח',הנסיך- מפעל לייצור ט,,קפסולות 15 למכונות נספרסו 50 גרם,00000,1,00000,false,0.0000,19.9,19.9000,true,1,
7290112353566,false,סלט טחינה דליקטס 250 גרם,שטראוס,,סלט טחינה דליקטס 250 גרם,00000,1,00000,false,0.0000,14.9,14.9000,false,1,
7290112353887,false,"משקה קפה קר בטעם אגוזים יטבתה 230 מ""ל",האי נאם סי או אל.טי.,,"משקה קפה קר בטעם אגוזים 230 מ""ל",00000,1,00000,false,0.0000,8.5,8.5000,true,1,
<<<<<<< HEAD
7290112354211,false,"פיצה מרגריטה""דלישס"" שטראוס",סקרלינפיצה אס. אר. אל. א,,"פיצה מרגריטה""דלישס"" שטראוס",יחידה,1,יחידה,false,9.0000,26.9,26.9000,false,1,
7290112355027,false,דנונה פרו 20 גרם חלבון בטעם קרמל מלוח 200 גרם,"שטראוס בריאות בע""\מ",,דנונה פרו 20 גרם קרמל מלוח,00000,1,00000,false,0.0000,6.9,6.9000,true,1,
7290112355102,false,גמדים סקוויז 100 גרם פאוץ סלט פירות 100 גרם,"שטראוס בריאות בע""\מ",,גמדים פאוץ סלט פירות 100 גרם,יחידה,1,יחידה,false,7.0000,6.2,6.2000,false,1,
7290112355812,false,מילקי טופ קורנפלקס 141 ג' שטראוס,"שטראוס גרופ בע""\מ",,מילקי טופ קורנפלקס 141 גרם,יחידה,1,יחידה,false,20.0000,4.9,4.9000,false,1,
7290112357106,false,שעועית אדומה 380 גר' בקופסה טעם הטבע,שטראוס טעם הטבע,,סלרי קצוץ,יחידה,1,יחידה,false,12.0000,7.9,7.9000,true,1,
7290112357113,false,גרגרי חומוס בקופסה 380 גר' טעם הטבע,שטראוס טעם הטבע,,גרגרי חומוס 380 ט.הטבע קופסה,יחידה,1,יחידה,false,12.0000,7.9,7.9000,true,1,
7290112358004,false,פסק זמן קראנצ' עלית 32 גרם,שולן צ'\יקולטה גידה סאן.,,פסק זמן קראנץ 32 גרם,יחידה,1,יחידה,false,24.0000,5.5,5.5000,false,1,
7290112358127,false,דנונה פרו חלבון+מגנזיום- וניל ועוגיות 200 גרם,מיוצר עי קונדיטוריית,,דנונה פרו 20 גרם עם מגנזיום 200 גרם,00000,1,00000,false,0.0000,6.9,6.9000,true,1,
7290112490117,false,קליק אקסטרא לארג שוקולד חלב עם וופל ואגוזים,יוניליוור ישראל מזון בעמ,,קליק טבלה וופל ואגוזים,יחידה,1,יחידה,false,12.0000,6.9,6.9000,false,1,
7290112490216,false,מרק נמס בכוס בטעם עוף קנור 100% רכיבים טבעיים,יוניליוור ישראל מזון בעמ,,נמס בכוס טעם עוף,יחידה,1,יחידה,false,12.0000,7.9,7.9000,false,1,
7290112492548,false,"מרכך פינוק עם שמן חוחובה 700 מ""ל",יוניליוור פארם,,פינוק מרכך לשיער יבש 700- גרם,יחידה,1,יחידה,false,12.0000,13.9,13.9000,false,1,
7290112492982,false,"אבקת מרק פטריות כשל""פ 100% רכיבים טבעיים 400 גרם",יוניליוור ישראל מזון בע\,,מרק פטריות רכיבים טבעיים,יחידה,1,יחידה,false,6.0000,27.9,27.9000,false,1,
7290112493293,false,קנור - נמס ירקות וקרוטונים ר.טבעי 44 גרם,יוניליוור ישראל מזון בעמ,,נמס בכוס ירקות 100% רכיבים טבעיים,יחידה,1,יחידה,false,12.0000,7.9,7.9000,false,1,
7290112493903,false,גלידת ננסים בארבע טעמים 60 גר,"מיוצר ע""\י גלידת שטראוס",,"קרחוני מיני ננסים ""שטראוס""",יחידה,1,יחידה,false,22.0000,10,10.0000,false,1,
7290112493934,false,גלידת וניל צרפתי קרמיסימו 1.33 ל,"גלידת שטראוס בע""\מ, רחוב",,"קרמיסימו וניל צרפתי ""שטראוס""",יחידה,1,יחידה,false,6.0000,22.9,22.9000,false,1,
7290112495044,false,ציפי (פצפוצים) גריין בדצ 500גר,"יוניליור שפע ישראל בע""\מ",,ציפי (פצפוצים) גריין בדצ 500גר,יחידה,1,יחידה,false,12.0000,24,24.0000,false,1,
7290112495112,false,נשנושים טעם זעתר בייגל בייגל 260 גרם,בייגל את בייגל מזון 198),,נשנושים זעתר 300גר',יחידה,1,יחידה,false,12.0000,13.9,13.9000,false,1,
7290112496027,false,סירופ שוקולד אפיכל 580 גרם,יוניליוור ישראל מזון בע\,,סיקופ שוקולד פסח -אפיכל,יחידה,1,יחידה,false,6.0000,17.9,17.9000,false,1,
7290112496034,false,סירופ מייפל אפיכל 580 גרם,יוניליוור ישראל מזון בע\,,סיקופ מייפל פסח -אפיכל,יחידה,1,יחידה,false,6.0000,17.9,17.9000,false,1,
7290112496287,false,פתית - צ'יפס בטטה בטעם טבעי 21 גרם,JLM גלובל פודסn37\ דרך א,,פיתי צ'יפס בטטה בטעם טבעי,יחידה,1,יחידה,false,18.0000,5.9,5.9000,false,1,
7290112496430,false,קנור נמס בכוס אקסטרה עגבניות+איטריות 37 גרם - רבנות,יוניליוור ישראל מזון בע\,,נמס בכוס אקסטרה עגבניות עם המון אטריות,יחידה,1,יחידה,false,0.0000,4.5,4.5000,false,1,
7290112496447,false,נמס בכוס אקסטרה טעם עוף עם המון אטריות 27ג',יוניליוור ישראל מזון בע\,,נמס בכוס קסטרה טעם עוף עם המון אטריות,יחידה,1,יחידה,false,0.0000,4.5,4.5000,false,1,
7290112496584,false,קליק כריות Black מצופה שוקולד לבן ועוגיות,"דרך השוקולד 1, צפת 1",,קליק כריות בלאק לבן 65 גר,יחידה,1,יחידה,false,12.0000,6.9,6.9000,false,1,
7290112497000,false,פנטסטיק תרכיז ניקוי רב תכליתי בניחוח לימון,"זוהר דליה, קיבוץ דלי",,סיף ניקוי כללי לימון 1 ליטר,יחידה,1,יחידה,false,12.0000,12.9,12.9000,false,1,
7290112498007,false,גרנולה פרוטאין בתוספת חלבון שקדים וחמוציות תלמה 300 ג',"רפאלס בריא וטעים בע""\מ,",,"גרנולה פרוטאין בתוספת חלבון שקדים וחמוציות, 300 גרם",יחידה,1,יחידה,false,10.0000,21.9,21.9000,false,1,
7290112498526,false,"פתית צ'יפס עם בטטה סגולה בטעם שמנת ובצל, 22 גרם",JLM גלובל פודסn37\ דרך א,,"פתית צ'יפס עם בטטה סגולה בטעם שמנת ובצל, 22 גרם",יחידה,1,יחידה,false,18.0000,5.9,5.9000,false,1,
7290112498748,false,מיני סולרו וניל תות שדה 350 גרם,"מיוצר ע""\י גלידת שטראוס",,מיני סולרו וניל תות שדה 350 גרם,00000,1,00000,false,5.0000,29.9,29.9000,false,1,
=======
7290112354211,false,"פיצה מרגריטה""דלישס"" שטראוס",קפוא-זן תעשיות מזון בעמ - תפוג,,"פיצה מרגריטה""דלישס"" שטראוס",יחידה,1,יחידה,false,9.0000,26.9,26.9000,false,1,
7290112355027,false,דנונה פרו 20 גרם חלבון בטעם קרמל מלוח 200 גרם,שטראוס גרופ בעמ/מצונן,,דנונה פרו 20 גרם קרמל מלוח,00000,1,00000,false,0.0000,6.9,6.9000,true,1,
7290112355102,false,גמדים סקוויז 100 גרם פאוץ סלט פירות 100 גרם,שטראוס גרופ בעמ/מצונן,,גמדים פאוץ סלט פירות 100 גרם,יחידה,1,יחידה,false,7.0000,6.2,6.2000,false,1,
7290112355812,false,מילקי טופ קורנפלקס 141 ג' שטראוס,שטראוס גרופ בעמ/מצונן,,מילקי טופ קורנפלקס 141 גרם,יחידה,1,יחידה,false,20.0000,4.9,4.9000,false,1,
7290112357106,false,שעועית אדומה 380 גר' בקופסה טעם הטבע,שטראוס גרופ בע`מ,,סלרי קצוץ,יחידה,1,יחידה,false,12.0000,7.9,7.9000,true,1,
7290112357113,false,גרגרי חומוס בקופסה 380 גר' טעם הטבע,שטראוס גרופ בע`מ,,גרגרי חומוס 380 ט.הטבע קופסה,יחידה,1,יחידה,false,12.0000,7.9,7.9000,true,1,
7290112358004,false,פסק זמן חטיף קראנץ עלית( 32 גר`),שולן צ'\יקולטה גידה סאן.,,פסק זמן קראנץ 32 גרם,יחידה,1,יחידה,false,24.0000,5.5,5.5000,false,1,
7290112358127,false,דנונה פרו חלבון+מגנזיום- וניל ועוגיות 200 גרם,שטראוס גרופ בעמ/מצונן,,דנונה פרו 20 גרם עם מגנזיום 200 גרם,00000,1,00000,false,0.0000,6.9,6.9000,true,1,
7290112490117,false,קליק אקסטרא לארג שוקולד חלב עם וופל ואגוזים,יוניליוור ישראל שיווק בע`מ,,קליק טבלה וופל ואגוזים,יחידה,1,יחידה,false,12.0000,6.9,6.9000,false,1,
7290112490216,false,מרק נמס בכוס בטעם עוף קנור 100% רכיבים טבעיים,יוניליוור ישראל שיווק בע`מ,,נמס בכוס טעם עוף,יחידה,1,יחידה,false,12.0000,7.9,7.9000,false,1,
7290112492548,false,"מרכך פינוק עם שמן חוחובה 700 מ""ל",יוניליוור ישראל שיווק בע`מ,,פינוק מרכך לשיער יבש 700- גרם,יחידה,1,יחידה,false,12.0000,13.9,13.9000,false,1,
7290112492982,false,"אבקת מרק פטריות כשל""פ 100% רכיבים טבעיים 400 גרם",יוניליוור ישראל שיווק בע`מ,,מרק פטריות רכיבים טבעיים,יחידה,1,יחידה,false,6.0000,27.9,27.9000,false,1,
7290112493293,false,קנור - נמס ירקות וקרוטונים ר.טבעי 44 גרם,יוניליוור ישראל שיווק בע`מ,,נמס בכוס ירקות 100% רכיבים טבעיים,יחידה,1,יחידה,false,12.0000,7.9,7.9000,false,1,
7290112493903,false,מעדן קפוא בטעמים תות לימון ענבים ומשמש,"מיוצר ע""\י גלידת שטראוס",,"קרחוני מיני ננסים ""שטראוס""",יחידה,1,יחידה,false,22.0000,10,10.0000,false,1,
7290112493934,false,קרמיסימו מעדן קפוא טעם וניל צרפתי,"גלידת שטראוס בע""\מ, רחוב",,"קרמיסימו וניל צרפתי ""שטראוס""",יחידה,1,יחידה,false,6.0000,22.9,22.9000,false,1,
7290112495044,false,דגני קוקומן פצפוצים תלמה (375 גרם),יוניליוור ישראל שיווק בע`מ,,ציפי (פצפוצים) גריין בדצ 500גר,יחידה,1,יחידה,false,12.0000,24,24.0000,false,1,
7290112495112,false,נשנושים טעם זעתר בייגל בייגל 260 גרם,יוניליוור ישראל שיווק בע`מ,,נשנושים זעתר 300גר',יחידה,1,יחידה,false,12.0000,13.9,13.9000,false,1,
7290112496027,false,"סירופ שוקולד לחיץ 580 מ""ל כשל""פ אפיכל",יוניליוור ישראל שיווק בע`מ,,סיקופ שוקולד פסח -אפיכל,יחידה,1,יחידה,false,6.0000,17.9,17.9000,false,1,
7290112496034,false,"סירופ מייפל לחיץ 580 מ""ל כשל""פ אפיכל",יוניליוור ישראל שיווק בע`מ,,סיקופ מייפל פסח -אפיכל,יחידה,1,יחידה,false,6.0000,17.9,17.9000,false,1,
7290112496287,false,פתית - צ'יפס בטטה בטעם טבעי 21 גרם,יוניליוור ישראל שיווק בע`מ,,פיתי צ'יפס בטטה בטעם טבעי,יחידה,1,יחידה,false,18.0000,5.9,5.9000,false,1,
7290112496430,false,קנור נמס בכוס אקסטרה עגבניות+איטריות 37 גרם - רבנות,יוניליוור ישראל שיווק בע`מ,,נמס בכוס אקסטרה עגבניות עם המון אטריות,יחידה,1,יחידה,false,0.0000,4.5,4.5000,false,1,
7290112496447,false,נמס בכוס אקסטרה טעם עוף עם המון אטריות 27ג',יוניליוור ישראל שיווק בע`מ,,נמס בכוס קסטרה טעם עוף עם המון אטריות,יחידה,1,יחידה,false,0.0000,4.5,4.5000,false,1,
7290112496584,false,קליק כריות Black מצופה שוקולד לבן ועוגיות,יוניליוור ישראל שיווק בע`מ,,קליק כריות בלאק לבן 65 גר,יחידה,1,יחידה,false,12.0000,6.9,6.9000,false,1,
7290112497000,false,פנטסטיק תרכיז ניקוי רב תכליתי בניחוח לימון,יוניליוור ישראל שיווק בע`מ,,סיף ניקוי כללי לימון 1 ליטר,יחידה,1,יחידה,false,12.0000,12.9,12.9000,false,1,
7290112498007,false,גרנולה פרוטאין בתוספת חלבון שקדים וחמוציות תלמה 300 ג',יוניליוור ישראל שיווק בע`מ,,"גרנולה פרוטאין בתוספת חלבון שקדים וחמוציות, 300 גרם",יחידה,1,יחידה,false,10.0000,21.9,21.9000,false,1,
7290112498526,false,"פתית צ'יפס עם בטטה סגולה בטעם שמנת ובצל, 22 גרם",יוניליוור ישראל שיווק בע`מ,,"פתית צ'יפס עם בטטה סגולה בטעם שמנת ובצל, 22 גרם",יחידה,1,יחידה,false,18.0000,5.9,5.9000,false,1,
7290112498748,false,מאגדת מיני סולרו וניל תות שדה 350 גר`,"מיוצר ע""\י גלידת שטראוס",,מיני סולרו וניל תות שדה 350 גרם,00000,1,00000,false,5.0000,29.9,29.9000,false,1,
>>>>>>> d048ac2f4f281c9d788043ab4e81b61b0dbe3743
7290112498939,false,שלגון בומבה בטעם וניל 80 גרם,"מיוצר ע""\י גלידת שטראוס",,בומבה 84 גרם,יח,1,יח,false,36.0000,10,10.0000,false,1,
7290112498946,false,קשת בענן ארטיק ילדים שטראוס 47 גרם,"גלידת שטראוס בע""\מ, רח'\",,קשת בענן ארטיק ילדים שטראוס 47 גרם,יחידה,1,יחידה,false,24.0000,6,6.0000,false,1,
7290112499097,false,מאגדת מיני מגנום מריר Intense Dark! 240 גרם,"מיוצר ע""\י גלידת שטראוס",,מאגדת מיני מגנום מריר Intense Dark! 240 גרם,יחידה,1,יחידה,false,8.0000,34.9,34.9000,false,1,
7290112499127,false,שלגון גלידה שוקולד לבן ותות 77 גרם,"מיוצר ע""\י גלידת שטראוס",,מגנום שוקולד לבן תות 77 גרם,יחידה,1,יחידה,false,30.0000,11,11.0000,false,1,
7290112499219,false,שלגון שמנת מופחת שומן וקלוריות בטעם פיסטוק עם ריפל בטעם שוקולד מריר וציפוי חלקי של שוקולד חלב מעולה,"גלידת שטראוס בע""\מ, רחוב",,מאגדת גודיז בטעם פיסטוק ושוקולד,יחידה,1,יחידה,false,8.0000,29.9,29.9000,false,1,
7290112499639,false,טילון סופר מגנום וניל צ'יפ שוקולד 110 גרם,"מיוצר ע""\י גלידת שטראוס",,טילון וניל ושוקולד מגנום,יחידה,1,יחידה,false,24.0000,12,12.0000,false,1,
7290112499677,false,מגנום וניל בציפוי שוקולד לבן,"מיוצר ע""\י גלידת שטראוס",,"שלגון בטעם וניל ""מגנום""",יחידה,1,יחידה,false,30.0000,10,10.0000,false,1,
7290112499776,false,גלידת שמנת מופחתת שומן וקלוריות בטעם שוקולד לבן 240 גרם,"גלידת שטראוס בע""\מ, רח'\",,גלידת שמנת מופחתת שומן וקלוריות בטעם שוקולד לבן 240 גרם,00000,1,00000,false,5.0000,29.9,29.9000,false,1,
7290112499813,false,קרחון שרבט בטעם אבטיח פרווה 75 גרם,"גלידת שטראוס בע""\מ, רח'",,קרחון שרבט פרווה 75 גרם אבטיח,00000,1,00000,false,0.0000,3,3.0000,false,1,
7290112499837,false,מגנום דואט שוקו לד עם נוגט שטראוס,"מיוצר ע""\י גלידת שטראוס",,"שלגון בטעם שוקולד עם נוגט ""מגנום""",יחידה,1,יחידה,false,30.0000,10,10.0000,false,1,
7290112499844,false,מאגדת מיני מגנום דואט שוקולד עם נוגט שטראוס 310 גרם,"מיוצר ע""\י גלידת שטראוס",,מיני מגנום דאבל,יחידה,1,יחידה,false,5.0000,35,35.0000,false,1,
7290112499905,false,טילון קורניטו קליק בטעם מרשמלו 72 גרם,"מיוצר ע""\י גלידת שטראוס",,טילון קורניטו קליק בטעם מרשמלו 72 גרם,00000,1,00000,false,24.0000,10,10.0000,false,1,
7290112499929,false,מגנום שוקולד אימפלס פסח 120מל,"מיוצר ע""\י גלידת שטראוס",,"שלגון בטעם שוקולד ""מגנום""",יחידה,1,יחידה,false,30.0000,10,10.0000,false,1,
<<<<<<< HEAD
7290112960856,false,טילון אקסטרים115-120 גרם מטבע שוקולד בטעם לוז נוגט נסטלה 115 גרם,גלידות נסטלה )נגה גלידות,,גלידה בשומן צמחי בטעם ריבת חלב ומטבע שוקולד,יחידה,1,יחידה,false,0.0000,10,10.0000,false,1,
7290112961372,false,פיטנס חטיפי פריכיות דקות קינמון 60 גרם,"פרח תעשיות מזון בע""\מ",,פיטנס חטיפי פריכיות דקות קינמון 60 גרם,יחידה,1,יחידה,false,12.0000,9.9,9.9000,true,1,
7290112961464,false,פיטנס חטיפי פריכיות דגנים וחומוס מתובלות,"פרח תעשיות מזון בע""\מ",,פיטנס חטיפי פריכיות דקות מתובלות 60 גרם,יחידה,1,יחידה,false,12.0000,9.9,9.9000,true,1,
7290112962003,false,שלגון קראנץ וניל עוגיות עם שוקולד נסטלה 90 גרם,גלידות נסטלה )נגה גלידות,,קראנץ וניל עוגיות,יחידה,1,יחידה,false,0.0000,10,10.0000,false,1,
7290112962287,false,טבעול שווארמה טבעונית 6*450 גרם,"טבעול תעשיות מזון בע""\מ",,טבעול שווארמה טבעוניות 450 גרם,00000,1,00000,false,6.0000,34.9,34.9000,true,1,
7290112962751,false,מעדן קפוא בטעם וניל עם שברי עוגיות וציפוי,שוורצקוף& הנקל דיסלד,,מעדן קפוא בטעם וניל עם שברי עוגיות וציפוי,יחידה,1,יחידה,false,0.0000,10,10.0000,false,1,
7290112963529,false,מאגדת טילון אקסטרים שוקו וניל פרווה נסטלה,גלידות נסטלה )נגה גלידות,,מאגדת אקסטרים שוקו וניל פרווה,יחידה,1,יחידה,false,0.0000,36.9,36.9000,false,1,
7290112963918,false,פיטנס חטיפי קרקר דק רוזמרין 140 גרם,נסטלה Nestle,,פיטנס קרקר דק רוזמרין 140 גרם,00000,1,00000,false,12.0000,13.8,13.8000,false,1,
7290112964434,false,אסם רוטב קיסר חדש לסלט 295 גרם,"אסם תעשיות בע""מ",,אסם רוטב קיסר חדש לסלט 295 גרם,00000,1,00000,false,9.0000,14.9,14.9000,false,1,
7290112965288,false,מרק נמס ירקות אסם בדצ 56 גרם מארז זוגי,"אסם תעשיות בע""מ",,אסם זוג מרק נמס סוף ירקות 56 גרם,יחידה,1,יחידה,false,10.0000,7,7.0000,false,1,
7290112965684,false,פיטנס - חטיף מולטיגריין עשבי תיבול 25 גרם,מיוצר עי קונדיטוריית,,פיטנס חטיף מולטיגריין ע.תיבול 25 גרם,00000,1,00000,false,24.0000,5.5,5.5000,false,1,
7290112966803,false,אסם פודינג אינסטנט שוקולד 95 גרם,"אסם השקעות בע""\מ",,אסם פודינג אינסטנט שוקולד 95 גרם,יחידה,1,יחידה,false,12.0000,6.9,6.9000,false,1,
7290112967848,false,ג'לי תות שדה מופחת סוכר אסם 90 גרם,מיוצר עי קונדיטוריית,,אסם ג'לי תות שדה מופחת סוכר 90 גרם,יחידה,1,יחידה,false,12.0000,7.9,7.9000,false,1,
7290112968807,false,פיטנס - קרקר דק סלק 140 גרם,מפעל אסם יקנעם,,פיטנס קרקר דק סלק 140 גרם,00000,1,00000,false,12.0000,13.8,13.8000,false,1,
7290112968821,false,פיטנס - קרקר דק בטטה 140 גרם,מפעל אסם יקנעם,,פיטנס קרקר דק בטטה 140 גרם,00000,1,00000,false,12.0000,13.8,13.8000,false,1,
7290113192348,false,בית השיטה זיתים ירוקים גדול מאודבטעם שום,בית-השיטה עסיס תעשיות מז,,בית השיטה זית ירוק ט.שום 340 גרם,00000,1,00000,false,12.0000,11.9,11.9000,false,1,
7290113192355,false,חרוזית זיתים ירוקים ללא גלעין 275 ג' בית השיטה,בית-השיטה עסיס תעשיות מז,,בית השיטה חרוזית ירוק א-12 275 גרם,00000,1,00000,false,12.0000,12.9,12.9000,false,1,
7290113192362,false,זיתים ירוקים טבעות A2 בית השיטה 280 גרם,בית-השיטה עסיס תעשיות מז,,טבעות זיתים בית השיטה 340 גרם,00000,1,00000,false,12.0000,15.9,15.9000,false,1,
7290113192386,false,בית השיטה זיתים ירוקים סורי מבוקע 340גרם,בית השיטה,,בית השיטה זית סורי מבוקע א2 12*340ג חדש,00000,1,00000,false,12.0000,12.9,12.9000,false,1,
7290113192393,false,בית השיטה קוקטייל זיתים א2 336 גרם,בית-השיטה עסיס תעשיות מז,,בית השיטה קוקטייל זיתים א2 336 גרם,00000,1,00000,false,12.0000,12.9,12.9000,false,1,
7290113192478,false,בית השיטה מלפפונים במלח בינוני 10-12 320 גרם,בית-השיטה עסיס תעשיות מז,,ב.הש.מלפפון מלח ר.טבעי א2 10-12 320 גרם,00000,1,00000,false,12.0000,9.9,9.9000,false,1,
7290113192485,false,בית השיטה מלפפונים בחומץ בינוני 10-12 290 גרם,בית-השיטה עסיס תעשיות מז,,ב.הש.מלפ.חומץ ר.טבע.א2 12-10 12*290ג חדש,00000,1,00000,false,12.0000,9.9,9.9000,false,1,
7290113192492,false,בית השיטה מלפפונים בחומץ קטנים 1317 290 גרם,בית-השיטה עסיס תעשיות מז,,"מלפפונים בחומץ ""בית השיטה"" 290 גרם",00000,1,00000,false,12.0000,12.9,12.9000,false,1,
7290113192508,false,בית השיטה מלפפונים במלח קטן 1317 320 גרם,בית-השיטה עסיס תעשיות מז,,ב.השיטה מלפפון במלח ר.טבע א2 17-13 320 גרם,00000,1,00000,false,12.0000,12.9,12.9000,false,1,
7290113192515,false,בית השיטה מלפפונים במלח קטן מאוד 1825 320 גרם,בית-השיטה עסיס תעשיות מז,,מלפפונים במלח 18-25,00000,1,00000,false,12.0000,13.9,13.9000,false,1,
7290113192539,false,בית השיטה מלפפונים במלח גדול 79 320 גרם,בית-השיטה עסיס תעשיות מז,,מלפפונים במלח 7-9 320 גר,00000,1,00000,false,12.0000,7.9,7.9000,true,1,
7290113193000,false,בית השיטה פלפל שיפקונית 230 גרם*,"בית השיטה תעשיות בע""\מ",,בית השיטה פלפל שיפקונית 230 גרם,00000,1,00000,false,12.0000,13.9,13.9000,false,1,
7290113193017,false,בית השיטה חרוזית קוקטייל זיתים 275 גרם,"בית השיטה תעשיות בע""\מ",,בית השיטה חרוזית קוקטייל זיתים 275 גרם,00000,1,00000,false,12.0000,16.9,16.9000,false,1,
7290113193031,false,חרוזית קלמטה - זיתים שחורים ללא גלעין קלמטה,"בית השיטה תעשיות בע""\מ",,בית השיטה חרוזית קלמטה 275 גרם,00000,1,00000,false,12.0000,16.9,16.9000,false,1,
7290113193321,false,"שמן זית כתית מעולה בית השיטה 750 מ""ל",אצטס אבסה אס. איי. יו.,,"בית השיטה שמן זית כתית מעולה 750 מ""ל",00000,1,00000,false,12.0000,34.9,34.9000,false,1,
7290113197855,false,תירס גמדי בית השיטה 230 גרם,בית השיטה,,בית השיטה תירס גמדי 230 גר,יחידה,1,יחידה,false,0.0000,11.9,11.9000,false,1,
7290114310338,false,צפתית מעודנת 5% בגביע 225 גרם משק צוריאל,מחלבת משק צוריאל,,"צפתית מעודנת 5% ""משק צוריאל"" 2250 גרם",יחידה,1,יחידה,false,0.0000,17.9,17.9000,false,1,
7290114311069,false,יוגורט לבן מועשר בחלבון 0% שומן 200 גרם muller active,מולר Muller,,מולר אקטיב 25 ג' חלבון 0% שומן,יחידה,1,יחידה,false,24.0000,6.5,6.5000,false,1,
7290114311298,false,יוגורט מולר פרופ בטעם תות בננה מלון 150,מולר Muller,,מולר פרופ קציפת תות בננה מלון 150 גרם,יחידה,1,יחידה,false,0.0000,5.5,5.5000,true,1,
7290114311304,false,יוגורט קציפת מנגו פסיפלורה בננה 150 ג' מולר,מולר Muller,,מולר פרופ קציפת מנגו פסיפלורה בננה 150 גרם,יחידה,1,יחידה,false,0.0000,5.5,5.5000,true,1,
7290114311359,false,יוגורט עם קציפת מנגו 3% שומן פרופ 150 ג' מולר,מולר Muller,,מולר פרופ קציפת מנגו 3% שומן 150גרם,יחידה,1,יחידה,false,0.0000,5.5,5.5000,true,1,
7290114600927,false,עלי טורטייה חיטה מלאה מאסטר שף 320 גרם,אלקאטי קורביישיסי גי,,מאסטר שף עלי טורטיה חיטה מלאה 320 גרם,00000,1,00000,false,0.0000,12.9,12.9000,false,1,
7290115190014,false,סיגריות מרלבורו רד קצר בוקס,פיליפ מוריס,,PPמרלבורו רד,יחידה,1,יחידה,false,10.0000,34,34.0000,false,1,
7290115190076,false,סיגריות מרלבורו גולד ארוך 100 בוקס,פיליפ מוריס,,מרלבורו גולד 100PP,יחידה,1,יחידה,false,10.0000,34,34.0000,false,1,
7290115190090,false,סיגריות מרלבורו קצר בוקס בודד,פיליפ מוריס,,מרלבורו גולדPP,יחידה,1,יחידה,false,10.0000,34,34.0000,false,1,
7290115190137,false,סיגריות מרלבורו טאצ סילבר יחידה,פיליפ מוריס,,מרלבורו פיין טאץ'PP,יחידה,1,יחידה,false,10.0000,31,31.0000,false,1,
7290115190151,false,סיגריות מרלבורו טאצ גולד,פיליפ מוריס,,מרלבורו טאץ'PP,יחידה,1,יחידה,false,10.0000,31,31.0000,false,1,
7290115190199,false,פרלמנט נייט ארוך חפיסה,פיליפ מוריס,,פרלמנט נייט 100PP,יחידה,1,יחידה,false,10.0000,39,39.0000,false,1,
7290115190250,false,סיגריות פרלמנט קצר בודד,פיליפ מוריס,,פרלמנט נייטPP,יחידה,1,יחידה,false,10.0000,39,39.0000,false,1,
7290115190335,false,ל.מ.בלו לייבל ארוך בוקס חפיסה,פיליפ מוריס,,ל.מ בלו 100PP,יחידה,1,יחידה,false,10.0000,30,30.0000,false,1,
7290115190359,false,סיגריות L.M בלו לייבל קצר,פיליפ מוריס,,ל.מ בלוPP,יחידה,1,יחידה,false,10.0000,30,30.0000,false,1,
7290115190373,false,סיגריות ל.מ. קפסולהP,פיליפ מוריס,,ל.מ. קפסולהPP,יחידה,1,יחידה,false,10.0000,30,30.0000,false,1,
7290115190397,false,סיגריות L.M קצר רד לייבל בודד,פיליפ מוריס,,ל.מ רדPP,יחידה,1,יחידה,false,10.0000,30,30.0000,false,1,
7290115190434,false,סיגריות L.M וייב סלימס בודד,פיליפ מוריס,,ל.מ וייבPP,יחידה,1,יחידה,false,10.0000,30,30.0000,false,1,
7290115190472,false,סיגריות נקסט פיין אדג',פיליפ מוריס,,נקסט פיין אדגPP,יחידה,1,יחידה,false,10.0000,25,25.0000,false,1,
7290115190496,false,סיגריות נקסט ארוך בודד,פיליפ מוריס,,נקסט פיין 100PP,יחידה,1,יחידה,false,10.0000,30,30.0000,false,1,
7290115190519,false,סיגריות נקסט פיין חפ,פיליפ מוריס,,נקסט פייןPP,יחידה,1,יחידה,false,10.0000,30,30.0000,false,1,
7290115190571,false,סיגריות נקסט לילך בודד,פיליפ מוריס,,נקסט לילךPP,יחידה,1,יחידה,false,10.0000,30,30.0000,false,1,
7290115190595,false,סיגריות נקסט אוריגינ,פיליפ מוריס,,נקסט אוריג'ינלPP,יחידה,1,יחידה,false,10.0000,30,30.0000,false,1,
7290115190632,false,טבק מרלבורו גולד 30 גרם חפיסה,פיליפ מוריס,,טבק מרלבורו גולדPP,יחידה,1,יחידה,false,5.0000,78.9,78.9000,false,1,
7290115190656,false,טבק נקסט פיין 40 גרם חפיסה,פיליפ מוריס,,טבק נקסט פייןPP,יחידה,1,יחידה,false,5.0000,81,81.0000,false,1,
7290115190892,false,סיגריות מרלבורו פיוז'ן קפסולה בודד,פיליפ מוריס,,קופסא מרלבורו פיוזן קפסולה,יחידה,1,יחידה,false,10.0000,27,27.0000,false,1,
7290115190939,false,אל.אם קפסולות קליק חפיסה,פיליפ מוריס,,קופסא ל.מ. קליק קפסולה,יחידה,1,יחידה,false,10.0000,25,25.0000,false,1,
7290115191035,false,מרלבורו סאמר ספלאש קופסא,פיליפ מוריס,,מרלבורו סאמר ספלאש,יחידה,1,יחידה,false,10.0000,29,29.0000,false,1,
7290115200003,false,פתי בר פינוקי וניל אסם 220 גרם,תאי פרזידנט פוד פאבל,,אסם פתי בר פינוקים ניל 220 גרם,00000,1,00000,false,16.0000,12.9,12.9000,true,1,
7290115200027,false,אסם פתי בר פינוקים שוקו 220 גרם,קריות זול,,אסם פתי בר פינוקים שוקו 220 גרם,00000,1,00000,false,16.0000,12.9,12.9000,true,1,
7290115200676,false,עוגיות קרמוגית במילוי קרם בטעם קרמל מלוח,"הגביע מוצרי וופלים בע""\מ",,אסם קרמוגית קרמל מלוח 200 גרם,00000,1,00000,false,12.0000,12.9,12.9000,false,1,
7290115201031,false,אסם פתי בר דובי שוקולד 175 גרם,טרופיקל דגיל תעשיות,,אסם פתי בר דובי שוקולד 175 גרם,יחידה,1,יחידה,false,18.0000,12.9,12.9000,true,1,
7290115201703,false,ביסלי ברביקיו גדול אסם 200 גרם,מיוצר עי קונדיטוריית,,ביסלי ברביקיו 200 גרם,00000,1,00000,false,25.0000,9.9,9.9000,true,1,
7290115201727,false,ביסלי חטיף בטעם בצל אסם 200 גרם,מיוצר עי קונדיטוריית,,ביסלי בצל 200 גרם,00000,1,00000,false,25.0000,9.9,9.9000,true,1,
7290115203134,false,פופקו פופקורן במבה אסם 80 גרם,"אסם השקעות בע""\מ",,פופקו פופקורן במבה 80 גרם,יחידה,1,יחידה,false,0.0000,5.9,5.9000,false,1,
7290115204056,false,"קטשופ מופחת סוכר אסם 690 גרם כשל""פ","אסם תעשיות בע""מ",,אסם קטשופ מופחת סוכר כלפ 690 גרם,00000,1,00000,false,9.0000,12.9,12.9000,false,1,
7290115205176,false,פיטנס - קרקר דק כפרי פיטנס 140 גרם,נסטלה Nestle,,קרקר פיטנס THIN כפרי 140 גרם,יחידה,1,יחידה,false,12.0000,13.8,13.8000,false,1,
7290115205312,false,קרקר פיטנס דק עם זיתי קלמטה ועשבי תיבול,"אסם השקעות בע""\מ",,פיטנס קרקר Thin Deli זיתים 140גרם,יחידה,1,יחידה,false,12.0000,13.8,13.8000,false,1,
7290115206890,false,ביסלי המבורגר חדש 70 ג אסם,"אסם השקעות בע""\מ",,ביסלי המבורגר אסם 70 גרם,יחידה,1,יחידה,false,0.0000,5,5.0000,false,1,
7290115207941,false,סירופ אננס ויטמינצ'יק 1 ליטר,בית-השיטה עסיס תעשיות מז,,ויטמינצ'יק אננס סירופ 1 ליטר,יחידה,1,יחידה,false,12.0000,23.9,23.9000,false,1,
7290115207989,false,סירופ לימון ויטמינצ'יק 1 ליטר,בית-השיטה עסיס תעשיות מז,,ויטמינצ'יק לימון סירופ 1 ליטר,יחידה,1,יחידה,false,12.0000,23.9,23.9000,false,1,
7290115208009,false,סירופ ענבים ויטמינצ'יק 1 ליטר,בית-השיטה עסיס תעשיות מז,,ויטמינצ'יק ענבים סירופ 1 ליטר,יחידה,1,יחידה,false,12.0000,23.9,23.9000,false,1,
7290115208047,false,סירופ פטל ויטמינצ'יק 1 ליטר,בית-השיטה עסיס תעשיות מז,,ויטמינצ'יק פטל סירופ 1 ליטר,יחידה,1,יחידה,false,12.0000,23.9,23.9000,false,1,
7290115208061,false,סירופ תפוח ויטמינצ'יק 1 ליטר,בית השיטה עסיס תעשיות מז,,ויטמינצ'יק תפוח סירופ 1 ליטר,יחידה,1,יחידה,false,12.0000,23.9,23.9000,false,1,
7290115208597,false,קרמוגית מיניס קרמל מלוח אסם 200 גרם,"אסם השקעות בע""\מ",,קרמוגית מיניס קרמל מלוח אסם 200 גרם,יחידה,1,יחידה,false,0.0000,13.9,13.9000,false,1,
7290115209174,false,במבה אורירית קלאסי 60 גר',אסם השקעות בעמ,,במבה אורירית 60 גרם אסם,יחידה,1,יחידה,false,48.0000,5,5.0000,true,1,
7290115671223,false,מסטיק מאסט פאן אבטיח מנגו צנצנת 58 גרם,אסקום קונפקשיין,,מאסט פאן אבטיח מנגו 58 גרם,יחידה,1,יחידה,false,12.0000,10,10.0000,true,1,
7290115675696,false,דגני בוקר קראנצ'ים שיבולת שועל עם אגוזים ושקדים,גלידות שטראוס,,קוואקר Cruesli אגוזים 375 גרם,יחידה,1,יחידה,false,6.0000,24.9,24.9000,false,1,
7290115676037,false,דנונה ריפרש יוגורט עם תות ודומדמניות 1.6% שומן,מיוצר עי קונדיטוריית,,דנונה שייק בטעם תות 250 גרם,יחידה,1,יחידה,false,0.0000,6.9,6.9000,false,1,
7290115676082,false,משקה דנונה פרו 20 יוגורט תות 255 ג' רבנות,"שטראוס בריאות בע""\מ.",,משקה דנונה פרו בטעם תות 20 גרם,יחידה,1,יחידה,false,0.0000,7.9,7.9000,false,1,
7290115676099,false,משקה דנונה פרו 20 יוגורט וניל 255 ג' רבנות,"שטראוס בריאות בע""\מ.",,משקה דנונה פרו בטעם וניל 20 גרם,יחידה,1,יחידה,false,0.0000,7.9,7.9000,false,1,
7290115677423,false,אורז ירוק קארי חריף חריף דלישס 350 גרם,"טרופיקל דגיל בע""מ אז",,"אורז קארי ירוק חריף""דלישס"" שטראוס",יחידה,1,יחידה,false,10.0000,27.9,27.9000,false,1,
7290115678376,false,מעדן הגולן שוקולד 125 גרם,מיוצר עי קונדיטוריית,,מעדן הגולן שוקולד 125 גרם,יחידה,1,יחידה,false,0.0000,3.5,3.5000,true,1,
7290116531762,false,דפים ריחניים למייבש כביסה בדין ורוד 40 יחידות,"קלינטסט - 3p ארה""ב",,בדין דפי מייבש ורוד 40 יחידות,יחידה,1,יחידה,false,12.0000,20,20.0000,false,1,
7290116531779,false,דפים ריחניים למייבש כביסה בדין כחול 40 יחידות,"קלינטסט - 3p ארה""ב",,בדין דפי מייבש כחול 40 יחידות,יחידה,1,יחידה,false,12.0000,20,20.0000,false,1,
=======
7290112960856,false,טילון אקסטרים115-120 גרם מטבע שוקולד בטעם לוז נוגט נסטלה 115 גרם,נגה גלידות שותפות מוגבלת,,גלידה בשומן צמחי בטעם ריבת חלב ומטבע שוקולד,יחידה,1,יחידה,false,0.0000,10,10.0000,false,1,
7290112961372,false,פיטנס חטיפי פריכיות דקות קינמון 60 גרם,קבוצת אוסם סחר שותפות מוגבלת,,פיטנס חטיפי פריכיות דקות קינמון 60 גרם,יחידה,1,יחידה,false,12.0000,9.9,9.9000,true,1,
7290112961464,false,פיטנס חטיפי פריכיות דגנים וחומוס מתובלות,קבוצת אוסם סחר שותפות מוגבלת,,פיטנס חטיפי פריכיות דקות מתובלות 60 גרם,יחידה,1,יחידה,false,12.0000,9.9,9.9000,true,1,
7290112962003,false,שלגון קראנץ וניל עוגיות עם שוקולד נסטלה 90 גרם,נגה גלידות שותפות מוגבלת,,קראנץ וניל עוגיות,יחידה,1,יחידה,false,0.0000,10,10.0000,false,1,
7290112962287,false,טבעול שווארמה טבעונית 6*450 גרם,קבוצת אוסם סחר שותפות מוגבלת,,טבעול שווארמה טבעוניות 450 גרם,00000,1,00000,false,6.0000,34.9,34.9000,true,1,
7290112962751,false,מעדן קפוא בטעם וניל עם שברי עוגיות וציפוי,שוורצקוף& הנקל דיסלד,,מעדן קפוא בטעם וניל עם שברי עוגיות וציפוי,יחידה,1,יחידה,false,0.0000,10,10.0000,false,1,
7290112963529,false,מאגדת טילון אקסטרים שוקו וניל פרווה נסטלה,נגה גלידות שותפות מוגבלת,,מאגדת אקסטרים שוקו וניל פרווה,יחידה,1,יחידה,false,0.0000,36.9,36.9000,false,1,
7290112963918,false,פיטנס חטיפי קרקר דק רוזמרין 140 גרם,קבוצת אוסם סחר שותפות מוגבלת,,פיטנס קרקר דק רוזמרין 140 גרם,00000,1,00000,false,12.0000,13.8,13.8000,false,1,
7290112964434,false,אסם רוטב קיסר חדש לסלט 295 גרם,קבוצת אוסם סחר שותפות מוגבלת,,אסם רוטב קיסר חדש לסלט 295 גרם,00000,1,00000,false,9.0000,14.9,14.9000,false,1,
7290112965288,false,מרק נמס ירקות אסם בדצ 56 גרם מארז זוגי,קבוצת אוסם סחר שותפות מוגבלת,,אסם זוג מרק נמס סוף ירקות 56 גרם,יחידה,1,יחידה,false,10.0000,7,7.0000,false,1,
7290112965684,false,פיטנס - חטיף מולטיגריין עשבי תיבול 25 גרם,קבוצת אוסם סחר שותפות מוגבלת,,פיטנס חטיף מולטיגריין ע.תיבול 25 גרם,00000,1,00000,false,24.0000,5.5,5.5000,false,1,
7290112966803,false,אינסטנט פודינג בטעם שוקולד אסם (88 גרם),קבוצת אוסם סחר שותפות מוגבלת,,אסם פודינג אינסטנט שוקולד 95 גרם,יחידה,1,יחידה,false,12.0000,6.9,6.9000,false,1,
7290112967848,false,אבקה להכנת ג`לי בטעם תות אסם (90 גרם) מו,קבוצת אוסם סחר שותפות מוגבלת,,אסם ג'לי תות שדה מופחת סוכר 90 גרם,יחידה,1,יחידה,false,12.0000,7.9,7.9000,false,1,
7290112968807,false,80018416694פיטנס חטיפי קרקר דק סלק 150גר,קבוצת אוסם סחר שותפות מוגבלת,,פיטנס קרקר דק סלק 140 גרם,00000,1,00000,false,12.0000,13.8,13.8000,false,1,
7290112968821,false,חטיפי קרקר דק בטטה 140 גר` פיטנס,קבוצת אוסם סחר שותפות מוגבלת,,פיטנס קרקר דק בטטה 140 גרם,00000,1,00000,false,12.0000,13.8,13.8000,false,1,
7290113192348,false,בית השיטה זיתים ירוקים גדול מאודבטעם שום,קבוצת אוסם סחר-שות.מוגבלת,,בית השיטה זית ירוק ט.שום 340 גרם,00000,1,00000,false,12.0000,11.9,11.9000,false,1,
7290113192355,false,חרוזית זיתים ירוקים ללא גלעין 275 ג' בית השיטה,קבוצת אוסם סחר שותפות מוגבלת,,בית השיטה חרוזית ירוק א-12 275 גרם,00000,1,00000,false,12.0000,12.9,12.9000,false,1,
7290113192362,false,זיתים ירוקים טבעות A2 בית השיטה 280 גרם,קבוצת אוסם סחר שותפות מוגבלת,,טבעות זיתים בית השיטה 340 גרם,00000,1,00000,false,12.0000,15.9,15.9000,false,1,
7290113192386,false,בית השיטה זיתים ירוקים סורי מבוקע 340גרם,קבוצת אוסם סחר שותפות מוגבלת,,בית השיטה זית סורי מבוקע א2 12*340ג חדש,00000,1,00000,false,12.0000,12.9,12.9000,false,1,
7290113192393,false,בית השיטה קוקטייל זיתים א2 336 גרם,קבוצת אוסם סחר שותפות מוגבלת,,בית השיטה קוקטייל זיתים א2 336 גרם,00000,1,00000,false,12.0000,12.9,12.9000,false,1,
7290113192478,false,בית השיטה מלפפונים במלח בינוני 10-12 320 גרם,קבוצת אוסם סחר שותפות מוגבלת,,ב.הש.מלפפון מלח ר.טבעי א2 10-12 320 גרם,00000,1,00000,false,12.0000,9.9,9.9000,false,1,
7290113192485,false,בית השיטה מלפפונים בחומץ בינוני 10-12 290 גרם,קבוצת אוסם סחר שותפות מוגבלת,,ב.הש.מלפ.חומץ ר.טבע.א2 12-10 12*290ג חדש,00000,1,00000,false,12.0000,9.9,9.9000,false,1,
7290113192492,false,בית השיטה מלפפונים בחומץ קטנים 1317 290 גרם,קבוצת אוסם סחר שותפות מוגבלת,,"מלפפונים בחומץ ""בית השיטה"" 290 גרם",00000,1,00000,false,12.0000,12.9,12.9000,false,1,
7290113192508,false,בית השיטה מלפפונים במלח קטן 1317 320 גרם,קבוצת אוסם סחר שותפות מוגבלת,,ב.השיטה מלפפון במלח ר.טבע א2 17-13 320 גרם,00000,1,00000,false,12.0000,12.9,12.9000,false,1,
7290113192515,false,בית השיטה מלפפונים במלח קטן מאוד 1825 320 גרם,קבוצת אוסם סחר שותפות מוגבלת,,מלפפונים במלח 18-25,00000,1,00000,false,12.0000,13.9,13.9000,false,1,
7290113192539,false,בית השיטה מלפפונים במלח גדול 79 320 גרם,קבוצת אוסם סחר שותפות מוגבלת,,מלפפונים במלח 7-9 320 גר,00000,1,00000,false,12.0000,7.9,7.9000,true,1,
7290113193000,false,בית השיטה פלפל שיפקונית 230 גרם*,קבוצת אוסם סחר שותפות מוגבלת,,בית השיטה פלפל שיפקונית 230 גרם,00000,1,00000,false,12.0000,13.9,13.9000,false,1,
7290113193017,false,בית השיטה חרוזית קוקטייל זיתים 275 גרם,קבוצת אוסם סחר שותפות מוגבלת,,בית השיטה חרוזית קוקטייל זיתים 275 גרם,00000,1,00000,false,12.0000,16.9,16.9000,false,1,
7290113193031,false,חרוזית קלמטה - זיתים שחורים ללא גלעין קלמטה,קבוצת אוסם סחר שותפות מוגבלת,,בית השיטה חרוזית קלמטה 275 גרם,00000,1,00000,false,12.0000,16.9,16.9000,false,1,
7290113193321,false,שמן זית כתית מעולה בית השיטה 750 מייל,קבוצת אוסם סחר שותפות מוגבלת,,"בית השיטה שמן זית כתית מעולה 750 מ""ל",00000,1,00000,false,12.0000,34.9,34.9000,false,1,
7290113197855,false,תירס גמדי בית השיטה 230 גרם,קבוצת אוסם סחר-שות.מוגבלת,,בית השיטה תירס גמדי 230 גר,יחידה,1,יחידה,false,0.0000,11.9,11.9000,false,1,
7290114310338,false,צפתית מעודנת 5% בגביע 225 גרם משק צוריאל,החברה המרכזית טלהפצת משקאות בע,,"צפתית מעודנת 5% ""משק צוריאל"" 2250 גרם",יחידה,1,יחידה,false,0.0000,17.9,17.9000,false,1,
7290114311069,false,יוגורט לבן מועשר בחלבון 0% שומן 200 גרם muller active,החברה המרכזית טלהפצת משקאות בע,,מולר אקטיב 25 ג' חלבון 0% שומן,יחידה,1,יחידה,false,24.0000,6.5,6.5000,false,1,
7290114311298,false,יוגורט מולר פרופ בטעם תות בננה מלון 150,החברה המרכזית טלהפצת משקאות בע,,מולר פרופ קציפת תות בננה מלון 150 גרם,יחידה,1,יחידה,false,0.0000,5.5,5.5000,true,1,
7290114311304,false,יוגורט קציפת מנגו פסיפלורה בננה 150 ג' מולר,החברה המרכזית טלהפצת משקאות בע,,מולר פרופ קציפת מנגו פסיפלורה בננה 150 גרם,יחידה,1,יחידה,false,0.0000,5.5,5.5000,true,1,
7290114311359,false,יוגורט עם קציפת מנגו 3% שומן פרופ 150 ג' מולר,החברה המרכזית טלהפצת משקאות בע,,מולר פרופ קציפת מנגו 3% שומן 150גרם,יחידה,1,יחידה,false,0.0000,5.5,5.5000,true,1,
7290114600927,false,עלי טורטייה חיטה מלאה מאסטר שף 320 גרם,אלקאטי קורביישיסי גי,,מאסטר שף עלי טורטיה חיטה מלאה 320 גרם,00000,1,00000,false,0.0000,12.9,12.9000,false,1,
7290115190014,false,סיגריות מרלבורו רד קצר בוקס,פיליפ מוריס בעמ,,PPמרלבורו רד,יחידה,1,יחידה,false,10.0000,34,34.0000,false,1,
7290115190076,false,סיגריות מרלבורו גולד ארוך 100 בוקס,פיליפ מוריס בעמ,,מרלבורו גולד 100PP,יחידה,1,יחידה,false,10.0000,34,34.0000,false,1,
7290115190090,false,סיגריות מרלבורו קצר בוקס בודד,פיליפ מוריס בעמ,,מרלבורו גולדPP,יחידה,1,יחידה,false,10.0000,34,34.0000,false,1,
7290115190137,false,סיגריות מרלבורו טאצ סילבר יחידה,פיליפ מוריס בעמ,,מרלבורו פיין טאץ'PP,יחידה,1,יחידה,false,10.0000,31,31.0000,false,1,
7290115190151,false,סיגריות מרלבורו טאצ גולד,פיליפ מוריס בעמ,,מרלבורו טאץ'PP,יחידה,1,יחידה,false,10.0000,31,31.0000,false,1,
7290115190199,false,פרלמנט נייט ארוך חפיסה) (20,פיליפ מוריס בעמ,,פרלמנט נייט 100PP,יחידה,1,יחידה,false,10.0000,39,39.0000,false,1,
7290115190250,false,סיגריות פרלמנט קצר בודד,פיליפ מוריס בעמ,,פרלמנט נייטPP,יחידה,1,יחידה,false,10.0000,39,39.0000,false,1,
7290115190335,false,ל.מ.בלו לייבל ארוך בוקס חפיסה,פיליפ מוריס בעמ,,ל.מ בלו 100PP,יחידה,1,יחידה,false,10.0000,30,30.0000,false,1,
7290115190359,false,אל.אמ בלו לייבל קצר חפיסה) (20,פיליפ מוריס בעמ,,ל.מ בלוPP,יחידה,1,יחידה,false,10.0000,30,30.0000,false,1,
7290115190373,false,סיגריות ל.מ. קפסולהP,פיליפ מוריס בעמ,,ל.מ. קפסולהPP,יחידה,1,יחידה,false,10.0000,30,30.0000,false,1,
7290115190397,false,סיגריות L.M קצר רד לייבל בודד,פיליפ מוריס בעמ,,ל.מ רדPP,יחידה,1,יחידה,false,10.0000,30,30.0000,false,1,
7290115190434,false,סיגריות L.M וייב סלימס בודד,פיליפ מוריס בעמ,,ל.מ וייבPP,יחידה,1,יחידה,false,10.0000,30,30.0000,false,1,
7290115190472,false,סיגריות נקסט פיין אדג',פיליפ מוריס בעמ,,נקסט פיין אדגPP,יחידה,1,יחידה,false,10.0000,25,25.0000,false,1,
7290115190496,false,סיגריות נקסט ארוך בודד,פיליפ מוריס בעמ,,נקסט פיין 100PP,יחידה,1,יחידה,false,10.0000,30,30.0000,false,1,
7290115190519,false,סיגריות נקסט פיין חפ,פיליפ מוריס בעמ,,נקסט פייןPP,יחידה,1,יחידה,false,10.0000,30,30.0000,false,1,
7290115190571,false,סיגריות נקסט לילך בודד,פיליפ מוריס בעמ,,נקסט לילךPP,יחידה,1,יחידה,false,10.0000,30,30.0000,false,1,
7290115190595,false,סיגריות נקסט אוריגינ,פיליפ מוריס בעמ,,נקסט אוריג'ינלPP,יחידה,1,יחידה,false,10.0000,30,30.0000,false,1,
7290115190632,false,מרלבורו גולד-טבק לגלגול סיגריות בודד,פיליפ מוריס בעמ,,טבק מרלבורו גולדPP,יחידה,1,יחידה,false,5.0000,78.9,78.9000,false,1,
7290115190656,false,נקסט טבק פיין סיגריות חפיסה.,פיליפ מוריס בעמ,,טבק נקסט פייןPP,יחידה,1,יחידה,false,5.0000,81,81.0000,false,1,
7290115190892,false,סיגריות מרלבורו פיוז'ן קפסולה בודד,פיליפ מוריס בעמ,,קופסא מרלבורו פיוזן קפסולה,יחידה,1,יחידה,false,10.0000,27,27.0000,false,1,
7290115190939,false,אל.אם קפסולות קליק חפיסה,פיליפ מוריס בעמ,,קופסא ל.מ. קליק קפסולה,יחידה,1,יחידה,false,10.0000,25,25.0000,false,1,
7290115191035,false,מרלבורו סאמר ספלאש קופסא,פיליפ מוריס בעמ,,מרלבורו סאמר ספלאש,יחידה,1,יחידה,false,10.0000,29,29.0000,false,1,
7290115200003,false,פתי בר פינוקי וניל אסם 220 גרם,קבוצת אוסם סחר שותפות מוגבלת,,אסם פתי בר פינוקים ניל 220 גרם,00000,1,00000,false,16.0000,12.9,12.9000,true,1,
7290115200027,false,אסם פתי בר פינוקים שוקו 220 גרם,קבוצת אוסם סחר שותפות מוגבלת,,אסם פתי בר פינוקים שוקו 220 גרם,00000,1,00000,false,16.0000,12.9,12.9000,true,1,
7290115200676,false,עוגיות קרמוגית במילוי קרם בטעם קרמל מלוח,קבוצת אוסם סחר שותפות מוגבלת,,אסם קרמוגית קרמל מלוח 200 גרם,00000,1,00000,false,12.0000,12.9,12.9000,false,1,
7290115201031,false,פתי בר פינוקי דובי שוקולד 175גר.,קבוצת אוסם סחר שותפות מוגבלת,,אסם פתי בר דובי שוקולד 175 גרם,יחידה,1,יחידה,false,18.0000,12.9,12.9000,true,1,
7290115201703,false,ביסלי חטיף בטעם ברביקין אסם (200 גרם),קבוצת אוסם סחר שותפות מוגבלת,,ביסלי ברביקיו 200 גרם,00000,1,00000,false,25.0000,9.9,9.9000,true,1,
7290115201727,false,ביסלי חטיף בטעם בצל אסם (200 גרם),קבוצת אוסם סחר-שות.מוגבלת,,ביסלי בצל 200 גרם,00000,1,00000,false,25.0000,9.9,9.9000,true,1,
7290115203134,false,חטיף פופקו פופקורן במבה אסם (80 גרם),קבוצת אוסם סחר שותפות מוגבלת,,פופקו פופקורן במבה 80 גרם,יחידה,1,יחידה,false,0.0000,5.9,5.9000,false,1,
7290115204056,false,"קטשופ מופחת סוכר אסם 690 גרם כשל""פ",קבוצת אוסם סחר שותפות מוגבלת,,אסם קטשופ מופחת סוכר כלפ 690 גרם,00000,1,00000,false,9.0000,12.9,12.9000,false,1,
7290115205176,false,729001032825פיטנס חטיפי קרקר כפרי 140גר.,קבוצת אוסם סחר שותפות מוגבלת,,קרקר פיטנס THIN כפרי 140 גרם,יחידה,1,יחידה,false,12.0000,13.8,13.8000,false,1,
7290115205312,false,קרקר פיטנס דק עם זיתי קלמטה ועשבי תיבול,קבוצת אוסם סחר שותפות מוגבלת,,פיטנס קרקר Thin Deli זיתים 140גרם,יחידה,1,יחידה,false,12.0000,13.8,13.8000,false,1,
7290115206890,false,ביסלי חטיף בטעם המבורגר אסם (70 גרם),קבוצת אוסם סחר-שות.מוגבלת,,ביסלי המבורגר אסם 70 גרם,יחידה,1,יחידה,false,0.0000,5,5.0000,false,1,
7290115207941,false,סירופ אננס ויטמינצ'יק 1 ליטר,קבוצת אוסם סחר שותפות מוגבלת,,ויטמינצ'יק אננס סירופ 1 ליטר,יחידה,1,יחידה,false,12.0000,23.9,23.9000,false,1,
7290115207989,false,סירופ לימון ויטמינצ'יק 1 ליטר,קבוצת אוסם סחר שותפות מוגבלת,,ויטמינצ'יק לימון סירופ 1 ליטר,יחידה,1,יחידה,false,12.0000,23.9,23.9000,false,1,
7290115208009,false,סירופ ענבים ויטמינצ'יק 1 ליטר,קבוצת אוסם סחר שותפות מוגבלת,,ויטמינצ'יק ענבים סירופ 1 ליטר,יחידה,1,יחידה,false,12.0000,23.9,23.9000,false,1,
7290115208047,false,סירופ פטל ויטמינצ`יק (1 ליטר),קבוצת אוסם סחר שותפות מוגבלת,,ויטמינצ'יק פטל סירופ 1 ליטר,יחידה,1,יחידה,false,12.0000,23.9,23.9000,false,1,
7290115208061,false,סירופ תפוח ויטמינצ'יק 1 ליטר,קבוצת אוסם סחר שותפות מוגבלת,,ויטמינצ'יק תפוח סירופ 1 ליטר,יחידה,1,יחידה,false,12.0000,23.9,23.9000,false,1,
7290115208597,false,קרמוגית מיניס קרמל מלוח אסם 200 גרם,קבוצת אוסם סחר שותפות מוגבלת,,קרמוגית מיניס קרמל מלוח אסם 200 גרם,יחידה,1,יחידה,false,0.0000,13.9,13.9000,false,1,
7290115209174,false,במבה אורירית קלאסי 60 גר',קבוצת אוסם סחר-שות.מוגבלת,,במבה אורירית 60 גרם אסם,יחידה,1,יחידה,false,48.0000,5,5.0000,true,1,
7290115671223,false,מסטיק מאסט פאן אבטיח מנגו צנצנת 58 גרם,שטראוס גרופ בע`מ,,מאסט פאן אבטיח מנגו 58 גרם,יחידה,1,יחידה,false,12.0000,10,10.0000,true,1,
7290115675696,false,דגני בוקר קראנצ'ים שיבולת שועל עם אגוזים ושקדים,שטראוס פריטו ליי בע`מ,,קוואקר Cruesli אגוזים 375 גרם,יחידה,1,יחידה,false,6.0000,24.9,24.9000,false,1,
7290115676037,false,דנונה ריפרש יוגורט עם תות ודומדמניות 1.6% שומן,שטראוס גרופ בעמ/מצונן,,דנונה שייק בטעם תות 250 גרם,יחידה,1,יחידה,false,0.0000,6.9,6.9000,false,1,
7290115676082,false,משקה דנונה פרו 20 יוגורט תות 255 ג' רבנות,שטראוס גרופ בעמ/מצונן,,משקה דנונה פרו בטעם תות 20 גרם,יחידה,1,יחידה,false,0.0000,7.9,7.9000,false,1,
7290115676099,false,משקה דנונה פרו 20 יוגורט וניל 255 ג' רבנות,שטראוס גרופ בעמ/מצונן,,משקה דנונה פרו בטעם וניל 20 גרם,יחידה,1,יחידה,false,0.0000,7.9,7.9000,false,1,
7290115677423,false,אורז ירוק קארי חריף חריף דלישס 350 גרם,קפוא-זן תעשיות מזון בעמ - תפוג,,"אורז קארי ירוק חריף""דלישס"" שטראוס",יחידה,1,יחידה,false,10.0000,27.9,27.9000,false,1,
7290115678376,false,מעדן הגולן שוקולד 125 גרם,שטראוס גרופ בעמ/מצונן,,מעדן הגולן שוקולד 125 גרם,יחידה,1,יחידה,false,0.0000,3.5,3.5000,true,1,
7290116531762,false,דפים ריחניים למייבש כביסה בדין ורוד 40 יחידות,יוניליוור ישראל שיווק בע`מ,,בדין דפי מייבש ורוד 40 יחידות,יחידה,1,יחידה,false,12.0000,20,20.0000,false,1,
7290116531779,false,דפים ריחניים למייבש כביסה בדין כחול 40 יחידות,יוניליוור ישראל שיווק בע`מ,,בדין דפי מייבש כחול 40 יחידות,יחידה,1,יחידה,false,12.0000,20,20.0000,false,1,
>>>>>>> d048ac2f4f281c9d788043ab4e81b61b0dbe3743
7290116532486,false,גלידת שמנת קליק בטעמי וניל קרמל מלוח 384 ג' שטראוס,"גלידת שטראוס בע""\מ, רחוב",,גלידה פיינט קליק וניל מלוח 520מל,יחידה,1,יחידה,false,6.0000,29.9,29.9000,false,1,
7290116930282,false,ארוחה בקטנה לאבנה עם קרקרים 150ג' תנובה,"תנובה בע""מ ***",,ארוחה בקטנה לאבנה עם קרקרים 150 גרם,יחידה,1,יחידה,false,24.0000,8.8,8.8000,false,1,
7290116930435,false,יופלה גו במרקם סמיך עם דובדבן 0% 200מל,תנובה מרכז שיתופי לש,,יוגורט גו סמיך 0% דובדבן 200 גרם,יחידה,1,יחידה,false,12.0000,6.5,6.5000,false,1,
7290116930701,false,מעדן חלב GO מועשר בחלבון בטעם קרמל מלוח,תנובה מרכז שיתופי לש,,מעדן חלב גו בטעם קרמל מלוח 120 גרם,יחידה,1,יחידה,false,0.0000,5.7,5.7000,false,1,
<<<<<<< HEAD
7290116931104,false,יופלה GO במרקם סמיך עם אננס 0% תנובה 200 גרם,תנובה חלב,,יופלה גו במרקם סמיך עם אננס 0% שומן,יחידה,1,יחידה,false,12.0000,6.5,6.5000,false,1,
7290117260890,false,פופקורן בציפוי בטעם קוקוס 90 גרם,אלאלסי,,פופקורן בטעם קוקוס 90גרם,יחידה,1,יחידה,false,12.0000,6.9,6.9000,false,1,
=======
7290116931104,false,יופלה GO במרקם סמיך עם אננס 0% תנובה 200 גרם,"תנובה בע""מ ***",,יופלה גו במרקם סמיך עם אננס 0% שומן,יחידה,1,יחידה,false,12.0000,6.5,6.5000,false,1,
7290117260890,false,פופקורן בציפוי בטעם קוקוס 90 גרם,ג. וילי-פוד אינטרנשיונל בע`מ,,פופקורן בטעם קוקוס 90גרם,יחידה,1,יחידה,false,12.0000,6.9,6.9000,false,1,
>>>>>>> d048ac2f4f281c9d788043ab4e81b61b0dbe3743
7297488098015,false,גרנולה קרנץ' עם שוקולד צ'יפס מריר ללא גלוטן 250 גרם דגש,תות תעשיות מזון (201,,דגש גרנולה קרנצ'י שוקו 250 גרם,00000,1,00000,false,0.0000,15.9,15.9000,false,1,
7394376123337,false,"משקה שיבולת שועל אורגני מפוקח ע""י סקאל",טרנסומס פוד איי.בי,,"משקה שיבולת שועל אורגני מפוקח ע""י סקאל",00000,1,00000,false,0.0000,17.9,17.9000,false,1,
7394376615825,false,אוטלי משקה שיבולת שועל מועשר בסידן וויטמינים 1 ליטר,ש. שסטוביץ בע`מ,,משקה שיבולת שועל מועשר בסידן וויטמינים,00000,1,00000,false,0.0000,17.9,17.9000,false,1,
7394376615832,false,אוטלי משקה שיבולת שועל בטעם שוקולד 1 ליטר,ש. שסטוביץ בע`מ,,משקה שיבולת שועל בטעם שוקולד,00000,1,00000,false,0.0000,19.9,19.9000,false,1,
7394376616778,false,אוטלי משקה שיבולת שועל להקצפה בריסטה 1 ליטר,ש. שסטוביץ בע`מ,,משקה שיבולת שועל להקצפה בריסטה,00000,1,00000,false,0.0000,16.9,16.9000,false,1,
7501013101362,false,"נקטר בטעם קוקוס ואננס 500 מ""ל JUMEX",חומקס קומר קומרסאליזדורה,,"נקטר בטעם קוקוס ואננס 500 מ""ל JUMEX",יחידה,1,יחידה,false,12.0000,9.5,9.2000,false,1,
7501013101447,false,"נקטר בטעם רימונים 500 מ""ל ""JUMEX""",חומקס קומר קומרסאליז,,"נקטר בטעם רימונים 500 מ""ל ""JUMEX""",יחידה,1,יחידה,false,12.0040,11.5,11.5000,false,1,
7501013138184,false,משקה חמוציות יוניקו פרסקו ג'ומקס קרטונית 1 ליטר,חומקס קומר קומרסאליזדורה,,"נקטר חמוציות בקרטון 1 ליטר ""JUMEX""",יחידה,1,יחידה,false,0.0000,12,12.0000,false,1,
7501064191398,false,שישיית בירה קורונה אקסטרא *355 מל,קריניציה ויטמינה אס,,שישיית בירה קורונה (פ),יחידה,1,יחידה,false,0.0000,39.9,38.1000,false,1,
7610113011652,false,בריזר - משקה כוהלי מוגז בטעם תפוח,בקרדי בריזר Bacardi Breezer,,בריזר - משקה כוהלי מוגז בטעם תפוח,יחידה,1,יחידה,false,24.0000,13.9,13.6000,true,1,
7610211130903,false,הרמזית ממתיק 800+200 טבליות,דיפלומט מפיצים (1968) בעמ**,,הרמזית טבליות,יחידה,1,יחידה,false,0.0000,32.9,32.9000,false,1,
7610400010481,false,לינדט אקסלנס שוקולד חלב 100 גרם,לינדט ושפרונגלי קילשברג,,'שוקלד-לינדט מילק 001ג,יחידה,1,יחידה,false,0.0000,15.9,15.9000,true,1,
7610400014632,false,שוקולד לינדור בודד וואיט 100 ג',משה סידס ובנו בעמ,,שוקולד לינדור בודד וואיט 100 ג',יחידה,1,יחידה,false,0.0000,15.9,15.9000,true,1,
7610400014649,false,לינדור קוביות במילוי קרם שוקולד חלב 100 גרם,לינדט ושפרונגלי קילשברג,,שוקולד לינדור חלב,יחידה,1,יחידה,false,0.0000,15.9,15.9000,true,1,
7610400075787,false,לינדט לה גרנד שוקולד חלב אגוז 150 גרם,לינדט ושפרונגלי קילשברג,,שוקולד לינדט לגרנד חלב,יחידה,1,יחידה,false,0.0000,24.9,24.9000,true,1,
7610400091060,false,שוקולד מריר לינדט אקסלנס בתוספת תפוז ושקדים,לינדט ושפרונגלי קילש,,שוקולד לינדט אקסלנס תפוז 100 גרם,יחידה,1,יחידה,false,0.0000,15.9,15.9000,true,1,
<<<<<<< HEAD
7613033548192,false,פיטנס - דגני בוקר שוקולד מריר 375 גרם,נסטלה צרפת איטנקורט,,פיטנס שוקולד מריר 375 גרם,יחידה,1,יחידה,false,16.0000,26.9,26.9000,false,1,
7613035635845,false,פיטנס גרנולה שוקולד 14*300 גרם,שוורצקוף& הנקל דיסלד,,פיטנס גרנולה שוקולד 300 גרם,יחידה,1,יחידה,false,14.0000,17.9,17.9000,false,1,
7613035807778,false,פרפקטו רוטב עגבניות לבולונז אסם 400 גרם,אסם פרפקטו Perfecto,,"רוטב עגבניות לבולונז 400 גרם ""פרפקטו""",יחידה,1,יחידה,false,6.0000,10.9,10.9000,false,1,
7613036280327,false,פרייה אנד גוס אפרסק דובדבן 250 מל פחיות,נסטלה ווטרס ספלאי,,"פרייה אנד ג'וס אפרסק דובדבן פחית 250 מ""ל",00000,1,00000,false,0.0000,6.9,6.6000,false,1,
7613036314114,false,נסקפה גולד Gold קפה נמס מיובש בתוספת קפה קלוי,נסקפה Nescafe,,נס קפה גולד 200 גרם,יחידה,1,יחידה,false,6.0000,54.9,54.9000,false,1,
7613036576734,false,קרטיב חמשושים חדש נסטלה 60 גר,פרונרי איבריה ס.ל,,נסטלה חמשושים,יחידה,1,יחידה,false,0.0000,8,8.0000,false,1,
7613037276091,false,נסטלה מיקס מיני אריזות דגני בוקר 200 גרם,נסטלה Nestle,,ד.בוקר נסטלה מיני אריזות,יחידה,1,יחידה,false,12.0000,25,25.0000,false,1,
7613037686906,false,פיטנס שקדים ודבש 355 גרם מופחת סוכר,נסטלה צרפת איטנקורט,,פיטנס דבש ושקדים 355 גרם,יחידה,1,יחידה,false,14.0000,26.9,26.9000,false,1,
7613038268262,false,דגני בוקר צ'יריוס דבש ושקדים במתיקות מעודנת,נסטלה פולין דגני בוק,,האני ציריוס מופחת סוכר 410 גרם,00000,1,00000,false,14.0000,29.9,29.9000,false,1,
7613039770450,false,טבעול סנסשיונל בורגר צמחוני 226 גרם,ג'נרל מילס סאן אדריא,,טבעול סנסשיונל בורגר צמחוני 226 גרם,יחידה,1,יחידה,false,10.0000,34.9,34.9000,true,1,
7613287302373,false,סטארבקס קפסולות איטליאן סטייל רוסט 56 גרם,נסטלה שוויץ - קפה,,סטארבקס קפסולות איטליאן סטייל רוסט 56 גרם,00000,1,00000,false,12.0000,22.9,22.9000,true,1,
7613287476678,false,דגני בוקר סינימיניס צ'ורוס נסטלה 360 ג',נסטלה אוונקה,,סינימיניס צ'ורוס 360 גרם,יחידה,1,יחידה,false,12.0000,24.9,24.9000,false,1,
7614500035788,false,טובלרון שוקולד חלב 200 גרם,מונדלייז,,טובלרון שוקולד חלב 200 גרם,יחידה,1,יחידה,false,0.0000,17.9,17.9000,false,1,
7622210137234,false,עוגיות אוראו עם דאבל קרים וניל 170 גר,מונדלייז,,עוגיות אוראו עם דאבל קרם וניל 170 גר',יחידה,1,יחידה,false,0.0000,12.9,12.9000,false,1,
7622210464729,false,אוראו גולדן עוגיות וניל במילוי קרם וניל,מונדלייז,,אוראו גולדן 154 גרם,00000,1,00000,false,0.0000,9.9,9.9000,false,1,
7622210637994,false,מיני עוגיות אוראו קראנצ'י בייטס אורגינל,מונדלז אספניה ג'לאטס,,אוראו קראנצ'י בייטס 110 גרם,00000,1,00000,false,0.0000,9.9,9.9000,false,1,
7622210638021,false,מיני עוגיות אוראו קראנצ'י בייטס מצופים,מונדלז אספניה ג'לאטס,,אורו קראנצ'י בייטס מצופים 110 גרם,00000,1,00000,false,0.0000,9.9,9.9000,false,1,
=======
7613033548192,false,פיטנס - דגני בוקר שוקולד מריר 375 גרם,קבוצת אוסם סחר שותפות מוגבלת,,פיטנס שוקולד מריר 375 גרם,יחידה,1,יחידה,false,16.0000,26.9,26.9000,false,1,
7613035635845,false,פיטנס גרנולה שוקולד 300 גר`אסם,קבוצת אוסם סחר-שות.מוגבלת,,פיטנס גרנולה שוקולד 300 גרם,יחידה,1,יחידה,false,14.0000,17.9,17.9000,false,1,
7613035807778,false,פרפקטו רוטב עגבניות לבולונז אסם 400 גרם,קבוצת אוסם סחר שותפות מוגבלת,,"רוטב עגבניות לבולונז 400 גרם ""פרפקטו""",יחידה,1,יחידה,false,6.0000,10.9,10.9000,false,1,
7613036280327,false,פרייה אנד גוס אפרסק דובדבן 250 מל פחיות,נסטלה ווטרס ספלאי,,"פרייה אנד ג'וס אפרסק דובדבן פחית 250 מ""ל",00000,1,00000,false,0.0000,6.9,6.6000,false,1,
7613036314114,false,נסקפה גולד Gold קפה נמס מיובש בתוספת קפה קלוי,קבוצת אוסם סחר-שות.מוגבלת,,נס קפה גולד 200 גרם,יחידה,1,יחידה,false,6.0000,54.9,54.9000,false,1,
7613036576734,false,קרטיב חמשושים חדש נסטלה 60 גר,נגה גלידות שותפות מוגבלת,,נסטלה חמשושים,יחידה,1,יחידה,false,0.0000,8,8.0000,false,1,
7613037276091,false,נסטלה מיקס מיני אריזות דגני בוקר 200 גרם,קבוצת אוסם סחר שותפות מוגבלת,,ד.בוקר נסטלה מיני אריזות,יחידה,1,יחידה,false,12.0000,25,25.0000,false,1,
7613037686906,false,פיטנס שקדים ודבש 355 גרם מופחת סוכר,קבוצת אוסם סחר שותפות מוגבלת,,פיטנס דבש ושקדים 355 גרם,יחידה,1,יחידה,false,14.0000,26.9,26.9000,false,1,
7613038268262,false,דגני בוקר צ'יריוס דבש ושקדים במתיקות מעודנת,קבוצת אוסם סחר שותפות מוגבלת,,האני ציריוס מופחת סוכר 410 גרם,00000,1,00000,false,14.0000,29.9,29.9000,false,1,
7613039770450,false,טבעול סנסשיונל בורגר צמחוני 226 גרם,קבוצת אוסם סחר שותפות מוגבלת,,טבעול סנסשיונל בורגר צמחוני 226 גרם,יחידה,1,יחידה,false,10.0000,34.9,34.9000,true,1,
7613287302373,false,סטארבקס קפסולות איטליאן סטייל רוסט 56 גרם,קבוצת אוסם סחר שותפות מוגבלת,,סטארבקס קפסולות איטליאן סטייל רוסט 56 גרם,00000,1,00000,false,12.0000,22.9,22.9000,true,1,
7613287476678,false,דגני בוקר סינימיניס צ'ורוס נסטלה 360 ג',קבוצת אוסם סחר שותפות מוגבלת,,סינימיניס צ'ורוס 360 גרם,יחידה,1,יחידה,false,12.0000,24.9,24.9000,false,1,
7614500035788,false,טובלרון שוקולד חלב 200 גרם,דיפלומט מפיצים (1968) בעמ**,,טובלרון שוקולד חלב 200 גרם,יחידה,1,יחידה,false,0.0000,17.9,17.9000,false,1,
7622210137234,false,אוראו עוגיות עם דאבל קרם בטעם וניל 170ג,דיפלומט מפיצים (1968) בעמ**,,עוגיות אוראו עם דאבל קרם וניל 170 גר',יחידה,1,יחידה,false,0.0000,12.9,12.9000,false,1,
7622210464729,false,אוראו גולדן עוגיות וניל במילוי קרם וניל,דיפלומט מפיצים (1968) בעמ**,,אוראו גולדן 154 גרם,00000,1,00000,false,0.0000,9.9,9.9000,false,1,
7622210637994,false,מיני עוגיות אוראו קראנצ'י בייטס אורגינל,דיפלומט מפיצים (1968) בעמ**,,אוראו קראנצ'י בייטס 110 גרם,00000,1,00000,false,0.0000,9.9,9.9000,false,1,
7622210638021,false,מיני עוגיות אוראו קראנצ'י בייטס מצופים,דיפלומט מפיצים (1968) בעמ**,,אורו קראנצ'י בייטס מצופים 110 גרם,00000,1,00000,false,0.0000,9.9,9.9000,false,1,
>>>>>>> d048ac2f4f281c9d788043ab4e81b61b0dbe3743
7622210796851,false,אבטיח קטן 40 גרם,,,אבטיח קטן 40 גרם,יחידה,1,יחידה,false,0.0000,6,6.0000,false,1,
7622210835338,false,אוראו עוגיות ממולאות טעם בראוניז 176 גרם,דיפלומט מפיצים (1968) בעמ**,,אוראו בראוני 176 גרם,יחידה,1,יחידה,false,0.0000,8.8,8.8000,false,1,
7622300340285,false,גבינת שמנת 22% שומן 175 ג' פילדלפיה,מונדלז דויצ'לנד פרוד,,פילדלפיה 22% שומן 175 גרם,יחידה,1,יחידה,false,0.0000,18.9,18.9000,false,1,
7622300340292,false,גבינת שמנת 11% שומן 175 ג' פילדלפיה,מונדלז דויצ'לנד פרוד,,מופחת שומן 11% 175 גרם,יחידה,1,יחידה,false,0.0000,18.9,18.9000,false,1,
7622300489427,false,עוגיות אוראו בציפוי בטעם שוקולד לבן 246 גרם,דיפלומט מפיצים (1968) בעמ**,,עוגיות אוראו בציפוי בטעם שוקולד לבן 246 גרם,יחידה,1,יחידה,false,0.0000,19.9,19.9000,false,1,
7622300503079,false,עוגיות ביסקוויט מצופה שוקולד חלב מילקה 200 גרם,דיפלומט מפיצים (1968) בעמ**,,מילקה מוו - ביסקוויט מצופה שוקולד חלב,יחידה,1,יחידה,false,0.0000,13.9,13.9000,false,1,
7622300617820,false,מילקה שוקולד חלב במילוי קרם חלב ווניל ושבבי עוגיות אוראו 100 גרם,מנדלז דויצ'\לנד סנקס פרו,,מילקה שוקולד חלב במילוי קרם חלב ווניל ושבבי עוגיות אוראו 100 גרם,יחידה,1,יחידה,false,20.0000,7.9,7.9000,false,1,
7622300756413,false,גבינת פילדלפיה 20% שומן עם תבלינים 175 ג',מונדלז דויצ'לנד פרוד,,מופחת 20 % שומן עם תבלינים 175 גרם,יחידה,1,יחידה,false,0.0000,18.9,18.9000,false,1,
7622400005190,false,שוקולד חלב נגיעות שוקולד לבן מילקה 100 ג,מנדלז דויצ'\לנד סנקס פרו,,מילקה שוקולד חלב עם שוקולד לבן 100 גרם,יחידה,1,יחידה,false,0.0000,7.9,7.9000,false,1,
7630477891592,false,סטארבקס קפסולות קפה האוס בלנד 10 יחידות,קבוצת אוסם סחר שותפות מוגבלת,,סטארבקס קפסולות האוס בלנד 57 גרם,יחידה,1,יחידה,false,12.0000,22.9,22.9000,true,1,
7630477891615,false,סטארבקס קפסולות קפה סומטרה 10 יחידות,קבוצת אוסם סחר שותפות מוגבלת,,סטארבקס קפסולות האוס בלנד 57 גרם,יחידה,1,יחידה,false,12.0000,22.9,22.9000,true,1,
7630477891639,false,קפסולות קפה סומטרה (10 יח) סטארבקס ( 55,קבוצת אוסם סחר שותפות מוגבלת,,סטארבקס קפסולות ורונה 55 גרם,יחידה,1,יחידה,false,12.0000,22.9,22.9000,true,1,
7630477891653,false,סטארבקס קפסולות קפה אספרסו נטול 10 יחידו,קבוצת אוסם סחר שותפות מוגבלת,,סטארבקס קפסולות נטול 57 גרם,יחידה,1,יחידה,false,12.0000,22.9,22.9000,true,1,
7630477891691,false,קפסולות קפה קולומביה (10 יח) סטארבקס ( 5,קבוצת אוסם סחר שותפות מוגבלת,,סטארבקס קפסולות קולומביה 57 גרם,יחידה,1,יחידה,false,12.0000,22.9,22.9000,true,1,
7630477891714,false,סטארבקס קפסולות קפה אספרסו 10 יחידות,קבוצת אוסם סחר שותפות מוגבלת,,סטארבקס קפסולות אספרסו 57 גרם,יחידה,1,יחידה,false,12.0000,22.9,22.9000,true,1,
7630477891738,false,סטארבקס קפסולות קפה אספרסו בלונד 10 יחיד,קבוצת אוסם סחר שותפות מוגבלת,,סטארבקס קפסולות אספרסו בלונד 53 גרם,יחידה,1,יחידה,false,12.0000,22.9,22.9000,true,1,
7702174070201,false,יוגטה לקקן בטעם מסטיק ממולא טופי בטעם תות 12 יח' 204 גרם,הדקלאים אגודת שיתופי,,יוגטה לקקן בטעם מסטיק ממולא טופי בטעם תות 12 יח' 204 גרם,00000,1,00000,false,0.0000,10,10.0000,false,1,
<<<<<<< HEAD
7792860006218,false,סוכריות לקקנים בייבי דול Baby Doll לריטר,גוד פוד פרודקטס S.p,,סוכריית בייבי-דול,יחידה,1,יחידה,false,48.0000,3,3.0000,true,1,
7798092421232,false,אוכמניות,,,אוכמניות,יחידה,1,יחידה,false,0.0000,16.9,16.9000,false,1,
7861500002818,false,"לף בראון-שישיה 6 בק' 330 מ""ל","אינבב, ברוורייפליין",,"לף בראון-שישיה 6 בק' 330 מ""ל",יח,1,יח,false,0.0000,59.9,58.1000,false,1,
8000040001106,false,קמפרי ביטר אפרטיף 700מל,דויד קמפרי,,קמפרי ביטר אפרטיף 700מל,יחידה,1,יחידה,false,0.0000,109.9,109.6000,false,1,
8000215204219,false,ויטאריז משקה אורז אורגני 1 ליטר,בטר אנד דיפרנט,,משקה אורז אורגני נטורפוד,00000,1,00000,false,0.0000,14.9,14.9000,false,1,
8000215204240,false,ויטאריז משקה שקדים ואורז אורגני 1 ליטר,בטר אנד דיפרנט,,משקה אורז שקדים אורגני נטורפוד,00000,1,00000,false,0.0000,14.9,14.9000,false,1,
8000215204677,false,ויטריז - משקה שיבולת שועל בריסטה אורגני,בטר אנד דיפרנט,,ויטריז - משקה שיבולת שועל בריסטה אורגני,יחידה,1,יחידה,false,0.0000,14.9,14.9000,false,1,
8000380003723,false,וופל אגוזים בציפוי שוקולד לואקר 100 גרם,קריניציה ויטמינה אס,,לואקר גרנד פטיסרי אגוז,00000,1,00000,false,18.0000,15.9,15.9000,false,1,
8000380004676,false,קוביות וופל סנדוויץ Sandwich עם וניל וחלב,"א. לואקר, קונפקט ג'י",,לואקר סנדוויץ' וניל,00000,1,00000,false,18.0000,15.9,15.9000,true,1,
8000380004911,false,קוביות וופל קואדרטיני Quadratini קרם אגוזים,קריניציה ויטמינה אס,,קואדרטיני אגוז,00000,1,00000,false,18.0000,16.9,16.9000,false,1,
8000380004966,false,וופל קוארדטיני לואקר קוביות שוקולד 250ג',קריניציה ויטמינה אס,,לואקר קוארדטיני שוקולד,00000,1,00000,false,18.0000,15.9,15.9000,false,1,
8000380007219,false,וופלים בטעם אגוזים לואקר 175 גרם,ליימן מותגים,,לואקר קלאסיק אגוז,00000,1,00000,false,18.0000,12.9,12.9000,false,1,
8000380007257,false,וופל גרדנה אגוזים לואקר 200 גרם,קריניציה ויטמינה אס,,לואקר גרדנה אגוז,00000,1,00000,false,24.0000,16,16.0000,false,1,
8000380007264,false,וופלים בטעם קקאו לואקר 175 גרם,קריניציה ויטמינה אס,,לואקר קלאסיק שוקולד,00000,1,00000,false,18.0000,12.9,12.9000,false,1,
8000380007271,false,וופל במילוי קרם חלב לואקר 175 גרם,ליימן מותגים,,לואקר קלאסיק חלב,00000,1,00000,false,18.0000,12.9,12.9000,false,1,
=======
7792860006218,false,סוכריות לקקן בייבי דול לריטייר (24 גרם),גוד פוד פרודקטס S.p,,סוכריית בייבי-דול,יחידה,1,יחידה,false,48.0000,3,3.0000,true,1,
7798092421232,false,אוכמניות,ביכורי השדה הצפון בעמ` 1964,,אוכמניות,יחידה,1,יחידה,false,0.0000,16.9,16.9000,false,1,
7861500002818,false,בירה לף בראון שישייה בקבוק) (6*330 מל,"אינבב, ברוורייפליין",,"לף בראון-שישיה 6 בק' 330 מ""ל",יח,1,יח,false,0.0000,59.9,58.1000,false,1,
8000040001106,false,קמפרי ביטר אפרטיף 700מל,החברה המרכזית להפצת משקאות-אלכ,,קמפרי ביטר אפרטיף 700מל,יחידה,1,יחידה,false,0.0000,109.9,109.6000,false,1,
8000215204219,false,משקה אורז ביו אורגני ויטאריז 1 ליטר,בטר אנד דיפרנט,,משקה אורז אורגני נטורפוד,00000,1,00000,false,0.0000,14.9,14.9000,false,1,
8000215204240,false,משקה אורז ושקדים ביו אורגני ויטאריז 1 לי,בטר אנד דיפרנט,,משקה אורז שקדים אורגני נטורפוד,00000,1,00000,false,0.0000,14.9,14.9000,false,1,
8000215204677,false,ויטריז - משקה שיבולת שועל בריסטה אורגני,בטר אנד דיפרנט,,ויטריז - משקה שיבולת שועל בריסטה אורגני,יחידה,1,יחידה,false,0.0000,14.9,14.9000,false,1,
8000380003723,false,וופלים גרנד פטיסרי במילוי קרם אגוזים 100,קריניציה ויטמינה אס,,לואקר גרנד פטיסרי אגוז,00000,1,00000,false,18.0000,15.9,15.9000,false,1,
8000380004676,false,קוביות וופל סנדוויץ Sandwich עם וניל וחלב,"א. לואקר, קונפקט ג'י",,לואקר סנדוויץ' וניל,00000,1,00000,false,18.0000,15.9,15.9000,true,1,
8000380004911,false,קוביות וופל קואדרטיני Quadratini קרם אגוזים,קריניציה ויטמינה אס,,קואדרטיני אגוז,00000,1,00000,false,18.0000,16.9,16.9000,false,1,
8000380004966,false,וופל קוארדטיני לואקר קוביות שוקולד 250ג',קריניציה ויטמינה אס,,לואקר קוארדטיני שוקולד,00000,1,00000,false,18.0000,15.9,15.9000,false,1,
8000380007219,false,וופל לואקר ממולא קרם אגוזים 175 גרם,ליימן שליסל בע`מ,,לואקר קלאסיק אגוז,00000,1,00000,false,18.0000,12.9,12.9000,false,1,
8000380007257,false,וופל גרדנה במילוי קרם אגוזים מצופה,קריניציה ויטמינה אס,,לואקר גרדנה אגוז,00000,1,00000,false,24.0000,16,16.0000,false,1,
8000380007264,false,וופל לואקר ממולא קרם קקאו 175 גרם,קריניציה ויטמינה אס,,לואקר קלאסיק שוקולד,00000,1,00000,false,18.0000,12.9,12.9000,false,1,
8000380007271,false,וופל במילוי קרם חלב לואקר (175 גרם),ליימן שליסל בע`מ,,לואקר קלאסיק חלב,00000,1,00000,false,18.0000,12.9,12.9000,false,1,
>>>>>>> d048ac2f4f281c9d788043ab4e81b61b0dbe3743
8000380106028,false,טורטינה לואקר וופל שוקולד ואגוזים שישיה 125ג',קריניציה ויטמינה אס,,לואקר טורטינה שוקולד חלב,00000,1,00000,false,24.0000,19.9,19.9000,false,1,
8000380153534,false,מארז וופל שוקולד טורטינה Tortina שוקולד לבן,א. לואקר אס. פי. אי-אי.,,לואקר טורטינה שוקולד לבן 125 גרם,00000,1,00000,false,0.0000,19.9,19.9000,false,1,
8000380180745,false,וופל קוביות קקאו במילוי קרם חלב לואקר 250 גרם,"א. לואקר, קונפקט ג'י",,לואקר קואדרטיני שוקו-חלב,00000,1,00000,false,0.0000,16.9,16.9000,false,1,
8000380187119,false,עוגיות במילוי קרם אגוזי לוז לואקר 100 גר,ליימן שליסל בע`מ,,עוגיות אגוזי לוז 100 גרם,00000,1,00000,false,0.0000,16.9,16.9000,false,1,
8000380192199,false,וופל בטעם דאבל שוקולד לואקר (175 גרם),ליימן שליסל בעמ,,לואקר קלאסיק דאבל שוקולד,00000,1,00000,false,0.0000,14.9,14.9000,false,1,
8000380192588,false,וופלים קואדרטיני דאבל שוקולד לואקר 250 גרם,קריניציה ויטמינה אס,,לואקר קוארדטיני דאבל שוקולד,00000,1,00000,false,18.0000,16.9,16.9000,false,1,
<<<<<<< HEAD
8000500037874,false,בונבונרייה פררו רושר 200 גרם,פררו - אלבה,,פררו רושה 200 גרם,יחידה,1,יחידה,false,1.0000,32.9,32.9000,false,1,
8000500071083,false,אצבעות שוקולד קינדר Kinder שש עשרה יחידות,פררו - אלבה,,קינדר 200גר' חדש,יחידה,1,יחידה,false,10.0000,16.9,16.9000,false,1,
8000500224281,false,נוטלה בי רדי חטיף קופה,פררו,,נוטלה בי רדי חטיף קופה,יחידה,1,יחידה,false,0.0000,5,5.0000,false,1,
8000500227848,false,נוטלה - בי רדי אצבעות ביסקוויט במילוי שוקולד 6 יח' * 22 גרם,פררו,,"וופל פריך 100 קלוריות ""נוטלה""",יחידה,1,יחידה,false,0.0000,15.9,15.9000,false,1,
8000500256213,false,קינדר שוקולד מיני בשקית.,פררו - אלבה,,קינדר מיני בשקנית 120 גרם,יחידה,1,יחידה,false,0.0000,15,15.0000,false,1,
8000500267103,false,קינדר דליס עוגת ספוג קקאו במילוי חלבי*10,קינדר Kinder,,מארז קינדר דליס 10 יחידות,יחידה,1,יחידה,false,0.0000,29.9,29.9000,false,1,
8001090678195,false,"מרכך הד&שולדרס סופרים לחות 275 מ""ל",פרוקטר אנד גמבל,,"שולדרס מרכך סופרים לחות 275 מ""ל",יחידה,1,יחידה,false,0.0000,20.9,20.9000,false,1,
8001090737809,false,מגן תחתון אולוויז סינגל טנגה 36 יחידות,פרוקטר אנד גמבל,,מגן תחתון אולוויז סינגל טנגה 36 יחידות,יחידה,1,יחידה,false,0.0000,19.9,19.9000,false,1,
8001090802385,false,קפסולות גל לכביסה טייד בניחוח לנור 26 יח,פרוקטר אנד גמבל,,טייד קפסולות ג'ל 26 יחידות,00000,1,00000,false,0.0000,39.9,39.9000,false,1,
=======
8000500037874,false,בונבונרייה פררו רושר 200 גרם,פרימיום-חברה לדברי מתיקה ולמסח,,פררו רושה 200 גרם,יחידה,1,יחידה,false,1.0000,32.9,32.9000,false,1,
8000500071083,false,אצבעות שוקולד קינדר Kinder שש עשרה יחידות,פרימיום-חברה לדברי מתיקה ולמסח,,קינדר 200גר' חדש,יחידה,1,יחידה,false,10.0000,16.9,16.9000,false,1,
8000500224281,false,וופל מלוח במילוי ממרח אגוזי לוז,פרימיום-חברה לדברי מתיקה ולמסח,,נוטלה בי רדי חטיף קופה,יחידה,1,יחידה,false,0.0000,5,5.0000,false,1,
8000500227848,false,נוטלה - בי רדי אצבעות ביסקוויט במילוי שוקולד 6 יח' * 22 גרם,פרימיום-חברה לדברי מתיקה ולמסח,,"וופל פריך 100 קלוריות ""נוטלה""",יחידה,1,יחידה,false,0.0000,15.9,15.9000,false,1,
8000500256213,false,קינדר שוקולד חלב במילוי קרם חלבי,פרימיום-חברה לדברי מתיקה ולמסח,,קינדר מיני בשקנית 120 גרם,יחידה,1,יחידה,false,0.0000,15,15.0000,false,1,
8000500267103,false,קינדר דליס עוגת ספוג קקאו במילוי חלבי*10,פרימיום-חברה לדברי מתיקה ולמסח,,מארז קינדר דליס 10 יחידות,יחידה,1,יחידה,false,0.0000,29.9,29.9000,false,1,
8001090678195,false,"מרכך הד&שולדרס סופרים לחות 275 מ""ל",דיפלומט מפיצים (1968) בעמ,,"שולדרס מרכך סופרים לחות 275 מ""ל",יחידה,1,יחידה,false,0.0000,20.9,20.9000,false,1,
8001090737809,false,מגן תחתון אולוויז סינגל טנגה 36 יחידות,דיפלומט מפיצים (1968) בעמ,,מגן תחתון אולוויז סינגל טנגה 36 יחידות,יחידה,1,יחידה,false,0.0000,19.9,19.9000,false,1,
8001090802385,false,קפסולות גל לכביסה טייד בניחוח לנור 26 יח,דיפלומט מפיצים (1986) בע`מ,,טייד קפסולות ג'ל 26 יחידות,00000,1,00000,false,0.0000,39.9,39.9000,false,1,
>>>>>>> d048ac2f4f281c9d788043ab4e81b61b0dbe3743
8001160000888,false,"גטורייד משקה ספורט תפוז 500 מ""ל",אקווה מינרלה סאן בנדטו,,גטורייד ספורט תפוז,יחידה,1,יחידה,false,0.0000,12.9,12.6000,false,1,
8001160001786,false,"משקה אנרגיה גטורייד ספורט כחול 500מ""ל",אקווה מינרלה סאן בנדטו,,"גטורייד ספורט קול בלו, 500 מל",יחידה,1,יחידה,false,12.0000,12.9,12.6000,false,1,
8001160001892,false,"משקה אנרגיה גטורייד ספורט תפוז אדום 500מ""ל",אקווה מינרלה סאן בנדטו,,גטורייד ספורט תפוז אדום,יחידה,1,יחידה,false,12.0000,12.9,12.6000,false,1,
8001250009999,false,ניוקי דה ציקו תפוא 5,דה צ'אקו DE CECCO,,ניוקי 500 גר` דה צ'קו,יחידה,1,יחידה,false,0.0000,11.9,11.9000,false,1,
8001250120342,false,פסטה פוזילי 500ג DE CECCO,רסטרטו יבוא ושיווק בעמ,,פסטה פוזילי 500 גרם,00000,1,00000,false,0.0000,11.9,11.9000,false,1,
8001250120939,false,פסטה פרפלה דה ציקו 5,,,פרפלה 500 גרם,00000,1,00000,false,0.0000,11.9,11.9000,false,1,
8001250250018,false,"שמן זית EXTRA VIRGIN CLASSICO (כחול) 750 מ""ל",VIRGINIAS INDUSTRIAS,,"שמן זית classico כחול 750 מ""ל",00000,1,00000,false,0.0000,49.9,49.9000,false,1,
8001561015580,false,ריבת בצל סגול איטלקית 300 גרם,,,ריבת בצל אדומה 300 גרם,יחידה,1,יחידה,false,0.0000,36.9,36.9000,false,1,
8001620015629,false,"משקה פירות בטעם תפוז ותפוז אדום 400 מ""ל פרוטה",אקווה מינרלה סאן בנדטו ב,,"סן בנדטו תפוז תפוז אדום 400 מ""ל",יחידה,1,יחידה,false,12.0000,9.5,9.2000,false,1,
8001620018408,false,"משקה פירות בטעם מנגו תפוח 400 מ""ל פרוטה",אקווה מינרלה סאן בנדטו ב,,"סן בנדטו מנגו תפוח 400 מ""ל",יחידה,1,יחידה,false,12.0000,9.5,9.2000,false,1,
8002213011301,false,"קמח לפסטה סוג 00 ק""ג {כחול}",,,"קמח לפסטה סוג 00 ק""ג {כחול}",יחידה,1,יחידה,false,0.0000,16.9,16.9000,false,1,
8002270015649,false,סן פלגרינו מים מינרלים טבעיים מוגזים,סן פלגרינו ס.פ.א לוק,,סן פלגרינו מים מינרלים טבעיים מוגזים,יחידה,1,יחידה,false,24.0000,8,7.7000,false,1,
8002270015656,false,מים מינרליים טבעיים מוגזים סן פלגרינו 750 מל זכוכית,סן פלגרינו ס.פ.א לוק,,מים מינרליים טבעיים מוגזים סן פלגרינו 750 מל זכוכית,יחידה,1,יחידה,false,12.0000,12,11.7000,false,1,
8002270166594,false,"שישיית מים ""סאן פלגרינו"" 250*6 מ""ל",טמפו,,"שישיית מים ""סאן פלגרינו"" 250*6 מ""ל",יחידה,1,יחידה,false,0.0000,39.9,38.1000,false,1,
8002270206832,false,"סן פלגרינו בטעם תפוזים 200 מ""ל",,,"סן פלגרינו בטעם תפוזים 200 מ""ל",יחידה,1,יחידה,false,0.0000,8,7.7000,false,1,
<<<<<<< HEAD
8002270436581,false,"שישיית מים סאן פלגרינו פלסט 500 מ""ל",סן-פלגרינו,,סן פלגרינו מוגז שישייה,יחידה,1,יחידה,false,0.0000,28.9,27.1000,false,1,
8002270846472,false,סן פלגרינו מים מינרליים טבעיים מוגזים,סן-פלגרינו,,סן פלגרינו מים מינרליים טבעיים מוגזים,יחידה,1,יחידה,false,24.0000,5.9,5.6000,false,1,
=======
8002270436581,false,סאן פלגרינו פלסטיק מוגז שישייות 500*6,טמפו משקאות בעמ,,סן פלגרינו מוגז שישייה,יחידה,1,יחידה,false,0.0000,28.9,27.1000,false,1,
8002270846472,false,סן פלגרינו מים מינרליים טבעיים מוגזים,טמפו משקאות בעמ,,סן פלגרינו מים מינרליים טבעיים מוגזים,יחידה,1,יחידה,false,24.0000,5.9,5.6000,false,1,
>>>>>>> d048ac2f4f281c9d788043ab4e81b61b0dbe3743
8002270866524,false,סן פלגרינו מים מינרליים טבעיים מוגזים,סן פלגרינו San Pellegrino,,סן פלגרינו מים מינרליים טבעיים מוגזים,יחידה,1,יחידה,false,6.0000,9.9,9.6000,false,1,
8003753900469,false,אילי - אספרסו טחון בקליה כהה בפחית 250גר,ש.שסטוביץ בעמ,,אילי אספרסו טחון קליה כהה 250 גרם,יחידה,1,יחידה,false,6.0000,44.9,44.9000,false,1,
8004030026018,false,"מקסיקני עם טונה ריו מרה אינסלטיסימי, 160 ג'","בולטון אלימנטרי בע""\מ",,ריו מארה מקסיקני עם טונה,00000,1,00000,false,0.0000,19.9,19.9000,false,1,
8004030044005,false,נתחי טונה בהירה בשמן זית ריו מרה 112גרם,"בולטון אלימנטרי בע""\מ",,טונה ריו מרה בשמן זית 160 ג',יחידה,1,יחידה,false,0.0000,18.9,18.9000,true,1,
8004030102033,false,טונה בשמן זית עם מיץ לימון ופלפל שחור - מארז 3 יח',בולטון אלימנטרי,,ריו מרה טונה בשמז עם לימון ופלפל 80*3,יחידה,1,יחידה,false,0.0000,29.9,29.9000,false,1,
8004030177000,false,ריו מארה טונה בשמן זית עם צ`לי שלישיות 8,ש. שסטוביץ בע`מ,,"מארז שלישיית טונה צ'ילי חריף ""ריו""",יחידה,1,יחידה,false,0.0000,29.9,29.9000,false,1,
8004030344938,false,"ריו מרה טונה בשמן זית 3X80 גרם מתכון חדש כשל""פ","בולטון אלימנטרי בע""\מ",,"מארז שלישיית טונה בשמן זית ""ריו""",יחידה,1,יחידה,false,32.0000,29.9,29.9000,false,1,
8004030381681,false,ריו מרה נתחי טונה בהירה בשמן זית זוג 160 גר,ש. שסטוביץ בע`מ,,ריו מארה טונה בשמן זית זוגת 160 גרם,00000,1,00000,false,0.0000,33.9,33.9000,false,1,
8004030845046,false,טונה עם ירקות בתוספת עם אורז ריו מרה אינסלטיסימי 160 ג',בולטון אלימנטרי,,ריו מארה אינסלטיסימי אורז עם טונה,יחידה,1,יחידה,false,0.0000,18.9,18.9000,false,1,
8004030860001,false,ירקות עם קוקוס וטונה ריו מרה אינסלטיסימי 160 ג',"בולטון אלימנטרי בע""\מ",,ריו מרה עם קוסקוס 160 גרם,יחידה,1,יחידה,false,0.0000,18.9,18.9000,false,1,
<<<<<<< HEAD
8005110002243,false,רכז עגבניות Doppio Concentr בשפופרת 185 ג' MUTTI,"איי, בי, אינבוו",,רכז עגבניות בשפורפרת מוטי,יחידה,1,יחידה,false,0.0000,11.9,11.9000,false,1,
8005110170300,false,עגבניות מרוסקות חתוכות מוטי MUTTI שלישיה *400,מוטי Mutti,,"שלישיית עגבניות מרוסקות ""מוטי""",יחידה,1,יחידה,false,8.0000,18.8,18.8000,false,1,
8007178223547,false,קרם מצומצם עם חומץ בלסמי ממודנה,פארייפאבה אגרואינדוס,,"קרם בלסמי מצומצם 250 מ""ל",יחידה,1,יחידה,false,0.0000,29.9,29.9000,false,1,
8007178223578,false,"חומץ בלסמי ג'קובזי 250 מ""ל",,,"חומץ בלסמי ג'קובזי 250 מ""ל",יחידה,1,יחידה,false,0.0000,17.9,17.9000,false,1,
8008660210038,false,מעדן ריבה מנץ אנד גאססר תות שדה 300 גר,קריניציה ויטמינה אס,,מעדן תות שדה 300 גרם,יחידה,1,יחידה,false,0.0000,18.9,18.9000,false,1,
8008743002536,false,שוקולד מטבעות ברשת 5,,,מטבעות שוקולד ברשת,יחידה,1,יחידה,false,0.0000,5.9,5.9000,false,1,
8008743030713,false,שוקולד כדורגל שוקו ב,,,כדורגל שוקולד ברשת,יחידה,1,יחידה,false,0.0000,9.9,9.9000,false,1,
8008743036609,false,שוקולד מכוניות ברשת,GUNZ WARENHANDELS,,מכוניות שוקולד ברשת,יחידה,1,יחידה,false,0.0000,9.9,9.9000,false,1,
8024985002943,false,סמוזי נטורה נובה תפוח אננס קוקוס 100 גרם,נטורה נובה,,נטורה נובה-סמוזי תפוח אננס קוקוס 100 גרם,00000,1,00000,false,0.0000,5.9,5.9000,false,1,
8024985002950,false,נטורה נובה-סמוזי שזיף אורגני 100 גרם,נטורה נובה,,נטורה נובה-סמוזי שזיף אורגני 100 גרם,00000,1,00000,false,0.0000,5.9,5.9000,false,1,
8024985002967,false,סמוזי נטורה נובה בננה תרד 100 גרם,נטורה נובה,,נטורה נובה-סמוזי בננה תרד 100 גרם,00000,1,00000,false,0.0000,5.9,5.9000,false,1,
8024985005234,false,סמוזי נטורה נובה סמוצי תפוח מנגו 100 גרם,נטורה נובה,,מחית תפוח מנגו אפרסק סמוזי,יחידה,1,יחידה,false,0.0000,5.9,5.9000,false,1,
8024985005302,false,סמוזי תפוח רימון פטל אוכמנויות ואסאי אורגני,נטורה נובה,,סמוזי תפוח רימון פטל אוכמנויות ואסאי אורגני,יחידה,1,יחידה,false,0.0000,6.9,6.9000,false,1,
=======
8005110002243,false,רכז עגבניות Doppio Concentr בשפופרת 185 ג' MUTTI,רסטרטו יבוא ושיווק בעמ*אין החז,,רכז עגבניות בשפורפרת מוטי,יחידה,1,יחידה,false,0.0000,11.9,11.9000,false,1,
8005110170300,false,עגבניות מרוסקות חתוכות מוטי MUTTI שלישיה *400,רסטרטו יבוא ושיווק בעמ*אין החז,,"שלישיית עגבניות מרוסקות ""מוטי""",יחידה,1,יחידה,false,8.0000,18.8,18.8000,false,1,
8007178223547,false,ג`קובזי קרם בלסמי מצומצם ממודנה 250 מל,דיפלומט מפיצים (1968) בעמ**,,"קרם בלסמי מצומצם 250 מ""ל",יחידה,1,יחידה,false,0.0000,29.9,29.9000,false,1,
8007178223578,false,"חומץ בלסמי ג`קובזי 250 מ""ל",דיפלומט מפיצים (1968) בעמ**,,"חומץ בלסמי ג'קובזי 250 מ""ל",יחידה,1,יחידה,false,0.0000,17.9,17.9000,false,1,
8008660210038,false,מעדן ריבה מנץ אנד גאססר תות שדה 300 גר,תה ויסוצקי (ישראל) בעמ,,מעדן תות שדה 300 גרם,יחידה,1,יחידה,false,0.0000,18.9,18.9000,false,1,
8008743002536,false,שוקולד מטבעות ברשת 5,שוקוטרייד בעמ,,מטבעות שוקולד ברשת,יחידה,1,יחידה,false,0.0000,5.9,5.9000,false,1,
8008743030713,false,שוקולד כדורגל שוקו ב,שוקוטרייד בעמ,,כדורגל שוקולד ברשת,יחידה,1,יחידה,false,0.0000,9.9,9.9000,false,1,
8008743036609,false,מכוניות שוקו ברשת 100ג,שוקוטרייד בעמ,,מכוניות שוקולד ברשת,יחידה,1,יחידה,false,0.0000,9.9,9.9000,false,1,
8024985002943,false,מחית סמוצ`י תפוח אננס קוקוס אורגנית נטור,נטורפוד בעמ,,נטורה נובה-סמוזי תפוח אננס קוקוס 100 גרם,00000,1,00000,false,0.0000,5.9,5.9000,false,1,
8024985002950,false,מחית פירות סמוצ`י שזיף אורגנית נטורה נוב,נטורפוד בעמ,,נטורה נובה-סמוזי שזיף אורגני 100 גרם,00000,1,00000,false,0.0000,5.9,5.9000,false,1,
8024985002967,false,מחית סמוצ`י בננה תרד נטורה נובה 100 גרם,נטורפוד בעמ,,נטורה נובה-סמוזי בננה תרד 100 גרם,00000,1,00000,false,0.0000,5.9,5.9000,false,1,
8024985005234,false,מחית פירות סמוצ`י תפוח עץ ומנגו אורגנית,נטורפוד בעמ,,מחית תפוח מנגו אפרסק סמוזי,יחידה,1,יחידה,false,0.0000,5.9,5.9000,false,1,
8024985005302,false,סמוזי תפוח רימון פטל אוכמנויות ואסאי אורגני,נטורפוד בעמ,,סמוזי תפוח רימון פטל אוכמנויות ואסאי אורגני,יחידה,1,יחידה,false,0.0000,6.9,6.9000,false,1,
>>>>>>> d048ac2f4f281c9d788043ab4e81b61b0dbe3743
8024985006408,false,פרולה סמוזי מנגו 90ג,נטורה נובה,,פרולה - סמוזי מנגו,יחידה,1,יחידה,false,0.0000,5.9,5.9000,false,1,
8024985008037,false,מחית פירות סמוצ`י תפוח אורגנית ללא תוספת,"נטורפוד בע""מ",,מחית תפוח סמוזי,יחידה,1,יחידה,false,0.0000,5.9,5.9000,false,1,
8024985008044,false,מחית פירות סמוצ`י אגס אורגנית ללתס נטור,"נטורפוד בע""מ",,מחית אגס סמוזי,יחידה,1,יחידה,false,0.0000,5.9,5.9000,false,1,
8024985011204,false,נטורה נובה-סמוזי תפוח תות בננה 100 גרם,נטורה נובה,,נטורה נובה-סמוזי תפוח תות בננה 100 גרם,יחידה,1,יחידה,false,0.0000,5.9,5.9000,false,1,
8032880800243,false,פיקניק הפתעה - אגוזי לוז ומקלות אפויים,"הוסטה איטליה, ס.ר.ל.",,פיקניק הפתעה - אגוזי לוז ומקלות אפויים,00000,1,00000,false,0.0000,8,8.0000,false,1,
8076800195019,false,ברילה - צ.א ספגטי מס1 קפליני 500 גרם,ברילה גי.אי.אר פרטלי ס.פ,,ברילה קפליני 500 גרם,יחידה,1,יחידה,false,0.0000,8.9,8.9000,false,1,
8076800195033,false,ברילה - צ.א ספגטיני מס3 חדש 500 גרם,ברילה גי.אי.אר פרטלי ס.פ,,ברילה ספגטיני מס' 3 500 גרם,יחידה,1,יחידה,false,0.0000,8.9,8.9000,false,1,
8076800195132,false,ברילה - צ.א בבטה מס13 500 גרם,ברילה גי.אי.אר פרטלי ס.פ,,ברילה בבטה 500 גרם,יחידה,1,יחידה,false,0.0000,8.9,8.9000,false,1,
8076800315097,false,פסטה מקרוני בוקטיני מספר 9 ברילה 500 גרם,ברילה גי.אי.אר פרטלי ס.פ,,ברילה בוקטיני 500 גרם,יחידה,1,יחידה,false,0.0000,8.9,8.9000,false,1,
8076802085738,false,ברילה צ.ק פנה רגטה מס' 73 500 גרם,ברילה גי.אי.אר פרטלי ס.פ,,ברילה פנה רגטה מס' 73 500 גרם,יחידה,1,יחידה,false,0.0000,8.9,8.9000,false,1,
8076802085837,false,ברילה - צ.ק טורטליוני מס83 500 גרם,הנסיך- מפעל לייצור ט,,פסטה מספר 83 ברילה 500 גרם,יחידה,1,יחידה,false,0.0000,8.9,8.9000,false,1,
8076802085981,false,ברילה - צ.ק פוזילי חדש 500 גרם,ברילה גי.אי.אר פרטלי ס.פ,,ברילה פוזילי מס' 98 500 גרם,יחידה,1,יחידה,false,0.0000,8.9,8.9000,false,1,
8076808050440,false,פסטה מקרוני מספר 44 ברילה 500 גרם,ש. שסטוביץ בע`מ,,ברילה מקרוני מס' 44 500 גרם,יחידה,1,יחידה,false,0.0000,8.9,8.9000,false,1,
8076808060654,false,פסטה פרפלה מספר 65 ברילה 500 גרם,ברילה גי.אי.אר פרטלי ס.פ,,ברילה פרפלה מס' 65 500 גרם,יחידה,1,יחידה,false,0.0000,8.9,8.9000,false,1,
8076808150072,false,ברילה - צ.א ספגטוני מס7 חדש 500 גרם,ברילה גי.אי.אר פרטלי ס.פ,,ברילה ספגטוני מס' 7 500 גרם,יחידה,1,יחידה,false,0.0000,8.9,8.9000,false,1,
8076809512268,false,פסטה גירנדולה טורסדס מספר 34 ברילה 500 גרם,ברילה גי.אי.אר פרטלי ס.פ,,ברילה גירנדולה מס' 34 500 גרם,יחידה,1,יחידה,false,0.0000,8.9,8.9000,false,1,
8076809513388,false,ברילה רוטב אראביאטה צילי לפסטה 400 ג,ברילה גי.אי.אר פרטלי ס.פ,,ברילה רוטב ארביאטה 400 גרם,יחידה,1,יחידה,false,0.0000,15.9,15.9000,false,1,
8076809513395,false,ברילה פומודורו רוטב עגבניות קלאסי 400 גר,ברילה גי.אי.אר פרטלי ס.פ,,ברילה רוטב פומודורו 400 גרם,יחידה,1,יחידה,false,0.0000,15.9,15.9000,false,1,
8076809513654,false,בסיס רוטב עגבניות לבולונז ברילה 400 גרם,ברילה גי.אי.אר פרטלי ס.פ,,ברילה בסיס לבולונז 400 גרם,יחידה,1,יחידה,false,0.0000,15.9,15.9000,false,1,
8076809513692,false,רוטב עגבניות נפולטנה בתוספת ירקות,ברילה גי.אי.אר פרטלי ס.פ,,ברילה רוטב נפולטנה 400 גרם,יחידה,1,יחידה,false,0.0000,15.9,15.9000,false,1,
8076809513739,false,ברילה רוטב עגבניות עם בזיליקום 400 גרם,ברילה גי.אי.אר פרטלי ס.פ,,ברילה רוטב בזיליקום 400 גרם,יחידה,1,יחידה,false,0.0000,15.9,15.9000,false,1,
8076809514774,false,ברילה פפרדלה איטריות ביצים 250 גרם,ברילה גי.אי.אר פרטלי ס.פ,,ברילה פסטה פפרדלה ביצים 250 גרם,יחידה,1,יחידה,false,0.0000,19.9,19.9000,false,1,
8076809523714,false,איטריות טליאטלה ברילה 500 גרם,"ש. שסטוביץ בע""\מ",,ברילה טליאטלה 500 גרם,יחידה,1,יחידה,false,0.0000,25.9,25.9000,false,1,
8076809523738,false,דפי לזניה ברילה 500 גרם,ברילה גי.אי.אר פרטלי ס.פ,,ברילה לזניה 500 גרם,יחידה,1,יחידה,false,0.0000,24.9,24.9000,false,1,
8076809545457,false,ברילה אטריות ללא גלוטן 400 ג' צינורות 400 ג',ברילה ג'.אי.אר פרטלי,,ברילה צינורות ללא גלוטן 400 גרם,יחידה,1,יחידה,false,0.0000,14.9,14.9000,false,1,
8076809578998,false,ברילה - צ.ק. סטלינה 500 גרם,ברילה גי. אי. אר פרטלי ס,,ברילה סטלינה 500 גרם,יחידה,1,יחידה,false,0.0000,8.9,8.9000,false,1,
8410076610379,false,"חטיף בוטנים, חלבון סויה ושוקולד מריר עם ציפוי בטעם שוקולד",סריילטו ספיין פודס,,"חטיף בוטנים, חלבון סויה ושוקולד מריר עם ציפוי בטעם שוקולד",00000,1,00000,false,0.0000,27.9,27.9000,false,1,
8411277350118,false,"קאווה ""ג'ום סרה"" חצי יבש",ג'אום סרה,,"קאווה ""ג'ום סרה"" חצי יבש",יחידה,1,יחידה,false,0.0000,34.6,34.6000,false,1,
8411320382967,false,טונה צהובה בשמן זית (צנצנת) 220 גרם,אורטיז ORTIZ,,"טונה ""אורטיז""",00000,1,00000,false,0.0000,44.9,44.9000,false,1,
8414775012298,false,נייר smk בינוני+פילט,Unknown,,smk מדיום,00000,1,00000,false,0.0000,10,10.0000,false,1,
8414775012328,false,נייר פילטר SMK ארוך,Unknown,,s m k kind sive,00000,1,00000,false,24.0000,10,10.0000,false,1,
8423207206488,false,סלים דליס חטיף דגנים מצופה שוקולד חלב מרבה 6*20 גרם,אף.סי תבליני בגליל ב,,סלים דליס חלב,יחידה,1,יחידה,false,14.0000,17.9,17.9000,false,1,
8423207207362,false,חטיפי סלים דליס שוקולד לבן מרבה 6 יחידות,ביסנצ'ורי אס.אל.יו,,מרבה סלים דליס עם שוקולד לבן 120 ג',יחידה,1,יחידה,false,14.0000,17.9,17.9000,false,1,
8423207208680,false,חטיף דגנים שוקולד סלים דליס לילדים מרבה 6 יחידות,ביסנצ'ורי אס.אל.יו,,"מארז 6 ""סלים דליס"" עם שוקלד חלב",יחידה,1,יחידה,false,0.0000,17.9,17.9000,false,1,
8423207208697,false,חטיפי סלים דליס לילדים שוקולד לבן מרבה 6 יחידות,ביסנצ'ורי אס.אל.יו,,"מארז 6 ""סלים דליס"" עם שוקלד לבן",יחידה,1,יחידה,false,0.0000,17.9,17.9000,false,1,
<<<<<<< HEAD
8424842050030,false,צ'יפס בטעם מלח הימלאי 125 גרם רביו,RUBIO,,צ'יפס עם מלח הימלאי 125 גרם RUBIO,יחידה,1,יחידה,false,18.0000,14.9,14.9000,true,1,
8436575292205,false,ארטיק חמשושים מאגדת 15*12 גר',גלידות נסטלה )נגה גלידות,,חמשושים מאגדת חדש,יחידה,1,יחידה,false,0.0000,21.9,21.9000,false,1,
=======
8424842050030,false,צ'יפס בטעם מלח הימלאי 125 גרם רביו,א. סיימן סחר בעמ,,צ'יפס עם מלח הימלאי 125 גרם RUBIO,יחידה,1,יחידה,false,18.0000,14.9,14.9000,true,1,
8436575292205,false,ארטיק חמשושים מאגדת 15*12 גר',נגה גלידות שותפות מוגבלת,,חמשושים מאגדת חדש,יחידה,1,יחידה,false,0.0000,21.9,21.9000,false,1,
>>>>>>> d048ac2f4f281c9d788043ab4e81b61b0dbe3743
8445290046284,false,רד מאג נס קפה קלאסיק 220 גרם,נסטלה ספרד קפה,,נסקפה רד מאג 220 גרם,יחידה,1,יחידה,false,6.0000,24.9,24.9000,false,1,
8594071481018,false,חטיף סופרפוד אוכמניות קינואה אורגני 47 ג,,,חטיף סופר פוד אוכמניות וקינואה,יחידה,1,יחידה,false,0.0000,15.9,15.9000,false,1,
8594071481025,false,חטיף סופרפוד אסאי בננה אורגני 47 גר,,,חטיף סופר פוד אסאי בננה,יחידה,1,יחידה,false,0.0000,15.9,15.9000,false,1,
8594071484583,false,חטיף חלבון שוקולד ספירולינה אורגני 47 גר,,,חטיף חלבון שוקולד וספירולינה,יחידה,1,יחידה,false,0.0000,15.9,15.9000,false,1,
8594071484613,false,חטיף סופרפוד ציה פיסטוק אורגני 47 גרם,,,חטיף סופר פוד צ׳יה ופיסטוק,יחידה,1,יחידה,false,0.0000,15.9,15.9000,false,1,
8595657101764,false,חטיף חלבון פירות יער אורגני 47 גר,,,חטיף חלבון פירות יער,יחידה,1,יחידה,false,0.0000,15.9,15.9000,false,1,
<<<<<<< HEAD
8606018615827,false,גלידת וניל עם שברי עוגיות אוראו 480 גרם,פרונרי סרביה,,גלידת וניל עם שברי עוגיות אוראו 480 גרם,יחידה,1,יחידה,false,6.0000,23.9,23.9000,false,1,
8606018615865,false,פיינט מילקה קרמל ליבת שוקולד 480 גרם,פרונרי סרביה,,פיינט מילקה קרמל ליבת שוקולד 480 גרם,יחידה,1,יחידה,false,6.0000,23.9,23.9000,false,1,
8606109023623,false,"פרוויטה - מיץ תפוחי עץ ולימון ליים 750 מ""ל",פרובישקה,,"פרוויטה - מיץ תפוחי עץ ולימון ליים 750 מ""ל",00000,1,00000,false,0.0000,14.9,14.9000,false,1,
8606109023715,false,"פרוויטה - מיץ תפוחי עץ ואפרסקים 750 מ""ל",פרובישקה,,"פרוויטה - מיץ תפוחי עץ ואפרסקים 750 מ""ל",00000,1,00000,false,0.0000,14.9,14.9000,false,1,
8682943119005,false,"מסכות, 50 יחידות",,,"מסכות, 50 יחידות",יח,1,יח,false,0.0000,10,10.0000,false,1,
8683130012666,false,שלגון מגנום דאבל לבן עוגיות 72 גרם,"מיוצר ע""\י יונילוור סנאי",,מגנום דאבל לבן עוגיות 74 גרם,יחידה,1,יחידה,false,20.0000,11,11.0000,false,1,
8690504153740,false,גודייבה שוקולד מריר במילוי קרם גנאש 86 גרם,ביסקוט ביסקווי סילבר,,טבלת שוקולד מריר עם גנאש מריר 86 רם,יחידה,1,יחידה,false,0.0000,13.9,13.9000,false,1,
8690637555084,false,"מרכך כביסה מרוכז אקסטרה פריחת התפוז בדין 960 מ""ל",יוניליוור סנאיי וי טיקאר,,בדין אקסטרא לבן-960 מ''ל,יחידה,1,יחידה,false,16.0000,19.9,19.9000,false,1,
8690637866753,false,"בדין מרכך כביסה מרוכז אקסטרה סגול 960 מ""ל",יונילוור - תורכיה,,"בדין אקסטרה לבנדר 960 מ""ל",יחידה,1,יחידה,false,16.0000,19.9,19.9000,false,1,
=======
8606018615827,false,גלידת וניל עם שברי עוגיות אוראו 480 גרם,נגה גלידות שותפות מוגבלת,,גלידת וניל עם שברי עוגיות אוראו 480 גרם,יחידה,1,יחידה,false,6.0000,23.9,23.9000,false,1,
8606018615865,false,פיינט מילקה קרמל ליבת שוקולד 480 גרם,נגה גלידות שותפות מוגבלת,,פיינט מילקה קרמל ליבת שוקולד 480 גרם,יחידה,1,יחידה,false,6.0000,23.9,23.9000,false,1,
8606109023623,false,"פרוויטה - מיץ תפוחי עץ ולימון ליים 750 מ""ל",יורוסטנדרט בעמ,,"פרוויטה - מיץ תפוחי עץ ולימון ליים 750 מ""ל",00000,1,00000,false,0.0000,14.9,14.9000,false,1,
8606109023715,false,"פרוויטה - מיץ תפוחי עץ ואפרסקים 750 מ""ל",יורוסטנדרט בעמ,,"פרוויטה - מיץ תפוחי עץ ואפרסקים 750 מ""ל",00000,1,00000,false,0.0000,14.9,14.9000,false,1,
8682943119005,false,"מסכות, 50 יחידות",,,"מסכות, 50 יחידות",יח,1,יח,false,0.0000,10,10.0000,false,1,
8683130012666,false,שלגון מגנום דאבל לבן עוגיות 72 גרם,"מיוצר ע""\י יונילוור סנאי",,מגנום דאבל לבן עוגיות 74 גרם,יחידה,1,יחידה,false,20.0000,11,11.0000,false,1,
8690504153740,false,גודייבה שוקולד מריר במילוי קרם גנאש 86 גרם,תה ויסוצקי (ישראל) בעמ,,טבלת שוקולד מריר עם גנאש מריר 86 רם,יחידה,1,יחידה,false,0.0000,13.9,13.9000,false,1,
8690637555084,false,"מרכך כביסה מרוכז אקסטרה פריחת התפוז בדין 960 מ""ל",יוניליוור ישראל שיווק בע`מ,,בדין אקסטרא לבן-960 מ''ל,יחידה,1,יחידה,false,16.0000,19.9,19.9000,false,1,
8690637866753,false,"בדין מרכך כביסה מרוכז אקסטרה סגול 960 מ""ל","יוניליוור ישראלשיווק בע""מ",,"בדין אקסטרה לבנדר 960 מ""ל",יחידה,1,יחידה,false,16.0000,19.9,19.9000,false,1,
>>>>>>> d048ac2f4f281c9d788043ab4e81b61b0dbe3743
8690637890666,false,מאגדת מגנום מיני דאבל פיסטוק 6 יח' שטראוס,יוניליוור סנאיי וי ט,,מאגדת דאבל פיסטוק-שוקולד,00000,1,00000,false,6.0000,39.9,39.9000,false,1,
8690637946301,false,"בדין - מרכך כביסה אקסטרא בייביי כחול 960 מ""ל",יוניליוור ישראל שיווק בע`מ,,בדין היפואלרגני בייבי,יחידה,1,יחידה,false,16.0000,19.9,19.9000,false,1,
8690637976995,false,"מרכך כביסה מרוכז אקסטרה ורוד סחלבים פראי בדין 960 מ""ל",יוניליוור ישראל שיווק בע`מ,,בדין אקסטרה ורוד בניחוח סחלבים פראים,יחידה,1,יחידה,false,16.0000,19.9,19.9000,false,1,
8690766156367,false,טבלת שוקולד חלב מעולה 90 גר` גודייבה,תה ויסוצקי (ישראל) בעמ,,שוקולד חלב מעולה 90 גרם,יחידה,1,יחידה,false,0.0000,16.9,16.9000,true,1,
8690766156374,false,גודייבה שוקולד מריר מעולה 72% מוצקי קקאו 72גרם,תה ויסוצקי (ישראל) בעמ,,שוקולד מריר מעולה 72% מוצקי קקאו 90 גרם,יחידה,1,יחידה,false,0.0000,16.9,16.9000,true,1,
8690766156381,false,גודייבה שוקולד מריר 90% מוצקי קקאו 90 גרם,תה ויסוצקי (ישראל) בעמ,,שוקולד מריר מעולה 90% מוצקי קקאו 90 גרם,יחידה,1,יחידה,false,0.0000,16.9,16.9000,true,1,
8697530910750,false,סיגריות פאל מאל כחול ארוך האוס,גלוברנדס בעמ - שיווק סיגריות,,פאל מאל כחול ארוך,יחידה,1,יחידה,false,10.0000,28,28.0000,false,1,
8710502470028,false,עוגיות שוקולד צ'יפס ממולאות בקרם נוגט,קריניציה ויטמינה אס,,"עוגיות נוגטלי ""מרבה""",יחידה,1,יחידה,false,22.0000,11.9,11.9000,false,1,
8710908882463,false,תחליב רחצה Invigorating Ritual עם שמן אבוקדו וקלנדולה,"יוניליוור ישראל שיווק בע""מ",,"דאב תחליב רחצה invigorating אבוקדו 500 מ""ל",יחידה,1,יחידה,false,0.0000,16.9,16.9000,false,1,
8712561594240,false,"דאב תחליב רחצה להזנה עמוקה500 מ""ל-מרכז",יוניליוור ישראל שיווק בע`מ,,"תחליב רחצה דאב להזנה עמוקה, 500 מ""ל",יחידה,1,יחידה,false,12.0000,16.9,16.9000,false,1,
8712561594608,false,"דאב תחליב רחיצה להזנה עמוקה 750 מ""ל",יוניליוור ישראל שיווק בע`מ,,"תחליב רחצה דאב להזנה עמוקה, 750 מ""ל",יחידה,1,יחידה,false,12.0000,19.9,19.9000,false,1,
8712561611183,false,דאב סבון נוזלי 500 תמציות מלפפונים ותה,יוניליוור ישראל שיווק בע`מ,,"תחליב רחצה דאב תה ירוק ומלפפון, 500 מ""ל",יחידה,1,יחידה,false,12.0000,16.9,16.9000,false,1,
8714200208013,false,ונקו ממתק לקריץ בציפוי דרגה צבעוני 166 ג,אחים מזרחי,,"לקריץ הולנדי אנטיביוטיקה ""Venco""",יחידה,1,יחידה,false,0.0000,13,13.0000,false,1,
8714599513835,false,גי'קובס קרונונג נייט אנד דיי - נטול קופיאין,דיפלומט מפיצים (1968) בעמ**,,גי'קובס קרונונג נייט אנד דיי - נטול קופיאין,יחידה,1,יחידה,false,0.0000,45,45.0000,false,1,
8714789582764,false,אג'קס ספריי לניקוי חלונות ומשטחים,הנסיך- מפעל לייצור ט,,"אג'קס טריגרם 750 מ""ל",יחידה,1,יחידה,false,0.0000,16.9,16.9000,false,1,
<<<<<<< HEAD
8714789930848,false,"משחת שיניים אופטיק וייט הלבנה מיידית קולגייט 75 מ""ל",הנסיך- מפעל לייצור ט,,משחת שיניים קולגייט אופטיק וויט,יחידה,1,יחידה,false,48.0000,29.9,29.9000,false,1,
8715700115641,false,ממרח מיונז לחיץ לייט במרקם קרמי 420 ג' היינץ,"פודליצקי ספ.ז.או.או,.",,היינץ ממרח לחיץ לייט 420 גרם,יחידה,1,יחידה,false,0.0000,17.9,17.9000,false,1,
8715700117805,false,"קטשופ היינץ מתבל עגבניות ללא תוספת סוכר ומלח 425 מ""ל","ה.י היינץ הולדינג בי.וי,",,היינץ מתבל עגבניות ללא תוספת סוכר ומלח 425 גרם,00000,1,00000,false,0.0000,13.9,13.9000,false,1,
8715700419732,false,מתבל עגבניות היינץ 700 גרם,ה.י. היינץ,,היינץ מתבל עגבניות 700 גרם,יחידה,1,יחידה,false,10.0000,13.8,13.8000,false,1,
8715700422473,false,ממרח לכריכים וסלטים ללא ח. משמרים היינץ 395 גרם,ה.י. היינץ,,היינץ ממרח לחיץ ללא חומרים משמרים 395 גרם,יחידה,1,יחידה,false,0.0000,17.9,17.9000,false,1,
8715700423906,false,היינץ מתבל עגבניות מופחת סוכר ומלח 50/50 550 גרם,היינץ צפון אמריקה מק,,היינץ מתבל עגבניות מופחת סוכר ומלח 50/50 550 גרם,יחידה,1,יחידה,false,0.0000,13.9,13.9000,false,1,
8717677336593,false,טוניס שוקולד חלב 180 גרם רבנות - נוכרי,טוניס/שוקולונלי,,שוקולד חלב טוניז 32%,יחידה,1,יחידה,false,15.0000,18.9,18.9000,false,1,
8717677336630,false,שוקולד חלב עם שקדים ודבש טוניס' שוקולונלי 180 גרם,טוניס/שוקולונלי,,שוקולד חלב טוניז שקדים נוגט ודבש,יחידה,1,יחידה,false,15.0000,18.9,18.9000,false,1,
8717677336661,false,טוניס שוקולד מריר מעולה 70% 180 גרם רבנות - נוכרי,טוניס/שוקולונלי,,שוקולד טוניז מריר 70%,יחידה,1,יחידה,false,15.0000,18.9,18.9000,false,1,
8717677338436,false,שוקולד חלב עם אגוזי לוז טוניס' שוקולונלי 180 גרם,טוניס/שוקולונלי,,שוקולד חלב טוניז אגוזי לוז,יחידה,1,יחידה,false,15.0000,18.9,18.9000,false,1,
8718114734484,false,מיונז מאילי 320 גר צ,יונילבר צרפת,,"מיונז, 320 גרם",יחידה,1,יחידה,false,0.0000,17.9,17.9000,false,1,
8718951044913,false,מרידול משחת שיניים להלבנה 75 מל,קולגייט פלמוליב,,"מרידול משחת שינים הלבנה 75 מ""ל",יחידה,1,יחידה,false,0.0000,22.9,22.9000,false,1,
=======
8714789930848,false,"משחת שיניים אופטיק וייט הלבנה מיידית קולגייט 75 מ""ל",איינשטיין-צור יבוא-יצוא וסחר ב,,משחת שיניים קולגייט אופטיק וויט,יחידה,1,יחידה,false,48.0000,29.9,29.9000,false,1,
8715700115641,false,ממרח מיונז לחיץ לייט במרקם קרמי 420 ג' היינץ,דיפלומט מפיצים (1968) בעמ**,,היינץ ממרח לחיץ לייט 420 גרם,יחידה,1,יחידה,false,0.0000,17.9,17.9000,false,1,
8715700117805,false,"קטשופ היינץ מתבל עגבניות ללא תוספת סוכר ומלח 425 מ""ל",דיפלומט מפיצים (1968) בעמ**,,היינץ מתבל עגבניות ללא תוספת סוכר ומלח 425 גרם,00000,1,00000,false,0.0000,13.9,13.9000,false,1,
8715700419732,false,מתבל עגבניות היינץ (700 גרם),דיפלומט מפיצים (1968) בעמ**,,היינץ מתבל עגבניות 700 גרם,יחידה,1,יחידה,false,10.0000,13.8,13.8000,false,1,
8715700422473,false,ממרח לכריכים וסלטים ללא ח. משמרים היינץ 395 גרם,דיפלומט מפיצים (1968) בעמ**,,היינץ ממרח לחיץ ללא חומרים משמרים 395 גרם,יחידה,1,יחידה,false,0.0000,17.9,17.9000,false,1,
8715700423906,false,היינץ מתבל עגבניות מופחת סוכר ומלח 50/50 550 גרם,דיפלומט מפיצים (1968) בעמ**,,היינץ מתבל עגבניות מופחת סוכר ומלח 50/50 550 גרם,יחידה,1,יחידה,false,0.0000,13.9,13.9000,false,1,
8717677336593,false,טוניס שוקולד חלב 180 גרם רבנות - נוכרי,ליימן שליסל בע`מ,,שוקולד חלב טוניז 32%,יחידה,1,יחידה,false,15.0000,18.9,18.9000,false,1,
8717677336630,false,שוקולד חלב עם שקדים ודבש טוניס' שוקולונלי 180 גרם,ליימן שליסל בע`מ,,שוקולד חלב טוניז שקדים נוגט ודבש,יחידה,1,יחידה,false,15.0000,18.9,18.9000,false,1,
8717677336661,false,טוניס שוקולד מריר מעולה 70% 180 גרם רבנות - נוכרי,ליימן שליסל בע`מ,,שוקולד טוניז מריר 70%,יחידה,1,יחידה,false,15.0000,18.9,18.9000,false,1,
8717677338436,false,שוקולד חלב עם אגוזי לוז טוניס' שוקולונלי 180 גרם,ליימן שליסל בע`מ,,שוקולד חלב טוניז אגוזי לוז,יחידה,1,יחידה,false,15.0000,18.9,18.9000,false,1,
8718114734484,false,ממרח מיוני מיילי 320 גרם,א. סיימן סחר בעמ,,"מיונז, 320 גרם",יחידה,1,יחידה,false,0.0000,17.9,17.9000,false,1,
8718951044913,false,משחת שיניים הלבנה מרידול (75 מל),קולגייט פלמוליב,,"מרידול משחת שינים הלבנה 75 מ""ל",יחידה,1,יחידה,false,0.0000,22.9,22.9000,false,1,
>>>>>>> d048ac2f4f281c9d788043ab4e81b61b0dbe3743
8718951236790,false,"קולגייט טוטאל משחת שיניים קלין מינט לפה בריא 100 מ""ל",קולגייט פלמוליב,,"משחת.ש. ""קולגייט טוטאל"" להלבנה",יחידה,1,יחידה,false,0.0000,19.9,19.9000,false,1,
8718951236806,false,"קולגייט טוטאל הלבנה משחת שיניים המסייעת בהסרת כתמים 100 מ""ל",ש. שסטוביץ בע`מ,,"משחת.ש. ""קולגייט טוטאל"" להלבנה",יחידה,1,יחידה,false,0.0000,17.9,17.9000,false,1,
8719200998001,false,מרגרינה לאפיה ובישול בלי מלח 200 ג' בלו בנד,יוניליוור ישראל מזון בע\,,בלובנד בלי מלח 200גר',יחידה,1,יחידה,false,60.0000,4.9,4.9000,false,1,
8720181046605,false,דאב - דאודורנט ספריי לאישה אורגינל כחול 150מל,יוניליוור ישראל שיווק בע`מ,,דאב דאו ספרי,יחידה,1,יחידה,false,12.0000,22.9,22.9000,false,1,
8726586222163,false,סוכריות קופצות+לקקן רגל תות,,,סוכריות קופצות+לקקן רגל תות,00000,1,00000,false,0.0000,3,3.0000,false,1,
<<<<<<< HEAD
8801055707966,false,קפה טייסטר צו'יס נס קפה בריסטה 180ג',נסטלה קוריאה - קפה,,"טסטר צ'וייס בריסטה 200 גרם ""נסטלה""",יחידה,1,יחידה,false,12.0000,39.9,39.9000,false,1,
8802241131664,false,חטיף אצות קלויות עם מלח ים Laverland Crunch,טעמי אסיה Taste of Asia,,חטיף אצות ים קלויות עם מלח 40.5 גר',יחידה,1,יחידה,false,0.0000,24.9,24.9000,false,1,
=======
8801055707966,false,קפה טייסטרס צ`ויס בריסטה נסקפה (180 גרם),קבוצת אוסם סחר שותפות מוגבלת,,"טסטר צ'וייס בריסטה 200 גרם ""נסטלה""",יחידה,1,יחידה,false,12.0000,39.9,39.9000,false,1,
8802241131664,false,חטיף אצות קלויות עם מלח ים Laverland Crunch,טחנת האבן קואופ בעמ,,חטיף אצות ים קלויות עם מלח 40.5 גר',יחידה,1,יחידה,false,0.0000,24.9,24.9000,false,1,
>>>>>>> d048ac2f4f281c9d788043ab4e81b61b0dbe3743
8850161160851,false,"קוקו מקס 100% מי קוקוס 350 מ""ל",טויו סייקאן קו.אל.טי.די,,"קוקו מקס 100% מי קוקוס 350 מ""ל",יחידה,1,יחידה,false,24.0000,9.5,9.2000,false,1,
8850161167041,false,"קוקו וואי משקה קוקוס 270 מ""ל",טויו טייקאן קו.אל.טי.די,,"קוקו וואי משקה קוקוס 270 מ""ל",יחידה,1,יחידה,false,24.0000,10,9.7000,false,1,
8850389103111,false,סאפי משקה אלוורה בטעם ענבים 300מל,פארייפאבה אגרואינדוס,,"סאפה אלוורה ענבים בקבוק 300 מ""ל",יחידה,1,יחידה,false,24.0000,9.9,9.6000,false,1,
8850389103128,false,"משקה קל סאפה בטעם תפוח 300 מ""ל",פארייפאבה אגרואינדוס,,סאפה תפוח בקבוק 330,יחידה,1,יחידה,false,24.0000,9.9,9.6000,false,1,
8850389103159,false,"משקה ליצ'י עם חתיכות גלי קוקוס 320 מ""ל מוגו מוגו",סאפה פובליק קומפני לימיט,,"משקה בטעם ליצ'י עם חתיכות ג'לי קוקוס, 320 מ""ל",יחידה,1,יחידה,false,24.0000,7.9,7.6000,false,1,
8850389105825,false,משקה אלוורה בטעם ענבים סאפה 1 ליטר,סאפה פובליק קומפני לימיט,,סאפה משקה אלוורה בטעם ענבים,יחידה,1,יחידה,false,12.0040,15.9,15.6000,false,1,
8850389111352,false,"משקה מלון עם חתיכות גלי קוקוס 320 מ""ל מוגו מוגו",סאפה פובליק קומפני לימיט,,"מוגו מוגו ליצי, 320 מ""ל",יחידה,1,יחידה,false,24.0000,7.9,7.6000,false,1,
8850389115312,false,"סאפה אלוורה מלון בקבוק 300 מ""ל",סאפה פובליק קומפני ל,,"סאפה אלוורה מלון בקבוק 300 מ""ל",יחידה,1,יחידה,false,24.0000,9.9,9.6000,false,1,
8850632604266,false,"יוגטה, ממתק חמוץ בצורת מקלות בטעם קולה, 50 גרם",ליימן שליסל בע`מ,,"יוגטה, ממתק חמוץ בצורת מקלות בטעם קולה, 50 גרם",00000,1,00000,false,0.0000,5,5.0000,false,1,
8850632604372,false,"יוגטה, חיספוסים בצורת שטיח בטעם תות שדה 50 גרם",ליימן שליסל בע`מ,,"יוגטה, חיספוסים בצורת שטיח בטעם תות שדה 50 גרם",00000,1,00000,false,0.0000,5,5.0000,false,1,
8850632604402,false,יוגטה חיספוסים בטעם מעורב תות שדה אבטיח ענבים בננה 50 גרם,ליימן שליסל בע`מ,,יוגטה חיספוסים בטעם מעורב תות שדה אבטיח ענבים בננה 50 גרם,00000,1,00000,false,48.0000,5,5.0000,false,1,
8850632605201,false,"יוגטה, חיספוסים, ממתק חמוץ בצורת שטיח, בטעם מעורב- תות בננה, תפוח, תפוז, 50 גרם",הדקלאים אגודת שיתופי,,"יוגטה, חיספוסים, ממתק חמוץ בצורת שטיח, בטעם מעורב- תות בננה, תפוח, תפוז, 50 גרם",00000,1,00000,false,48.0000,5,5.0000,false,1,
<<<<<<< HEAD
8850632606390,false,"יוגטה, חיספוסים, ממתק חמוץ בצורת שטיח בטעם אבטיח, 50 גרם",ג'נרל קנדי בעמ,,"יוגטה, חיספוסים, ממתק חמוץ בצורת שטיח בטעם אבטיח, 50 גרם",00000,1,00000,false,0.0000,5,5.0000,false,1,
8851613101385,false,"חלב קוקוס ארוי-די קרטון 500מ""ל",תאי אגרי פוד פובליק קו'\,,"חלב קוקוס 500 מ""ל",יחידה,1,יחידה,false,0.0000,17.9,17.9000,false,1,
8852633119039,false,"רוטב דגים 300 מ""ל-כשר",טעמי אסיה Taste of Asia,,"רוטב דגים 300 מ""ל-כשר",00000,1,00000,false,0.0000,13.9,13.9000,false,1,
=======
8850632606390,false,"יוגטה, חיספוסים, ממתק חמוץ בצורת שטיח בטעם אבטיח, 50 גרם",ליימן שליסל בע`מ,,"יוגטה, חיספוסים, ממתק חמוץ בצורת שטיח בטעם אבטיח, 50 גרם",00000,1,00000,false,0.0000,5,5.0000,false,1,
8851613101385,false,"חלב קוקוס ארוי-די קרטון 500מ""ל",גורי מוצרי צריכה (1991) בעמ,,"חלב קוקוס 500 מ""ל",יחידה,1,יחידה,false,0.0000,17.9,17.9000,false,1,
8852633119039,false,רוטב דגים 300 מל- כשר,טחנת האבן קואופ בעמ,,"רוטב דגים 300 מ""ל-כשר",00000,1,00000,false,0.0000,13.9,13.9000,false,1,
>>>>>>> d048ac2f4f281c9d788043ab4e81b61b0dbe3743
8857122559679,false,"סיאם רוטב צ'ילי מתוק ואננס 250 מ""ל",,,"סיאם רוטב צ'ילי מתוק ואננס 250 מ""ל",יחידה,1,יחידה,false,6.0000,11,11.0000,false,1,
8857122559754,false,"סיאם חלב קוקוס 400 מ""ל",,,"סיאם חלב קוקוס 400 מ""ל",יחידה,1,יחידה,false,12.0000,11,11.0000,false,1,
8858960302014,false,סיאם ערכה להכנת קארי אדום 260 ג',,,סיאם ערכה להכנת קארי אדום 260 ג',יחידה,1,יחידה,false,6.0000,24,24.0000,false,1,
8858960302953,false,סיאם ערכה להכנת קארי מאסאמן 260 ג',,,סיאם ערכה להכנת קארי מאסאמן 260 ג',יחידה,1,יחידה,false,6.0000,24,24.0000,false,1,
8901483010505,false,"קורנישונים בחומץ 690 גרם ""לינה""",יושלם,,"קורנישונים בחומץ 690 גרם ""לינה""",יחידה,1,יחידה,false,0.0000,14.9,14.9000,false,1,
8901537024014,false,"אורז בסמטי מובחר 1 ק""ג - דוואט) יורה דיעה",ג. וילי-פוד אינטרנשיונל בע`מ,,"אורז בסמטי 1 ק""ג ויליפוד",יחידה,1,יחידה,false,0.0000,14.9,14.9000,false,1,
8904180001470,false,רוטב קארי ירוק נמסטה 283 גרם,,,רוטב קארי ירוק נמסטה 283 גרם,יחידה,1,יחידה,false,6.0000,25.9,25.9000,false,1,
<<<<<<< HEAD
9000101512526,false,פרסיל - פאוור קאפס קפסולות ג'ל מרוכזות לכביסה 26 יח',קריות זול,,פרסיל ג'ל פאוור קפסולות 26 יח,יחידה,1,יחידה,false,6.0000,39.9,39.9000,false,1,
=======
9000101512526,false,פרסיל - פאוור קאפס קפסולות ג'ל מרוכזות לכביסה 26 יח',גורי שיווק בעמ,,פרסיל ג'ל פאוור קפסולות 26 יח,יחידה,1,יחידה,false,6.0000,39.9,39.9000,false,1,
>>>>>>> d048ac2f4f281c9d788043ab4e81b61b0dbe3743
9002975393812,false,סוכריות גילי הריבו האפי צירי 70 גרם,"האריבו , ג'\י.אם.בי.אייץ",,הריבו האפי צ'רי 70 גרם,00000,1,00000,false,0.0000,8.9,8.9000,true,1,
9002975393829,false,סוכריות גילי הריבו פיציס 70 גרם,"האריבו , ג'\י.אם.בי.אייץ",,הריבו פיצ'יס 70 גרם,00000,1,00000,false,0.0000,8.9,8.9000,true,1,
9002975393836,false,סוכריות גילי הריבו האפי קולה 70 גרם,"האריבו , ג'\י.אם.בי.אייץ",,הריבו האפי קולה 70 גרם,00000,1,00000,false,0.0000,8.9,8.9000,true,1,
9002975393843,false,סוכריות גילי הריבו גולדברס 70 גרם,"האריבו , ג'\י.אם.בי.אייץ",,הריבו גולדברס 70 גרם,00000,1,00000,false,0.0000,8.9,8.9000,true,1,
9002975393850,false,סוכריות גילי הריבו וורמס 70 גרם,"האריבו , ג'\י.אם.בי.אייץ",,הריבו וורמס 70 גרם,00000,1,00000,false,0.0000,8.9,8.9000,true,1,
9310072028743,false,טים טם ביסקוויט במילוי שוקולד 200 גרם,"ארנוטס ביסקוויטס בע""",,טים טעם שוקולד,יחידה,1,יחידה,false,0.0000,22.9,22.9000,true,1,
9310072028750,false,חטיף שוקולד דאבל קרם טים טם (200 גרם),"ארנוטס ביסקוויטס בע""",,עוגיות טים טם,יחידה,1,יחידה,false,0.0000,22.9,22.9000,true,1,
9322969000015,false,פריכיות תירס בטעם אורגינל ריל פודס 150 ג',אף.סי תבליני בגליל ב,,פריכיות תירס טבעי,יחידה,1,יחידה,false,1.0000,14.9,14.9000,false,1,
9322969000046,false,פריכיות תירס שומשום אורגני ריל פודס 150 ג',אף.סי תבליני בגליל ב,,פריכיות תירס טבעי,יחידה,1,יחידה,false,0.0000,14.9,14.9000,false,1,
9720188050109,false,ממרח על בסיס סויה בסגנון גבינה טופוטי 225 גרם,החברה המרכזית טלהפצת משקאות בע,,טופוטי - ממרח טופו בטעם גבינה - 225 גר,יחידה,1,יחידה,false,0.0000,23.9,23.9000,false,1,
9771565051066,false,עיתון ידיעות אחרונות,ידיעות אחרונות בעמ,,עיתון יום ו,יחידה,1,יחידה,false,0.0000,20,20.0000,false,1,
