code,internal_code,name,manufacturer_name,manufacture_country,manufacturer_item_description,unit_qty,quantity,unit_of_measure,weighted,qty_in_package,price,unit_of_measure_price,allow_discount,status,item_id
4014407,false,M&M אריזה קטנה's חמאת בוטנים אריזה קטנה 46 גרם,M&M אם אנד אם,US,ממתק חמאת בוטנים עם שוקולד חלב בציפוי דרג'ה,,0.00,100.00,false,1.00,6.90,0.00,true,0,
30106659,false,סיקאפלסט שפתיים - קרם לשפתיים יבשות וסדוקות,לה רוש-פוזה La Roche-Posay,FR,סיקאפלסט שפתיים לילדים ומבוגרים,,0.00,100.00,false,1.00,45.00,0.06,true,0,
30162662,false,לרפ אנתליוס פלואיד להגנה מהשמש SPF50,INTERBEAUTY VLC,FR,אנתליוס פלואיד תחליב פנים שקוף להגנה מהשמש +SPF50,,0.00,100.00,false,1.00,99.00,0.01,true,0,
40052403,false,קיט קט 4 אצבעות שוקולד חלב,נסטלה Nestle,DE,קיט קט 4 אצבעות שוקולד חלב,,0.00,100.00,false,1.00,4.90,0.00,true,0,
40058153,false,ניוואה קרם רב שימושי 30 מל,ביירסדורץ,,קרם רב שימושי,,0.00,100.00,false,1.00,9.90,0.00,true,0,
40111216,false,באונטי חטיף קוקוס ושוקולד 57ג',"נארז ע""י : א.ג. גילר",,באונטי חטיף בודד,,0.00,100.00,false,1.00,3.90,0.00,true,0,
40345123,false,סמרטיז גליל סוכריות כפתורים 38 ג',נסטלה Nestle,,גליל,,0.00,100.00,false,1.00,4.90,0.00,true,0,
42154662,false,אורביט באריזת מעטפה ספירמינט מסטיק,ריגלי צרפת,,מסטיק אורביט סטיקס בטעם מנטה עדינה ללא סוכר,,0.00,0.00,false,1.00,5.90,0.42,true,0,
42188889,false,אורביט פייב אבטיח 12 סטיקס 29 גר,ריגלי צרפת,FR,מסטיק פייב סטיקס בטעם אבטיח ללא סוכר,,0.00,0.00,false,1.00,6.90,0.00,true,0,
42207443,false,"קרם ניוואה סופט, 50 מ""ל",ביירסדורץ,,קרם רב שימושי סופט,,0.00,100.00,false,1.00,9.90,0.00,true,0,
42246428,false,ניוואה קרם רחצה 50 מל,אלפא,DE,קרם רחצה,,0.00,100.00,false,1.00,6.90,0.00,true,0,
42269915,false,קרם לחות ניוואה לפנים/לגוף אינטנסיב 200,HELLAS BEIERSDORF,DE,CARE קרם אינטנסיבי לפנים ולגוף,,0.00,100.00,false,1.00,34.90,0.00,true,0,
42299363,false,"ניוואה - דאודורנט רול און לגבר פרש פאוור 50 מ""ל",ביירסדורץ,DE,דאודורנט רול און פרש אוושן לגבר,,0.00,100.00,false,1.00,19.90,0.00,true,0,
42343301,false,קרם ידיים אי הקוקוס שלי,כמיפל,GB,קרם ידיים אי הקוקוס שלי,,0.00,100.00,false,1.00,19.90,0.00,true,0,
42343318,false,קרם ידיים נשיקה של פטל,כמיפל,GB,קרם ידיים נשיקה של פטל,,0.00,100.00,false,1.00,19.90,0.00,true,0,
50120000,false,"דאב - דאודורנט רול און לאישה פרש ללא סימן 50 מ""ל",יוניליוור אנגליה,PH,דאודורנט רול און אינביזבל דריי,,0.00,100.00,false,1.00,12.90,0.00,true,0,
50204830,false,אוטן פלוס תרסיס דוחה יתושים וחרקים,אוטן Autan,,תרסיס הגנה מלאה מיתושים,,0.00,0.00,false,1.00,19.90,0.19,true,0,
50398904,false,"קרם חמצן 6% אינדולה 60 מ""ל",גדעון קוסמטיקס,,תחליב חמצן 6%,"מ""ל",60.00,100.00,false,1.00,4.90,0.00,true,0,
50398911,false,"קרם חמצן 9% בקבוק 60 מ""ל",שוורצקופ,,קרם חמצן אינדולה 9%,"מ""ל",60.00,100.00,false,1.00,4.90,0.00,true,0,
59013662,false,דאב דאו רולאון קקאו והיביסקוס 50 מל,"יוניליוור אנגליה, דרך קו",GB,דאודורנט רול און לאשה בניחוח קקאו ופרח ההיביסקוס,,0.00,100.00,false,1.00,12.90,0.00,true,0,
59016441,false,"רקסונה - דאודורנט רול און לאישה פרוט ספין 50 מ""ל","יוניליוור אנגליה, דרך קו",GB,דאודורנט רול און פרוט ספין לאשה,,0.00,100.00,false,1.00,17.90,0.00,true,0,
59079224,false,סימפל סטיק ניקוי עם פחם 45 גרם,יוניליוור,KR,SENSITIVE SKIN EXPERTS סטיק פחם לניקוי הפנים,,0.00,100.00,false,1.00,49.90,0.01,true,0,
59079774,false,"רקסונה - דאודורנט רול און לאישה אלוורה 50 מ""ל",רקסונה Rexona,GB,דאודורנט רול און אלוורה לאישה,,0.00,100.00,false,1.00,17.90,0.00,true,0,
59079798,false,"רקסונה - דאודורנט רול און לאישה אנטי פרספירנט שאוור 50 מ""ל","יוניליוור אנגליה, דרך קו",GB,דאודורנט רול און שאוור פרש,,0.00,100.00,false,1.00,17.90,0.00,true,0,
59080039,false,סימפל קרם לחות קליל 50 מל-סקוויז,יוניליוור,PL,SENSITIVE SKIN EXPERTS קרם לחות קליל - סקוויז,,0.00,100.00,false,1.00,24.90,0.00,true,0,
59080060,false,סימפל מסיר איפור עיניים 50 מל-סקוויז,יוניליוור,PL,SENSITIVE SKIN EXPERTS מיני מסיר איפור עיניים,,0.00,100.00,false,1.00,19.90,0.00,true,0,
59080077,false,סימפל מים מיסלרים 50 מל-סקוויז,יוניליוור,IT,SENSITIVE SKIN EXPERTS מיני מים מיסלרים,,0.00,100.00,false,1.00,19.90,0.00,true,0,
59082637,false,"רקסונה - דאודורנט רולאון לגבר אקסטרא קול 50 מ""ל",יוניליוור פיליפינים,GB,דאודורנט רול און אקסטרה קול,,0.00,100.00,false,1.00,17.90,0.00,true,0,
59085645,false,דאב דאודורנט רול און בניחוח אסאי 50 מל,"יוניליוור אנגליה, דרך קו",GB,דאודורנט רול און בניחוח אסאי ושושנת מים,,0.00,100.00,false,1.00,12.90,0.00,true,0,
59092513,false,"רקסונה - דאודורנט רול און לאישה אלוורה 50 מ""ל",יוניליוור HPC,GB,דאודורנט רול און אלוורה לאישה,,0.00,100.00,false,1.00,17.90,0.00,true,0,
72917589,false,מקופלת חלב 25 גרם,"שטראוס גרופ בע""מ",,חטיף שוקולד חלב,,0.00,100.00,false,1.00,4.90,0.00,true,0,
72982389,false,מור פה תרסיס לרענון,שולמית קוסמטיקה,,תרסיס לרענון ומניעת ריח פה מנטה,,0.00,100.00,false,1.00,19.90,0.01,true,0,
80001287,false,וופל חטיף לואקר אגוז 38 גר',ליימן מותגים,IT,גרדנה אגוז,,0.00,100.00,false,1.00,3.90,0.00,true,0,
80001485,false,חטיף גרנדה קוקוס 38 גרם,קריניציה ויטמינה אס,IT,גרדנה קוקוס,,0.00,100.00,false,1.00,3.90,0.00,true,0,
80001911,false,וופל גרדנה במילוי קרם אגוזי לוז ובציפוי שוקולד לבן,ליימן מותגים,IT,גרדנה אגוז-שוקולד לבן,,0.00,100.00,false,1.00,3.90,0.00,true,0,
80050025,false,סוכריות טיק טק תפוז 16 גרם,פררו - אלבה,,סוכריות בטעם תפוז,,0.00,0.00,false,1.00,3.90,0.00,true,0,
80050124,false,סוכריות טיק טק מנטה 16 גרם,פררו - אלבה,,סוכריות בטעם מנטה,,0.00,0.00,false,1.00,3.90,0.00,true,0,
80052760,false,קינדר בואנו Kinder Bueno עם חלב ואגוזי לוז,פררו - אלבה,,בואנו וואפל ממולא קרם חלב ואגוזי לוז מצופה בשוקולד חלב,,0.00,100.00,false,1.00,3.90,0.00,true,0,
80136194,false,חטיפי הפי היפו Happy Hippo במילוי קרם חלבי ואגוזי לוז,קינדר Kinder,DE,הפי היפו וופל במילוי שוקולד חלב,,0.00,0.00,false,1.00,12.90,0.00,true,0,
80177173,false,ממרח שוקולד נוטלה 350 גרם,פררו - אלבה,IT,ממרח אגוזי לוז עם קקאו,,0.00,100.00,false,1.00,14.90,0.00,true,0,
80177609,false,אצבעות שוקולד קינדר Kinder ארבע יחידות,פררו - אלבה,,אצבעות שוקולד חלב ממולא קרם חלב,,0.00,100.00,false,1.00,4.90,0.00,true,0,
80761761,false,קינדר בואנו לבן בודד 39 גרם,ליימן שליסל,,"ופל ממולא בחלב ואגוזי לוז, מצופה בשוקולד לבן",,0.00,100.00,false,1.00,3.90,0.00,true,0,
80769699,false,מסטיק מנטוס וייט פירות-מנטה 60 גרם,הדקלאים אגודת שיתופי,TR,וויט גומי לעיסה ללא סוכר בטעם פירות-מנטה,,0.00,100.00,false,1.00,9.90,0.00,true,0,
80773429,false,מנטוס בקבוק מעוגל - מסטיק ללא סוכר בטעם תות 60 גרם,"פרפטי ואן מלה ג'\ידה,סאן",NL,מסטיק מנטוס ללא סוכר בטעם תות שדה,,0.00,100.00,false,1.00,11.90,0.00,true,0,
80790990,false,מסטיק מנטוס בבקבוק מעוגל בטעם פירות -מנטה 60 ג',"פרפטי ואן מלה ג'\ידה,סאן",NL,מסטיק מנטוס ללא סוכר בטעם פירות מנטה,,0.00,100.00,false,1.00,11.90,0.00,true,0,
80828174,false,מסטיק מנטוס וויט סוויטמינט 60 ג',"פרפטי ואן מלה ג'ידה,סאן",TR,וויט גומי לעיסה ללא סוכר בטעם מנטה מתוקה,,0.00,100.00,false,1.00,9.90,0.00,true,0,
80831402,false,סוכריות מנטוס מנטה עדינה 30 יח' ללא סוכר CLEAN BREATH,פרפטי ואן מלה,,Clean Breath סוכריות מנטה עדינה ללא סוכר,,0.00,100.00,false,1.00,7.90,0.00,true,0,
80832560,false,סוכריות מנטוס פירות יער 21 ג' ללא סוכר CLEAN BREATH,פרפטי ואן מלה,TR,Clean Breath סוכריות פירות יער ללא סוכר,,0.00,100.00,false,1.00,7.90,0.00,true,0,
80843184,false,מנטוס מסטיק פיור פרש בטעם ענבים 60גר,פרפטי ואן מלה הולנד,NL,מסטיק מנטוס ללא סוכר פיורפרש בטעם ענבים,,0.00,100.00,false,1.00,11.90,0.00,true,0,
80854753,false,סוכריות מנטוס מנטה 30 יח' ללא סוכר CLEAN BREATH,פרפטי ואן מלה,,Clean Breath סוכריות מנטה ללא סוכר,,0.00,100.00,false,1.00,7.90,0.00,true,0,
80862130,false,"מנטוס מסטיק פיור פרש - אבטיח 28 גרם (14 יח') חת""ס",פרפטי ואן מלה ברדה,NL,מסטיק מנטוס ללא סוכר בקופסא בטעם אבטיח,,0.00,100.00,false,1.00,4.90,0.00,true,0,
80864295,false,סוכריות פיור וויט טעם מנטה עדינה 60 ג' מנטוס,"פרפטי ואן מלה ג'ידה,סאן",TR,מסטיק מנטוס ללא סוכר פיור וויט בטעם מנטה עדינה,,0.00,100.00,false,1.00,11.90,0.00,true,0,
80896081,false,מנטוס בקבוק מעוגל - מסטיק ללא סוכר בטעם אבטיח 60 גרם,"פרפטי ואן מלה ג'\ידה,סאן",NL,מסטיק מנטוס ללא סוכר בטעם אבטיח,,0.00,100.00,false,1.00,11.90,0.00,true,0,
80913467,false,מנטוס בקבוק מעוגל - מסטיק ללא סוכר בטעם מנטה,פרפטי ואן מלה הולנד,NL,מסטיק מנטוס ללא סוכר בטעם מנטה,,0.00,100.00,false,1.00,11.90,0.00,true,0,
80936848,false,סוכריות טיק טק תות שדה 24 יח',ליימן-שליסל,,סוכריות בטעם תות שדה ותות שדה-מנטה,,0.00,0.00,false,1.00,3.90,0.00,true,0,
80945468,false,סוכריות פיור וויט טעם מנטה מתוקה 60 ג' מנטוס,"פרפטי ואן מלה ג'ידה,סאן",TR,מסטיק מנטוס ללא סוכר פיור וויט בטעם מנטה מתוקה,,0.00,100.00,false,1.00,11.90,0.00,true,0,
80977278,false,מנטוס מסטיק בקבוקון כיס בטעם פירות מנטה,ליימן שליסל,NL,מסטיק ללא סוכר פיור פרש בקבוקון כיס בטעם פירות מנטה,,0.00,100.00,false,1.00,5.90,0.00,true,0,
80995128,false,מנטוס בקבוק עגול בטעם הדרים בתוספת ויטמינים 60 גרם,פרפטי ואן מלה הולנד,TR,מסטיק מנטוס ללא סוכר בטעם הדרים בתוספת ויטמינים,,0.00,100.00,false,1.00,11.90,0.00,true,0,
87108538,false,סוכריות בטעם תות מנטוס 37.5 גרם,הדקלאים אגודת שיתופי,,סוכריות בטעם תות,,0.00,100.00,false,1.00,3.90,0.00,true,0,
87311396,false,מנטוס ריינבאוו סוכריות לעיסה בטעמי פירות,פרפטי ואן מלה ברדה,,סוכריות קשת בענן,,0.00,100.00,false,1.00,3.90,0.00,true,0,
90162602,false,רד בול משקה אנרגיה פקדון 30 אג,רד בול ג'י.אם.בי. אץ,IL,משקה אנרגיה מוגז בתוספת קפאין וטאורין,,0.00,100.00,false,1.00,7.90,0.00,true,0,
96033531,false,"דאו דאב רול און רימונים ולואיזה 50 מ""ל",יוניליוור פארם,GB,דאודורנט רול אול לאשה רימונים ולואיזה,,0.00,100.00,false,1.00,12.90,0.00,true,0,
96130339,false,"דאב - דאודורנט רול און לאישה 0% אלומיניום 50 מ""ל",יוניליוור,GB,דאודורנט רול אול לאשה עם 0% מלחי אלומיניום אוריגינל,,0.00,100.00,false,1.00,12.90,0.00,true,0,
96137130,false,"דאודורנט דאב רול און אגס ואלוורה 150 מ""ל",יוניליוור פיליפינים,GB,דאודורנט רול אול לאשה אגס ואלוורה,,0.00,100.00,false,1.00,23.90,0.00,true,0,
96147610,false,"דאב - דאודורנט רול און לגבר אלומניום אפרסק 50 מ""ל",יוניליוור,GB,דאודורנט רול אול לאשה עם 0% מלחי אלומיניום בניחוח אפרסק,,0.00,100.00,false,1.00,12.90,0.00,true,0,
96161906,false,קרם ידיים לבבות מרשמלו,כמיפל,GB,קרם ידיים לבבות מרשמלו,,0.00,100.00,false,1.00,19.90,0.00,true,0,
96202272,false,קרם ידיים אהבה ברזילאית,כמיפל,GB,קרם ידיים אהבה ברזילאית,,0.00,100.00,false,1.00,19.90,0.00,true,0,
8421368488,false,בובת TY עיניים גדולות (S) גילדה פלמנגו ורוד,שמחה זה אנחנו,CN,בובת TY עיניים גדולות (S) גילדה פלמנגו ורוד,,0.00,0.00,false,1.00,24.90,24.90,true,0,
8421371907,false,בובת TY עיניים גדולות (S) קיקי החתולה,שמחה זה אנחנו,CN,בובת TY עיניים גדולות (S) קיקי החתולה,,0.00,0.00,false,1.00,24.90,24.90,true,0,
8421422104,false,בובת TY טיני טיי S,שמחה זה אנחנו,CN,בובת TY טיני טיי S,,0.00,0.00,false,1.00,19.90,0.00,true,0,
9800800056,false,חטיף שוקולד עם מקלות לחם אנד גו,פררו - אלבה,DE,&GO!,,0.00,0.00,false,1.00,5.90,0.00,true,0,
10181040313,false,פאלמרס תחליב עיסוי לסימני מתיחה 250 מל,EI.EM.PHARM,US,תחליב עיסוי לסימני מתיחה,,0.00,100.00,false,1.00,49.90,0.00,true,0,
10181040351,false,פאלמרס קרם עיסוי לסימני מתיחה 125 גרם,איתן,US,קרם עיסוי לסימני מתיחה,,0.00,100.00,false,1.00,49.90,0.00,true,0,
10181040764,false,פאלמרס חמאה לעיסוי הבטן 125 גרם,איתן,US,חמאה לעיסוי הבטן,,0.00,100.00,false,1.00,54.90,0.00,true,0,
10181041587,false,פאלמרס שמן חמאת קקאו לגוף ולפנים 60 מל,EI.EM.PHARM,US,שמן חמאת קקאו לגוף ולפנים,,0.00,100.00,false,1.00,54.90,0.00,true,0,
10181140648,false,פאלמרס קרם מיצוק לעור 315 מל,EI.EM.PHARM,US,קרם מיצוק לעור,,0.00,100.00,false,1.00,49.90,0.00,true,0,
11922966572,false,דפני ספריי להגנה על השיער בעת העיצוב,נורוליס,IL,ספריי להגנה על השיער בעת העיצוב,,0.00,100.00,false,1.00,69.90,0.00,true,0,
11922966589,false,דפני סרום שיער לגמישות וברק,נורוליס,IL,סרום שיער לגמישות וברק,,0.00,100.00,false,1.00,69.90,0.00,true,0,
16000423534,false,חטיפי גרנולה קראנצ'י עם שיבולת שועל ושוקולד מריר נייצ'ר ואלי 5*42 גרם,ג'נרל מילס סאן אדריאן,,חטיף גרנולה שיבולת שועל ושוקולד מריר,,0.00,0.00,false,1.00,19.90,3.98,true,0,
16000548404,false,חטיפי גרנולה קראנצ'י עם שיבולת שועל ודבש נייצ'ר ואלי 5*42 גרם,ג'נרל מילס סאן אדריאן,,חטיף גרנולה שיבולת שועל ודבש,,0.00,0.00,false,1.00,19.90,3.98,true,0,
16000548503,false,חטיפי גרנולה קראנצ'י עם מייפל וסוכר חום נייצ'ר ואלי 5*42 גרם,ג'נרל מילס סאן אדריאן,,חטיף גרנולה מייפל וסוכר חום,,0.00,0.00,false,1.00,19.90,3.98,true,0,
17000178783,false,שוורצקופף מסקרה לשיער - חום כהה,הנקל סוד,DE,מסקרה לשיער - כיסוי זמני לקווצות השיער והשורש הלבן - חום כהה,,0.00,100.00,false,1.00,59.90,0.03,true,0,
17000178820,false,שוורצקופף מסקרה לשיער - מהגוני,הנקל סוד,DE,מסקרה לשיער - כיסוי זמני לקווצות השיער והשורש הלבן - מהגוני,,0.00,100.00,false,1.00,59.90,0.03,true,0,
17000178868,false,שוורצקופף מסקרה לשיער - חום בינוני,הנקל סוד,DE,מסקרה לשיער - כיסוי זמני לקווצות השיער והשורש הלבן - חום בינוני,,0.00,100.00,false,1.00,59.90,0.03,true,0,
17000179247,false,שוורצקופף מסקרה לשיער - בלונד כהה,הנקל סוד,DE,מסקרה לשיער - כיסוי זמני לקווצות השיער והשורש הלבן - בלונד כהה,,0.00,100.00,false,1.00,59.90,0.03,true,0,
17000179445,false,שוורצקופף מסקרה לשיער - שחור,הנקל סוד,DE,מסקרה לשיער - כיסוי זמני לקווצות השיער והשורש הלבן - שחור,,0.00,100.00,false,1.00,59.90,0.03,true,0,
18787321102,false,ברונרס משחת שיניים מנטה 140 גרם,וגה מוצרים טבעיים,US,משחת שיניים מנטה,,0.00,100.00,false,1.00,39.90,0.00,true,0,
18787762165,false,ברונרס סבון נוזלי תינוקות ללא ריח 472 מל,וגה מוצרים טבעיים,US,סבון נוזלי לתינוקות ללא ריח,,0.00,100.00,false,1.00,54.90,0.00,true,0,
18787764169,false,ברונרס סבון נוזלי לבנדר 472 מל,וגה מוצרים טבעיים,US,סבון נוזלי לבנדר,,0.00,100.00,false,1.00,54.90,0.00,true,0,
18787769164,false,ברונרס סבון נוזלי עץ התה 472 מל,וגה מוצרים טבעיים,US,סבון נוזלי עץ התה,,0.00,100.00,false,1.00,54.90,0.00,true,0,
18787772089,false,ברונרס סבון נוזלי תינוקות ללא ריח 237 מל,וגה מוצרים טבעיים,US,סבון נוזלי לתינוקות ללא ריח,,0.00,100.00,false,1.00,37.90,0.00,true,0,
18787774083,false,ברונרס סבון נוזלי לבנדר 237 מל,וגה מוצרים טבעיים,US,סבון נוזלי לבנדר,,0.00,100.00,false,1.00,37.90,0.00,true,0,
18787775080,false,ברונרס סבון נוזלי מנטה 237 מל,וגה מוצרים טבעיים,US,סבון נוזלי מנטה,,0.00,100.00,false,1.00,37.90,0.00,true,0,
18787776087,false,ברונרס סבון נוזלי עץ התה 237 מל,וגה מוצרים טבעיים,US,סבון נוזלי עץ התה,,0.00,100.00,false,1.00,37.90,0.00,true,0,
18787780084,false,ברונרס סבון נוזלי סנדלווד 237 מל,וגה מוצרים טבעיים,US,סבון נוזלי סנדלווד,,0.00,100.00,false,1.00,37.90,0.00,true,0,
20714002527,false,קליניק אקספוליאנט סקרב,General,,EXFOLIATING SCRUB פיליניג על בסיס מים לסוגי עור שמנים,,0.00,0.00,false,1.00,165.00,1.65,true,0,
20714005597,false,קליניק דריי פואם אנטי דאו סטיק,General,,DRY FORM ANTI-PERSPIRANT דאודורנט סטיק,,0.00,0.00,false,1.00,79.00,0.00,true,0,
20714045159,false,קליניק סבן דייס סקראב,קליניק,,7 DAY SCRUB קרם,"מ""ל",100.00,0.00,false,1.00,165.00,1.65,true,0,
20714131173,false,קליניק אנטי פרס דאו רול און לגבר,קליניק,,ANTIPERSPIRANT דיאודורנט עמיד לגבר,,0.00,100.00,false,1.00,79.00,0.01,true,0,
20714139193,false,קליניק דיפ קומפורט בודי באטר,קליניק,,DEEP COMFORT תמאת גוף,"מ""ל",200.00,100.00,false,1.00,169.00,0.00,true,0,
20714146559,false,מסיר איפור עיניים שפתיים,קליניק,,TAKE THE DAY OFF מסיר איפור עיניים ושפתיים,"מ""ל",125.00,100.00,false,1.00,119.00,0.00,true,0,
20714157760,false,קליניק אול אבאוט אייס 15 מל,קליניק,,ALL ABOUT EYES קרם עיניים עשיר המטשטש עיגולים שחורים ונפיחות,,0.00,100.00,false,1.00,209.00,0.13,true,0,
20714215552,false,קליניק טייק דה דיי אופ מסיר איפור בקרם,קליניק,JP,TAKE THE DAY OFF BALM מסיר איפור פנים בגרסת באלם,"מ""ל",125.00,100.00,false,1.00,165.00,0.01,true,0,
20714222857,false,קליניק די די אמגי 125 מל,קליניק,,DRAMATICALLY DIFFERENT MOISTUIZING ג'ל לחות,"מ""ל",125.00,100.00,false,1.00,259.00,0.02,true,0,
20714222864,false,קליניק די די אמגי 50 מל,קליניק,,DRAMATICALLY DIFFERENT MOISTUIZING ג'ל לחות,,0.00,0.00,false,1.00,139.00,0.00,true,0,
20714227661,false,קליניק סבון נוזלי לפנים לעור מעורב,קליניק,,LIQUID FACIAL סבון פנים לעור מעורב,"מ""ל",200.00,100.00,false,1.00,115.00,0.00,true,0,
20714227685,false,קליניק סבון נוזלי לפנים לעור שמן,קליניק,,LIQUID FACIAL סבון פנים לעור שמן,"מ""ל",200.00,100.00,false,1.00,115.00,0.00,true,0,
20714240158,false,קליניק סבון נוזלי לפנים לעור יבש,קליניק,,LIQUID FACIAL סבון פנים לעור יבש,"מ""ל",200.00,100.00,false,1.00,115.00,0.00,true,0,
20714281113,false,קליניק אנטי בלמיש קליריפיינג לושן,קליניק,,ANTI BLEMISH SOLUTIONS מי הסרה לטיפול בפצעונים,,0.00,100.00,false,1.00,129.00,0.00,true,0,
20714287047,false,קליניק אול אבאוט אייז ריץ 15 מל,קליניק,,ALL ABOUT EYE RICH קרם עיניים עשיר,,0.00,100.00,false,1.00,209.00,0.13,true,0,
20714288594,false,קליניק סיטי בלוק שיר פייס 25,קליניק,,CITY BLOCK SHEER מסנן קרינה בעל גוון עדין SPF25,,0.00,100.00,false,1.00,115.00,0.02,true,0,
20714291822,false,קליניק אנטי בלמיש קלינסינג פום,קליניק,,ANTI BLEMISH SOLUTIONS קצף ניקוי לטיפול באקנה,"מ""ל",125.00,100.00,false,1.00,129.00,0.01,true,0,
20714291839,false,קליניק אנטי בלמיש קלירינג מויסצורייזר,קליניק,,Anti Blemish קרם לחות לטיפול בפצעונים,,0.00,0.00,false,1.00,139.00,0.00,true,0,
20714291853,false,קליניק אנטי בלמיש סט שלושת השלבים באקנה,אלקליל,US,ANTI-BLEMISH מארז שלושת השלבים : סבון קצף + נוזל הסרה + תחליב נטול שומן,,0.00,0.00,false,1.00,169.00,0.00,true,0,
20714302573,false,קליניק אול אבאוט אייז ריץ 30 מל,אלקליל,,ALL ABOUT EYES RICH קרם עיניים עשיר,,0.00,0.00,false,1.00,335.00,0.00,true,0,
20714336615,false,קליניק מסכה לטיפול בעור פגום,קליניק,,ACNE SOLUTIONS OIL-CONTROL מסכה לטיפול בעור פגום,,0.00,0.00,false,1.00,155.00,1.55,true,0,
20714352967,false,קליניק סאן SPF50 קרם הגנה לגוף,קליניק,,SUN קרם הגנה לגוף SPF50,,0.00,100.00,false,1.00,120.00,0.00,true,0,
20714377793,false,קליניק מסיר איפור נוזלי לעיניים ולשפתיים,General,US,TAKE THE DAY OFF מסיר איפור נוזלי לעיניים ולשפתיים,,0.00,100.00,false,1.00,49.00,0.00,true,0,
20714395230,false,קליניק איבן בטר מוסטוריזר SPF20,קליניק,,EVEN BETTER קרם לחות לטיפול בפיגמנטציה SPF20,,0.00,100.00,false,1.00,290.00,0.05,true,0,
20714462710,false,קליניק קליריפיינג לושן 01 400 מל,אלקליל,,CLARIFYING LOTION מי הסרה לעור יבש/מעורב 01,,0.00,100.00,false,1.00,195.00,0.00,true,0,
20714462727,false,קליניק קליריפיינג לושן 02 400 מל,קליניק,,CLARIFYING LOTION מי הסרה לעור יבש/מעורב 02,,0.00,100.00,false,1.00,195.00,0.00,true,0,
20714462741,false,קליניק קליריפיינג לושן 04 400 מל,קליניק,,CLARIFYING LOTION מי הסרה לעור שמן 04,,0.00,100.00,false,1.00,195.00,0.00,true,0,
20714462758,false,קליניק קליריפיינג לושן 01 200 מל,קליניק,,CLARIFYING LOTION מי הסרה לעור יבש/מעורב 01,,0.00,100.00,false,1.00,115.00,0.00,true,0,
20714462765,false,קליניק קליריפיינג לושן 02 200 מל,קליניק,,CLARIFYING LOTION מי הסרה לעור יבש/מעורב 02,,0.00,100.00,false,1.00,115.00,0.00,true,0,
20714462772,false,קליניק קליריפיינג לושן 03 200 מל,קליניק,,CLARIFYING LOTION מי הסרה לעור מעורב/שמן 03,,0.00,100.00,false,1.00,115.00,0.00,true,0,
20714462789,false,קליניק קליריפיינג לושן 04 200 מל,אלקליל,,CLARIFYING LOTION מי הסרה לעור שמן 04,,0.00,100.00,false,1.00,115.00,0.00,true,0,
20714520854,false,קליניק איבן בטר תחליב לחות SPF20 מל50,אלקליל,,EVEN BETTER תחליב לחות SPF20,,0.00,100.00,false,1.00,269.00,0.05,true,0,
20714540227,false,קליניק איבן בטר קרם עיניים 10 מל,אסתי לאודר,BE,EVEN BETTER קרם עיניים,,0.00,0.00,false,1.00,205.00,0.00,true,0,
20714576219,false,קליניק מסכת לחות אינטנסיבית ללילה 100 מל,קליניק,,MOISTURE SURGE מסכת לחות אינטנסיבית ללילה,,0.00,0.00,false,1.00,205.00,2.05,true,0,
20714598907,false,תחליב לחות עור יבש125מל,קליניק,,DRAMATICALLY DIFFERENT MOISTURIZING קרם לחות לעור יבש במיוחד,,0.00,100.00,false,1.00,259.00,0.02,true,0,
20714598938,false,קליניק DDML+ 50 מל,אלקליל,,DRAMATICALLY DIFFERENT MOISTURIZING LOTION+ קרם יום,,0.00,0.00,false,1.00,139.00,0.00,true,0,
20714612221,false,קליניק אנטי בלמיש גל לטיפול באקנה 15 מל,קליניק,GB,ANTI-BLEMISH SOLUTIONS ג'ל לטיפול באקנה,,0.00,0.00,false,1.00,99.00,0.00,true,0,
20714653651,false,קליניק אנטי בלמיש גל לטיפול באקנה 30 מל,קליניק,GB,ANTI-BLEMISH SOLUTIONS ג'ל לטיפול באקנה,,0.00,100.00,false,1.00,149.00,0.04,true,0,
20714672072,false,קליניק סבון פנים לגבר לעור רגיל,קליניק,BE,סבון פנים נוזלי לגבר,,0.00,100.00,false,1.00,109.00,0.00,true,0,
20714672164,false,קליניק סבון ניקוי פנים 150 מל,אלקליל,BE,FOAMING SONIC סבון מקציף לניקוי הפנים,,0.00,100.00,false,1.00,135.00,0.00,true,0,
20714674830,false,קליניק סמארט סרום 30 מל,קליניק,GB,SMART CUSTOM-REPAIR סרום,,0.00,100.00,false,1.00,369.00,0.12,true,0,
20714678197,false,קליניק סמארט קרם לילה יבש,קליניק,UA,SMART קרם לחות ללילה אנטי איגג'ינג רב תועלות לעור יבש,,0.00,100.00,false,1.00,405.00,0.08,true,0,
20714678203,false,קליניק סמארט קרם לילה מעורב,קליניק,UA,SMART קרם לילה לעור מעורב,,0.00,100.00,false,1.00,405.00,0.08,true,0,
20714678210,false,קליניק קרם לחות SMART MD SPF15,אלקליל,US,SMART MD קרם לחות SPF15,,0.00,100.00,false,1.00,385.00,0.07,true,0,
20714678227,false,קליניק סמארט לחות מעורב SPF15,אלקליל,UA,SMART קרם לחות לעור מעורב SPF15,,0.00,100.00,false,1.00,385.00,0.07,true,0,
20714682422,false,קליניק סמארט קרם לילה שמן,קליניק,UA,SMART קרם לילה לעור שמן,,0.00,100.00,false,1.00,405.00,0.08,true,0,
20714682514,false,קליניק סמארט לחות שמן SPF15,קליניק,UA,SMART קרם לחות אנטי אייג'ינג רב תועלת לעור שמן SPF15,,0.00,100.00,false,1.00,385.00,0.07,true,0,
20714687977,false,קליניק אנטי בלמיש סולושיין גל ניקוי 125,קליניק,BE,ANTI-BLEMISH SOLUTIONS ג'ל ניקוי לטיפול בפצעונים,,0.00,100.00,false,1.00,135.00,0.01,true,0,
20714698911,false,קליניק סמארט סרום 50 מל,קליניק,GB,SMART CUSTOM-REPAIR סרום,,0.00,100.00,false,1.00,499.00,0.09,true,0,
20714699604,false,קליניק טייק דה דיי אוף 200 מל מסיר איפור,General,GB,TAKE THE DAY OFF מסיר איפור,,0.00,100.00,false,1.00,165.00,0.00,true,0,
20714729622,false,קליניק קרם עיניים מטפל מסדרת סמארט 15 מל,קליניק,UA,SMART CUSTOM-REPAIR קרם עיניים,,0.00,100.00,false,1.00,259.00,0.17,true,0,
20714761219,false,קרם עיניים מסדרת פפ סטארט,קליניק,BE,PEP-START קרם עיניים,,0.00,100.00,false,1.00,139.00,0.09,true,0,
20714763275,false,קליניק סופר דיפנס קרם לילה לעור רגיל 50,General,GB,SUPERDEFENSE קרם לחות ללילה לעור רגיל,,0.00,100.00,false,1.00,299.00,0.05,true,0,
20714777647,false,קליניק קרם עיניים לתיקון קמטים,קליניק,GB,REPAIRWEAR LASER FOCUS קרם עיניים,,0.00,100.00,false,1.00,259.00,0.17,true,0,
20714800307,false,קליניק קרם לחות SMART בעל מקדם הגנה SPF,אלקליל,US,SMART קרם לחות שלנו לטיפול בסימני הזדקנות. בעל מקדם הגנה SPF15,,0.00,100.00,false,1.00,79.00,0.05,true,0,
20714800857,false,קליניק קליריפיינג לושן נטול אלכוהול 200,General,BE,CLARIFYING LOTION מי הסרה 1.0 נטול אלכוהול,,0.00,100.00,false,1.00,115.00,0.00,true,0,
20714800888,false,קליניק קליריפיינג לושן נטול אלכוהול 400,General,BE,CLARIFYING LOTION מי הסרה 1.0 נטול אלכוהול,,0.00,100.00,false,1.00,195.00,0.00,true,0,
20714817725,false,קליניק תכשיר ניקוי עמוק להסרת שחורים,קליניק,BE,BLACKHEAD SOLUTIONS תכשיר ניקוי עמוק לטיפול בראשים שחורים,,0.00,100.00,false,1.00,135.00,0.01,true,0,
20714817909,false,קליניק תכשיר טיפולי להסרת ראשים שחורים,קליניק,BE,BLACKHEAD SOLUTIONS תכשיר טיפולי ייחודי ויעיל להסרת ראשים שחורים,,0.00,100.00,false,1.00,155.00,0.07,true,0,
20714851125,false,קליניק מויסטר סרג קרם פנים במרקם מים,קליניק,GB,MOISTURE SURGE קרם פנים במרקם מים,,0.00,100.00,false,1.00,159.00,0.03,true,0,
20714860790,false,קליניק מויסטר סרג קרם פנים לגבר,אלקליל,GB,MOISTURE SURGE קרם פנים במרקם מים לגבר,,0.00,100.00,false,1.00,160.00,0.03,true,0,
20714871659,false,קליניק טרן אראונד סרום 30 מל,אלקליל,GB,TURNAROUND סרום,,0.00,0.00,false,1.00,309.00,0.00,true,0,
20714896447,false,קליניק גל מיסלרי נטול שומן לפנים 150 מל,General,BE,ג'ל מיסלרי נטול שומן לפנים 2 ב-1,,0.00,100.00,false,1.00,125.00,0.00,true,0,
20714898212,false,קליניק מיסטר סרג גל לחות ל72 שעות 200 מל,אלקליל,US,MOISTURE SURGE ג'ל לחות ל72 שעות,,0.00,100.00,false,1.00,449.00,0.02,true,0,
20714904111,false,קליניק סופר דיפנס קרם לעור יבש עד מעורב,אלקליל,US,SUPERDEFENSE קרם לחות עם מקדם הגנה SPF25 למראה עור קורן וחסר עייפות מתאים לעור יבש עד מעורב,,0.00,100.00,false,1.00,285.00,0.05,true,0,
20714904166,false,קליניק סופר דיפנס קרם לעור מעורב עד שמן,אלקליל,US,SUPERDEFENSE קרם לחות עם מקדם הגנה SPF25 למראה עור קורן וחסר עייפות מתאים לעור מעורב עד שמן,,0.00,100.00,false,1.00,285.00,0.05,true,0,
20714914158,false,קליניק גל עיניים ממריץ לגבר15 מל,קליניק,US,SUPER ENERGIZER ג'ל עיניים ממריץ לגבר,,0.00,100.00,false,1.00,139.00,0.09,true,0,
20714948764,false,קליניק טייק דה דיי אוף תכשיר להסרת איפור,General,US,TAKE THE DAY OFF תכשיר להסרת איפור בגרסת באלם,,0.00,100.00,false,1.00,65.00,0.02,true,0,
20714949525,false,קליניק ID בסיס תחליב לחות,קליניק,GB,ID בסיס תחליב לחות,,0.00,100.00,false,1.00,185.00,0.01,true,0,
20714949556,false,קליניק מבחנה לטיפול במרקם עור לא אחיד,אלקליל,GB,מבחנה לטיפול במרקם עור לא אחיד,,0.00,0.00,false,1.00,75.00,0.00,true,0,
20714949563,false,קליניק מבחנה לטיפול בגוון עור עייף,אלקליל,GB,מבחנה לטיפול בגוון עור עייף,,0.00,0.00,false,1.00,75.00,0.00,true,0,
20714949587,false,קליניק מבחנה לטיפול בקמטים וקמטוטים,אלקליל,GB,מבחנה לטיפול בקמטים וקמטוטים,,0.00,0.00,false,1.00,75.00,0.00,true,0,
20714966942,false,קליניק קרם לחות לייט SPF25,אלקליל,BE,MOISTURIZER SURGE קרם לחות עם גוון בעל הגנת SPF25 לייט,,0.00,100.00,false,1.00,149.00,0.03,true,0,
20714966959,false,קליניק קרם לחות לייט מדיום SPF25,אלקליל,BE,MOISTURIZER SURGE קרם לחות עם גוון בעל הגנת SPF25 לייט מדיום,,0.00,100.00,false,1.00,149.00,0.03,true,0,
20714966966,false,קליניק קרם לחות מדיום SPF25,אלקליל,BE,MOISTURIZER SURGE קרם לחות עם גוון בעל הגנת SPF25 מדיום,,0.00,100.00,false,1.00,149.00,0.03,true,0,
20714971700,false,קליניק מבחנה לטיפול בעור מגורה,אלקליל,GB,מבחנה לטיפול בעור מגורה,,0.00,0.00,false,1.00,69.00,0.00,true,0,
20714974701,false,קליניק DDMC תחליב לחות המחזק את מחסום הל,אלקליל,US,DRAMATICALLY DIFFERENT תחליב לחות המחזק את מחסום הלחות של עורך,,0.00,100.00,false,1.00,69.00,0.02,true,0,
20714983413,false,קליניק קרם לחות לעור מעורב+מבחנה לעור מג,אלקליל,GB,ID קרם לחות לעור מעורב עם מבחנה פעילה לטיפול בעור מגורה,,0.00,100.00,false,1.00,249.00,0.01,true,0,
20714984236,false,קליניק מויסטר סרג קרם עיניים 15 מל,קליניק,US,"MOISTURE SURGE ג'ל עיניים חדשני 96 שעות של לחות מתמשכת. ממלא, ממצק ומבהיר",,0.00,100.00,false,1.00,159.00,0.10,true,0,
20714984748,false,קליניק קרם לחות לעור מעורב+מבחנה סימני ע,קליניק,GB,ID קרם לחות לעור מעורב עם מבחנה פעילה לטיפול בסימני עייפות,,0.00,100.00,false,1.00,249.00,0.01,true,0,
20714984755,false,קליניק קרם לחות לעור מעורב+מבחנה קמטים,אלקליל,GB,ID קרם לחות לעור מעורב עם מבחנה פעילה לטיפול בקמטים וקמטוטים,,0.00,100.00,false,1.00,249.00,0.01,true,0,
20714985004,false,קליניק קרם לחות במרקם גל+מבחנה-עייפות,קליניק,GB,ID קרם לחות במרקם ג'ל קליל 24 שעות של לחות + הגנה מפני זיהום אוויר עם מבחנה פעילה לטיפול בסימני עייפות,,0.00,100.00,false,1.00,249.00,0.01,true,0,
20714985011,false,קליניק קרם לחות במרקם גל+מבחנה-עייפות,קליניק,GB,ID קרם לחות ג'ל קליל 24 שעות של לחות + הגנה מפני זיהום אוויר עם מבחנה פעילה לטיפול בקמטים וקמטוטים,,0.00,100.00,false,1.00,249.00,0.01,true,0,
20714985387,false,קליניק קרם לחות SMART MD להשבת הנפח בפני,אלקליל,US,SMART MD קרם לחות אנטי אייג'ינג להשבת הנפח בפנים,,0.00,100.00,false,1.00,440.00,0.08,true,0,
20714985417,false,קליניק קרם לחות SMART MD לפיסול ומיצוק ה,אלקליל,US,SMART MD קרם לחות אנטי אייג'ינג לפיסול ומיצוק הפנים,,0.00,100.00,false,1.00,440.00,0.08,true,0,
20714985509,false,קליניק קרם לחות SMART MD לפיסול מיצוק וה,אלקליל,US,"SMART MD קרם לחות אנטי אייג'ינג לפיסול, מיצוק והשבת הנפח",,0.00,100.00,false,1.00,399.00,0.07,true,0,
20714985516,false,קליניק סמארט MD - קרם לחות עשיר להשבת ה,אלקליל,US,SMART MD קרם לחות עשיר להשבת הנפח בפנים,,0.00,100.00,false,1.00,95.00,0.06,true,0,
20714994778,false,קליניק גל עיניים קליל המעניק 96 שעות של,אלקליל,US,MAXIMUM HYDRATOR ג'ל עיניים קליל המעניק 96 שעות של לחות מתמשכת,,0.00,100.00,false,1.00,165.00,0.11,true,0,
20714999933,false,קליניק DDMC גל לחות לחיזוק מחסום הלחות,אלקליל,BE,DRAMATICALLY DIFFERENT MOISTURIZING ג'ל לחות לחיזוק מחסום הלחות של עורך,,0.00,100.00,false,1.00,69.00,0.02,true,0,
22200956932,false,דאודורנט ספיד סטיק גל 24/7 כחול 85 גר,הנסיך- מפעל לייצור ט,,דאודורנט ג'ל פרש ראש 24/7,,0.00,100.00,false,1.00,31.90,0.00,true,0,
22200956949,false,דאודורנט ג'ל כתום לגבר ספיד סטיק 85 גרם,קולגייט-פלמוליב,,דאודורנט ג'ל קול פיוז'ן 24/7,,0.00,100.00,false,1.00,31.90,0.00,true,0,
25700005650,false,שקיות הקפאה גדולות- 14 יח' זיפלוק,אס.סי.גונסון ובניו,US,שקיות הקפאה גדולות,,0.00,0.00,false,1.00,14.90,1.06,true,0,
25700005681,false,זיפלוק שקיות אחסון סליידר בינוניות 20 יחידות,אס.סי גונוסון,US,שקיות אחסון סליידר בינוניות,,0.00,0.00,false,1.00,16.90,0.00,true,0,
25700005698,false,זיפלוק שקיות אחסון בינוניות 24 יחידות,אס.סי.גונסון ובניו,US,שקיות אחסון בינוניות,,0.00,0.00,false,1.00,14.90,0.00,true,0,
27131505518,false,אסתי אידאליסט סרום 50מל,General,,IDEALIST סרום,,0.00,100.00,false,1.00,495.00,0.09,true,0,
27131763512,false,אסתי לאודר דיי וור קרם פנים 50 מל,אסתי לאודר,,DAY WEAR ADVANCED קרם פנים,,0.00,100.00,false,1.00,265.00,0.05,true,0,
27131763529,false,אסתי לאודר דיי וור קרם SPF15 יבש,אסתי לאודר,,DAY WEAR ADVANCED קרם יבש SPF15,,0.00,0.00,false,1.00,265.00,0.00,true,0,
27131833055,false,קרם דיי וור לעור רגיל או מעורב 30 מל,אסתי לאודר,GB,DAY WEAR תחליב לחות לעור רגיל/מעורב עם מקדם הגנה SPF15,,0.00,100.00,false,1.00,185.00,0.06,true,0,
27131935353,false,אסתי פרפקטיוניסט CP+ סרום 50 מל,אסתי לאודר,,PERFECTIONIST CP+ סרום,,0.00,100.00,false,1.00,650.00,0.13,true,0,
27131988083,false,אסתי קרם ניקוי מקציף משי 150 מל-גל קלינס,אסתי לאודר,,PERFECTLY קרם ניקוי מקציף משי,,0.00,100.00,false,1.00,140.00,0.00,true,0,
27131988106,false,אסתי תחליב ניקוי טייק איט אווי,אסתי לאודר,,TAKE IT AWAY תחליב ניקוי,,0.00,100.00,false,1.00,170.00,0.00,true,0,
27131988137,false,אסתי מי הסרה פעילים 200 מל-אקספוליאטינג,אסתי לאודר,,PERFECTLY מי הסרה,,0.00,100.00,false,1.00,140.00,0.00,true,0,
35000687944,false,קולגייט מברשת360 אופטיק וויט רפיל סופט*2,שסטוביץ,CN,מברשת 360 אופטיק וייט ריפיל סופט,,0.00,0.00,false,1.00,45.90,22.95,true,0,
35000689535,false,קולגייט מברשת שיניים מקס וייט סופט זוג,קולגייט-פלמוליב,,מברשת שיניים סיבים רכים מקס ווייט לניקוי יסודי,,0.00,0.00,false,1.00,19.90,9.95,true,0,
35000975065,false,קולגייט מיניונים מברשת חשמלית,שסטוביץ,CN,ילדים מברשת שיניים מיניונים עם סוללות,,0.00,0.00,false,1.00,60.90,0.00,true,0,
36000183399,false,"ליטל סווימרס בגד-ים חד פעמי 7-15 ק""ג M האגיס",חוגלה קימברלי,,"בגד-ים חד פעמי 7-15 ק""ג מידה S/M",,0.00,0.00,false,1.00,43.90,3.65,true,0,
36000516876,false,ממחטות נייר קלינקס לושן 3 שכבות 75 דף,חוגלה קימברלי,US,"לושן-טישו ממחטות אף 3 שכבות, מסייע במניעת אף אדום ומגורה",,0.00,0.00,false,1.00,13.90,0.18,true,0,
36000516890,false,קלינקס לושן שלוש שכבות 120 יחידות,חוגלה קימברלי,US,"לושן-טישו ממחטות אף 3 שכבות, מסייע במניעת אף אדום ומגורה",,0.00,0.00,false,1.00,21.90,0.18,true,0,
37977005288,false,מאם מוצצים סיליקון 6+ תכלת לבן,מאם Mam,,מוצצי סיליקון 6+,,0.00,0.00,false,1.00,39.90,19.95,true,0,
37977005424,false,מאמ-נשכן רב תכליתי יחידה,General,,נשכן לתינוק כחול,,0.00,0.00,false,1.00,34.90,0.00,true,0,
37977005455,false,מאמ מחזיק מוצץ כחול,General,,מאם מחזיק מוצץ כחול,,0.00,0.00,false,1.00,29.90,29.90,true,0,
37977050059,false,מוצץ לתינוק ללא ביספנול 0-2 מאם 2 יחידות,General,,מוצץ סיליקון 0-2 חודשים תכלת,,0.00,0.00,false,1.00,39.90,19.95,true,0,
38000232152,false,פרינגלס חטיפי תפוח אדמה בטעם ברביקיו 158 גרם,פרינגלס מנופקצ'ורינג קומ,US,חטיפי צ'יפס מתפוחי אדמה בטעם ברביקיו,,0.00,100.00,false,1.00,14.90,0.00,true,0,
38000232176,false,פרינגלס ביג שמנת בצל 158 גרם,פרינגלס מנופקצ'ורינג קונ,US,חטיפי צ'יפס מתפוחי אדמה בטעם שמנת בצל,,0.00,100.00,false,1.00,14.90,0.00,true,0,
38000232183,false,פרינגלס ביג אורגינל 149 גרם,פרינגלס מנופקצ'ורינג קונ,US,חטיפי צ'יפס מתפוחי אדמה בטעם אורגינל,,0.00,100.00,false,1.00,14.90,0.00,true,0,
40000514480,false,M&M אריזה קטנה's שוקולד אריזה קטנה 48 גרם,M&M אם אנד אם,,M&M's שוקולד אריזה אישית,,0.00,100.00,false,1.00,4.90,0.00,true,0,
40000514510,false,M&M אריזה קטנה's בוטנים אריזה קטנה 49 גרם,M&M אם אנד אם,,M&M's בוטנים אריזה אישית,,0.00,0.00,false,1.00,4.90,0.00,true,0,
44600300580,false,כלורוקס קלין אפ פרש נוזל לניקוי רב תכלית,כלורוקס אוקלנד,US,קלין אפ פרש - נוזל לניקוי רב תכליתי עם אקונומיקה,,0.00,100.00,false,1.00,21.90,0.00,true,0,
46214731552,false,עוגיות שוקולד צ'יפס 37% גודיס 225 גרם,קריניציה ויטמינה אס,,,גרם,225.00,100.00,false,1.00,12.90,0.00,true,0,
46688100250,false,ז`ולן קרם מבהיר רגיל 28 גרם,General,,קרם מבהיר שיער כהה מיותר,,0.00,100.00,false,1.00,78.90,0.02,true,0,
46688100502,false,ז`ולן קרם מבהיר אלוורה 28 גרם,General,,מבהיר שיער כהה מיותר אלוורה,,0.00,100.00,false,1.00,78.90,0.02,true,0,
46688400015,false,ג'ולן קרם הבהרה 112 גר',General,,קרם מבהיר שיער כהה מיותר,,0.00,100.00,false,1.00,139.90,0.01,true,0,
55500012046,false,כלורוקס קלין אפ מרסס נוזל לניקוי רב תכלי,כלורוקס אוקלנד,US,קלין אפ תרסיס ניקוי רב תכליתי עם אקונומיקה,,0.00,100.00,false,1.00,21.90,0.00,true,0,
56594009998,false,ניוואה סבון מוצק מטפח קרם קר רביעייה,ביירסדורף,DE,סבון מוצק מטפח קרם קר,,0.00,100.00,false,1.00,19.90,0.00,true,0,
70221011116,false,טובלרון - שוקולד חלב 100 גרם,טובלרון Toblerone,CH,שוקולד חלב שוויצרי,,0.00,0.00,false,1.00,14.90,0.14,true,0,
70942003117,false,בטלר מברשת שיניים 311,ל.ח בריאות ירושלים,,מברשת שיניים 311,,0.00,0.00,false,1.00,19.90,0.00,true,0,
70942006002,false,גאם סטימולטור 600,ל.ח בריאות ירושלים,,מברשת סטימולטור 600,,0.00,0.00,false,1.00,28.90,0.00,true,0,
70942123518,false,גאם מברשת שיניים 509,General,,מברשת שיניים 509,,0.00,0.00,false,1.00,21.90,0.00,true,0,
70942302821,false,גאם קיסמים רכים סיבי גומי ירוק,General,,קיסמי שיניים רכים עם סיבי גומי,,0.00,0.00,false,1.00,49.90,0.00,true,0,
78522000150,false,ג'ייסון שמפו חוחובה לשיער חזק ובריא,ג'ייסון Jason,US,שמפו חוחובה+שמן קיק,,0.00,100.00,false,1.00,59.90,0.00,true,0,
78522000198,false,מרכך חוחובה + שמן קיק גייסון 411 גרם,ג'ייסון Jason,US,מרכך חוחובה+שמן קיק,,0.00,100.00,false,1.00,59.90,0.00,true,0,
78522007289,false,גייסון משחת שיניים טבעית תות לילדים,K-CARE,US,משחת שיניים טבעית תות לילדים,,0.00,100.00,false,1.00,31.90,0.00,true,0,
78522014980,false,ג'ייסון משחת שיניים קוקוס מנטה,K-CARE,US,משחת שיניים קוקוס מנטה,,0.00,100.00,false,1.00,39.90,0.00,true,0,
78522015000,false,ג'ייסון משחת שיניים מנטה,ג'ייסון Jason,US,משחת שיניים מלבינה מרכיבים טבעיים,,0.00,100.00,false,1.00,39.90,0.00,true,0,
78522015109,false,ג'ייסון משחת שיניים ניחוח ים מרענן,ג'ייסון Jason,US,משחת שיניים בניחוח ים מרענן,,0.00,100.00,false,1.00,39.90,0.00,true,0,
78522015154,false,ג'ייסון משחת שיניים עץ התה,ג'ייסון Jason,US,משחת שיניים עץ התה,,0.00,100.00,false,1.00,39.90,0.00,true,0,
78522015680,false,ג'ייסון משחת שיניים מוקטנת מנטה 85 גר',K-CARE,US,משחת שיניים מלבינה מרכיבים טבעיים,,0.00,100.00,false,1.00,24.90,0.00,true,0,
78522015697,false,ג'ייסון משחת שיניים מוקטנת ניחוח ים,K-CARE,US,משחת שיניים ניחוח ים,,0.00,100.00,false,1.00,19.90,0.00,true,0,
78522015727,false,גייסון מי פה בניחוח ים להגנה על החניכיי,K-CARE,US,מי פה מלח ים להגנה על החניכיים קול מינט,,0.00,100.00,false,1.00,64.90,0.00,true,0,
78522020257,false,גייסון סבון ידיים נוזלי לבנדר,K-CARE,US,סבון ידיים נוזלי לבנדר,,0.00,100.00,false,1.00,49.90,0.00,true,0,
78522021056,false,"ג'ייסון - ג'ל רחצה אלוורה 887 מ""ל",K-CARE,US,ג'ל רחצה אלו וורה,,0.00,100.00,false,1.00,94.90,0.00,true,0,
78522021094,false,"ג'ייסון - ג'ל רחצה קמומיל 887 מ""ל",ג'ייסון Jason,US,ג'ל רחצה קמומיל,,0.00,100.00,false,1.00,94.90,0.00,true,0,
78522021117,false,"ג'ייסון - ג'ל רחצה צמחים 887 מ""ל",ג'ייסון Jason,US,ג'ל רחצה צמחים,,0.00,100.00,false,1.00,94.90,0.00,true,0,
78522021131,false,גייסון גל רחצה לבנדר 887 מל,K-CARE,US,ג'ל רחצה לבנדר,,0.00,100.00,false,1.00,94.90,0.00,true,0,
78522021230,false,גייסון גל רחצה מי ורדים 887 מל,ג'ייסון Jason,US,ג'ל רחצה מי ורדים,,0.00,100.00,false,1.00,94.90,0.00,true,0,
78522021254,false,"שמן קוקוס אורגני גייסון 443 מ""ל",ג'ייסון Jason,US,שמן קוקוס אורגני,,0.00,100.00,false,1.00,99.00,0.00,true,0,
78522030270,false,גייסון גל רחצה עץ התה 887 מל,ג'ייסון Jason,US,ג'ל רחצה עץ התה,,0.00,100.00,false,1.00,94.90,0.00,true,0,
78522040118,false,"ג'ייסון שמן ויטמין e – 32,000 יחידות",ג'ייסון Jason,US,"שמן ויטמין אי 32,000IU",,0.00,100.00,false,1.00,99.90,0.03,true,0,
78522040163,false,גל אלוורה גייסון להקלה מיידית בעור 113 ג,ג'ייסון Jason,US,ג'ל 98% אלוורה,,0.00,100.00,false,1.00,54.90,0.00,true,0,
78522050018,false,"שמן ויטמין E הזנה לגוף גייסון 118 מ""ל",ג'ייסון Jason,US,שמן ויטמין E 5000,,0.00,100.00,false,1.00,69.90,0.00,true,0,
78522050056,false,שמפו אצות ים גייסון473מל,K-CARE,US,שמפו אצות ים לשיער מתולתל,,0.00,100.00,false,1.00,59.90,0.00,true,0,
78522050094,false,גייסון קונדישינר אצות ים,ג'ייסון Jason,US,מרכך אצות ים לשיער מתולתל,,0.00,100.00,false,1.00,59.90,0.00,true,0,
78522050124,false,"קרם ויטמין E להחייאת העור גייסון 113 מ""ל",K-CARE,US,קרם פנים ויטמין E,,0.00,100.00,false,1.00,79.90,0.00,true,0,
78522060307,false,גייסון תרחיץ פילינג לפנים 113 גרם,ג'ייסון Jason,US,תרחיץ פילינג לפנים,,0.00,100.00,false,1.00,59.90,0.00,true,0,
78522070054,false,גייסון שמפו ביוטין לשיער יבש ופגום 473מל,ג'ייסון Jason,US,שמפו ביוטין משקם,,0.00,100.00,false,1.00,59.90,0.00,true,0,
78522070092,false,גייסון מרכך ביוטין לשיער יבש ופגום 473מל,ג'ייסון Jason,US,מרכך ביוטין משקם,,0.00,100.00,false,1.00,59.90,0.00,true,0,
78522090250,false,גייסון דאורדורנט סטיק אלו וורה,ג'ייסון Jason,US,דאודורנט סטיק אלוורה,,0.00,100.00,false,1.00,54.90,0.00,true,0,
78522090458,false,גייסון דאודורנט סטיק עץ התה,ג'ייסון Jason,US,דאודורנט סטיק עץ התה,,0.00,100.00,false,1.00,54.90,0.00,true,0,
91400000073,false,קליפורניה פחית מיכל ריח מוצק - דובדבן,דנשר,US,פחית מיכל ריח אורגני במוצק - דובדבן,,0.00,100.00,false,1.00,19.90,0.00,true,0,
91400000226,false,קליפורניה פחית מיכל ריח מוצק - מסטיק,דנשר,US,פחית מיכל ריח אורגני במוצק - מסטיק,,0.00,100.00,false,1.00,19.90,0.00,true,0,
91400000288,false,קליפורניה פחית מיכל ריח מוצק - וניל,דנשר,US,פחית מיכל ריח אורגני במוצק - וניל,,0.00,100.00,false,1.00,19.90,0.00,true,0,
91400032210,false,קליפורניה פחית מיכל ריח מוצק -מבשם כביסה,דנשר,US,פחית מיכל ריח אורגני במוצק - מבשם כביסה,,0.00,100.00,false,1.00,19.90,0.00,true,0,
91400032739,false,קליפורניה פחית מיכל ריח מוצק - אייס,דנשר,US,פחית מיכל ריח אורגני במוצק - אייס,,0.00,100.00,false,1.00,19.90,0.00,true,0,
125002741352,false,אורנה 19 מבהיר שיער,אלפא,ZA,מבהיר שיער כהה מיותר לפנים ולגוף,,0.00,0.00,false,1.00,39.90,0.00,true,0,
192333011980,false,קליניק ID ג'ל לחות בעל גוון עדין 50 מל,אלקליל,US,ID ג'ל לחות בעל גוון עדין,,0.00,100.00,false,1.00,139.00,0.02,true,0,
192333013328,false,קליניק חלב פנים עדין לעור יבש עד מעורב,General,IT,ALL ABOUT CLEAN חלב פנים עדין לניקוי ולהסרת איפור לעור יבש עד מעורב,,0.00,100.00,false,1.00,135.00,0.00,true,0,
192333013359,false,קליניק חלב פנים עדין לעור מעורב עד שמן,General,IT,ALL ABOUT CLEAN חלב פנים עדין לניקוי ולהסרת איפור לעור מעורב עד שמן,,0.00,100.00,false,1.00,135.00,0.00,true,0,
192333027219,false,קליניק איבן בטר סרום עוצמתי 30 מל,אלקליל,US,"EVEN BETTER CLINICAL סרום עוצמתי להבהרת כתמי עור,פיגמנטציה וצלקות אקנה",,0.00,100.00,false,1.00,335.00,0.11,true,0,
192333027226,false,קליניק איבן בטר סרום עוצמתי 50 מל,אלקליל,US,"EVEN BETTER CLINICAL סרום עוצמתי להבהרת כתמי עור,פיגמנטציה וצלקות אקנה",,0.00,100.00,false,1.00,455.00,0.09,true,0,
192333042328,false,קליניק מבחנה עם סרום המכיל חומר מרוכז פע,אלקליל,US,מבחנה עם סרום המכיל חומר מרוכז פעיל,,0.00,0.00,false,1.00,185.00,0.00,true,0,
192333042335,false,קליניק ID בסיס לחות במרקם גל קליל ונטול,אלקליל,GB,ID בסיס לחות במרקם ג'ל קליל ונטול שומן,,0.00,100.00,false,1.00,75.00,0.07,true,0,
192333042786,false,קליניק מויסטר סרג קרם לחות 15 מל,קליניק,US,MOISTURE SURGE INTENSE מיני קרם לחות,,0.00,100.00,false,1.00,49.00,0.03,true,0,
192333042793,false,קליניק ג'ל לחות עשיר לעור יבש מאוד 30 מל,אלקליל,GB,MOISTURIZER SURGE INTENSE ג'ל לחות עשיר לעור יבש מאוד עד יבש מעורב,,0.00,100.00,false,1.00,95.00,0.03,true,0,
192333042809,false,קליניק ג'ל לחות עשיר לעור יבש מאוד 50 מל,אלקליל,GB,MOISTURIZER SURGE INTENSE ג'ל לחות עשיר לעור יבש מאוד עד יבש מעורב,,0.00,100.00,false,1.00,155.00,0.03,true,0,
192333048160,false,קליניק ID בסיס גל נטול שומן,קליניק,GB,ID בסיס ג'ל נטול שומן,,0.00,100.00,false,1.00,185.00,0.01,true,0,
192333051894,false,קליניק סמארט מארז לחות וניקוי אנטי אייגנ,אלקליל,GB,"SUPER SMOOTH SKIN,YOUR WAY מארז בסיס לחות + מבחנה + סבון נוזלי + קרם עיניים",,0.00,0.00,false,1.00,249.00,0.00,true,0,
192333066928,false,קליניק מויסטר סרג קרם לחות 100 שעות 30 מ,General,GB,MOISTURE SURGE קרם לחות במרקם ג'ל 100 שעות,,0.00,100.00,false,1.00,95.00,0.03,true,0,
192333066935,false,קליניק מויסטר סרג קרם לחות 100 שעות 50 מ,General,GB,MOISTURE SURGE קרם לחות במרקם ג'ל 100 שעות,,0.00,100.00,false,1.00,155.00,0.03,true,0,
192333066942,false,קליניק מויסטר סרג קרם לחות 100 שעות 75 מ,General,GB,MOISTURE SURGE קרם לחות במרקם ג'ל 100 שעות,,0.00,100.00,false,1.00,205.00,0.02,true,0,
192333081020,false,קליניק תכשיר ניקוי ופילינג במוצר אחד במר,General,BE,ALL ABOUT CLEAN תכשיר ניקוי ופילינג במוצר אחד במרקם ג'ל,,0.00,100.00,false,1.00,129.00,0.00,true,0,
192333088999,false,קליניק מסכה לניקוי ופילינג במוצר אחד,General,US,ALL ABOUT CLEAN מסכה לניקוי ופילינג במוצר אחד,,0.00,0.00,false,1.00,199.00,1.99,true,0,
192333095676,false,קליניק אנטי בלמיש קרם לחות להרגעת העור,General,BE,ANTI BLMSH קרם לחות להרגעת העור,,0.00,100.00,false,1.00,49.00,0.03,true,0,
192333101674,false,קליניק סמארט סרום טיפולי לתיקון קמטים וק,אלקליל,US,SMART סרום טיפולי לתיקון קמטים וקמטוטים,,0.00,100.00,false,1.00,375.00,0.12,true,0,
192333101681,false,קליניק סמארט סרום טיפולי לתיקון קמטים וק,אלקליל,US,SMART סרום טיפולי לתיקון קמטים וקמטוטים,,0.00,100.00,false,1.00,505.00,0.10,true,0,
192333102749,false,קליניק סמארט קרם עיניים אנטי אייגינג,General,GB,SMART CLINICAL REPAIR קרם עיניים אנטי אייג'ינג לתיקון קמטים וקמטוטים,,0.00,100.00,false,1.00,279.00,0.18,true,0,
192333103623,false,קליניק איבן בטר סט סרום+קרם לחות+קרם עינ,אלקליל,PL,EVEN TONE ESSENTIALS סט סרום + קרם לחות + קרם עיניים,,0.00,0.00,false,1.00,455.00,0.00,true,0,
192333111482,false,קליניק מארז תכשיר לילה אנטי אייגינג,אלקליל,US,SMART SUPER STARS סט תכשיר לילה אנטי-אייג'ינג עם רטינול + קרם לחות + קרם לילה + קרם עיניים,,0.00,0.00,false,1.00,440.00,0.00,true,0,
192333127698,false,קליניק סמוט סט אנטי אייגינג חכם,אלקליל,US,SMART סט סרום טיפולי + קרם לחות + קרם עיניים,,0.00,0.00,false,1.00,375.00,0.00,true,0,
192333128787,false,קליניק קרם לחות אנטי אייגינג SMART SPF15,אלקליל,GB,SMART קרם לחות לטיפול בסימני הזדקנות עיקריים בעל SPF15,,0.00,100.00,false,1.00,470.00,0.06,true,0,
305210043596,false,"וזלין - תחליב לחות עם תמצית לוונדר 600 מ""ל","יוניליוור, ג'\פרסון סיטי",US,תחליב גוף עם תמצצית לוונדר,,0.00,100.00,false,1.00,26.90,0.00,true,0,
305210134423,false,וזלין תחליב גוף עם חמאת קקאו 600 מל,יוניליוור,US,תחליב גוף עם חמאת קקאו,,0.00,100.00,false,1.00,26.90,0.00,true,0,
305210256712,false,וזלין לשפתיים אורגינל 0.25 אונקיה,"יוניליוור ג'ונסבורו,",US,מיני לשפתיים אורגינל,,0.00,100.00,false,1.00,14.90,0.02,true,0,
305210317079,false,וזלין מיני לשפתיים חמאת קקאו 9 גר,"יוניליוור ג'ונסבורו,",US,וזלין מיני לשפתיים חמאת קקאו,,0.00,100.00,false,1.00,14.90,0.02,true,0,
305210416383,false,"ואזלין קרם גוף לגבר נספג במהירות 600 מ""ל","יוניליוור, ג'פרסון סיטי,",US,מן קרם גוף לגבר,,0.00,100.00,false,1.00,26.90,0.00,true,0,
305210464728,false,וזלין מיני לשפתיים בטעם קרם ברולה,"יונילוור ארה""ב - HPC",US,מיני לשפתיים בטעם קרם ברולה,,0.00,100.00,false,1.00,14.90,0.02,true,0,
305213079004,false,"תחליב גוף להזנה עמוקה צהוב וזלין 600 מ""ל","יוניליוור, ג'פרסון סיטי,",US,תחליב גוף להזנה עמוקה,,0.00,100.00,false,1.00,26.90,0.00,true,0,
309970075583,false,רבלון רולר וולקני סופג שומנים,General,CN,רולר וולקני סופג שומנים,,0.00,0.00,false,1.00,49.00,0.00,true,0,
350007641028,false,משחת שיניים קולגייט משחה 2ב1 הלבנה 130 גרם,קולגייט Colgate,MX,2 ב1 משחת שיניים ושטיפת פה להלבנה,,0.00,100.00,false,1.00,21.90,0.00,true,0,
350007641646,false,משחת שיניים ומי פה 2 ב-1 לנשימה רעננה,קולגייט Colgate,MX,2 ב1 משחת שיניים ושטיפת פה Icy blast,,0.00,100.00,false,1.00,21.90,0.00,true,0,
371687320744,false,סאן אין למון פרש-בניחוח לימון,מדיטרנד כללי,US,למון פרש-בניחוח לימון,,0.00,100.00,false,1.00,59.90,0.00,true,0,
371687320751,false,סאן אין טרופיקל בריז-בניחוח טרופי,מדיטרנד כללי,US,מבהיר שיער בניחוח טרופי,,0.00,100.00,false,1.00,59.90,0.00,true,0,
602652257780,false,בי קיינד-חטיף שקדים ומלח ים בציפוי קרמל,שטראוס,IL,שקדים ומלח ים עם ציפוי בטעם קרמל,,0.00,100.00,false,1.00,7.90,0.00,true,0,
618059011153,false,פיטוציאן אמפולות לשיער דליל,פרמה גורי,,פיטוציאן אמפולות לשיער דליל,,0.00,0.00,false,1.00,249.90,20.82,true,0,
618059165023,false,פיטודפריזנט ג'ל מחליק שיער 100 מל,פארמה גורי,,פיטודפריזנט - ג'ל מצמחים להחלקת שיער עם הפן,,0.00,0.00,false,1.00,94.90,0.94,true,0,
651080153515,false,פלקרס חוט דנטלי לילדים 30 יח,דנטלון,CN,חוט דנטלי עם ידית לשימוש רב פעמי לילדים,,0.00,0.00,false,1.00,13.90,0.46,true,0,
651080161510,false,פלקרס פולסר לשיניים צפופות-מנטה 35 יחידו,מיוצר עי קונדיטוריית,CN,חוט דנטלי עם ידית לשיניים צפופות מנטה,,0.00,0.00,false,1.00,13.90,0.39,true,0,
651080366519,false,פלקרס פלוסר כפול טווין ליין,דנטלון,CN,טווין ליין חוט דנטלי כפול עם ידית,,0.00,0.00,false,1.00,14.90,0.49,true,0,
651080647519,false,קיסמים עם חוט דנטלי פלאקרס מנטה 35 יחידות,"פלקרס רנור ארה""ב",,חוט דנטלי עם ידית לשימוש רב פעמי מנטה,,0.00,0.00,false,1.00,13.90,0.38,true,0,
654749350010,false,אבלון אורגניקס סדרת ויטמין C סרום פנים,אבלון אורגניקס Avalon Organics,US,ויטמין C סרום לפנים,,0.00,100.00,false,1.00,179.00,0.05,true,0,
654749350027,false,אבלון אורגניקס ויטמין C קרם פנים מחייה,K-CARE,US,ויטמין C קרם פנים מחייה,,0.00,100.00,false,1.00,149.90,0.03,true,0,
654749350041,false,אבלון אורגניקס ויטמין C גל פנים נטול שומ,אבלון אורגניקס Avalon Organics,US,קרם לחות במרקם ג'ל אורגני ויטמין C,,0.00,100.00,false,1.00,149.90,0.03,true,0,
654749350058,false,אבלון אורגניקס סדרת ויטמין C ג'ל ניקוי לפנים,אבלון אורגניקס Avalon Organics,US,ויטמין C ג'ל ניקוי לפנים,,0.00,100.00,false,1.00,69.90,0.00,true,0,
654749351000,false,אבלון אורגניקס שמפו לבנדר,K-CARE,US,שמפו לבנדר,,0.00,100.00,false,1.00,54.90,0.00,true,0,
654749351055,false,אבלון אורגניקס שמפו לימון,K-CARE,US,שמפו לימון,,0.00,100.00,false,1.00,54.90,0.00,true,0,
654749351178,false,אבלון אורגניקס שמפו עץ התה,K-CARE,US,שמפו עץ התה,,0.00,100.00,false,1.00,54.90,0.00,true,0,
654749351352,false,אבלון אורגניקס שמפו תפוח,K-CARE,US,שמפו חומץ תפוחים,,0.00,100.00,false,1.00,54.90,0.00,true,0,
654749351369,false,אבלון אורגניקס מרכך חומץ תפוחים,K-CARE,US,מרכך חומץ תפוחים,,0.00,100.00,false,1.00,54.90,0.00,true,0,
654749358047,false,אבלון אורגניקס קרם לילה לטיפול בקמטים,K-CARE,US,קרם לילה לטיפול בקמטים,,0.00,100.00,false,1.00,59.90,0.01,true,0,
654749358054,false,אבלון אורגניקס קרם טיפול בקמטים,K-CARE,US,קרם יום לטיפול בקמטים,,0.00,100.00,false,1.00,59.90,0.01,true,0,
654749361023,false,אבלון אורגניקס שמפו ביוטין -קומפלקס ויטמיני B,אבלון אורגניקס Avalon Organics,US,שמפו ביוטין לשיקום השיער,,0.00,100.00,false,1.00,64.90,0.00,true,0,
654749361061,false,שמפו לטיפול ומניעת קשקשים אבלון אורגניקס,אבלון אורגניקס Avalon Organics,US,שמפו קשקשים,,0.00,100.00,false,1.00,69.90,0.00,true,0,
654749361221,false,אבלון אורגניקס מרכך שיער ביוטין -קומפלקס,K-CARE,US,מרכך ביוטין לשיקום השיער,,0.00,100.00,false,1.00,64.90,0.00,true,0,
654749453957,false,אבלון אורגניקס שמן נוגד חמצון מועשר בויט,אבלון אורגניקס Avalon Organics,US,שמן נוגד חמצון מועשר בויטמין C,,0.00,100.00,false,1.00,199.90,0.06,true,0,
713708451011,false,סופרפודז שמפו טבעוני לשיער ניזוק 355,General,US,"סופרפודז שמפו טבעוני לשיער ניזוק מועשר בקייל, קרטין ואומגה 3",,0.00,100.00,false,1.00,24.90,0.00,true,0,
713708451035,false,סופרפודז שמפו טבעוני לשיער צבוע 355,General,US,"שמפו טבעוני לשיער צבוע מועשר באסאי, שמן מקדמיה וויטמין C",,0.00,100.00,false,1.00,24.90,0.00,true,0,
713708451080,false,סופרפודז שמפו טבעוני לניקוי והזנת 355,General,US,"שמפו טבעוני לניקוי והזנת השיער מועשר בשורש ג'ינג'ר, פחם לבן ומאצ'ה",,0.00,100.00,false,1.00,24.90,0.00,true,0,
713708452018,false,סופרפודז מרכך טבעוני לשיער ניזוק 355,General,US,"סופרפודז מרכך טבעוני לשיער ניזוק מועשר בקייל, קרטין ואומגה 3",,0.00,100.00,false,1.00,24.90,0.00,true,0,
713708452025,false,סופרפודז מרכך טבעוני מעניק לחות עשיר 355,General,US,"מרכך טבעוני מעניק לחות עשיר בחלב קוקוס, שמן שקדים וויטמין E",,0.00,100.00,false,1.00,24.90,0.00,true,0,
713708452032,false,סופרפודז מרכך טבעוני לשיער צבוע 355,General,US,"מרכך טבעוני לשיער צבוע מועשר באסאי, שמן מקדמיה וויטמין C",,0.00,100.00,false,1.00,24.90,0.00,true,0,
713708452049,false,סופרפודז מרכך טבעוני למראה שיער חלק 355,General,US,"מרכך טבעוני למראה שיער חלק עשיר בחמאת שיאה, שמן ארגן וויטמין B6",,0.00,100.00,false,1.00,24.90,0.00,true,0,
713708452087,false,סופרפודז מרכך טבעוני לניקוי והזנת 355,General,US,"מרכך טבעוני לניקוי והזנת השיער מועשר בשורש ג'ינג'ר, פחם לבן ומאצ'ה",,0.00,100.00,false,1.00,24.90,0.00,true,0,
713708453015,false,סופרפודז סרום טבעוני לשיער ניזוק מועשר60,General,US,"סרום טבעוני לשיער ניזוק מועשר בקייל, קרטין ואומגה 3",,0.00,100.00,false,1.00,29.90,0.00,true,0,
713708453039,false,סופרפודז סרום טבעוני לשיער צבוע מועשר 60,General,US,"סרום טבעוני לשיער צבוע מועשר באסאי, שמן מקדמיה וויטמין C",,0.00,100.00,false,1.00,20.00,0.00,true,0,
713708454012,false,סופרפודז תחליב רחצה קאם קלין 475 מל,General,US,תחליב רחצה קאם קלין,,0.00,100.00,false,1.00,24.90,0.00,true,0,
713708454029,false,סופרפודז תחליב רחצה גט באזד 475 מל,General,US,תחליב רחצה גט באזד,,0.00,100.00,false,1.00,24.90,0.00,true,0,
713708454036,false,סופרפודז תחליב רחצה סו סמוד 475 מל,General,US,תחליב רחצה סו סמוד,,0.00,100.00,false,1.00,24.90,0.00,true,0,
713708455019,false,סופרפודז חמאה לסיוע בטיפול סימני מתיחה,General,US,חמאה לסיוע בטיפול סימני מתיחה,,0.00,100.00,false,1.00,24.90,0.00,true,0,
713708455026,false,סופרפודז חמאת גוף ממצקת,General,US,חמאת גוף ממצקת,,0.00,100.00,false,1.00,24.90,0.00,true,0,
713708455033,false,סופרפודז חמאת גוף מעניקה לחות,General,US,חמאת גוף מעניקה לחות,,0.00,100.00,false,1.00,24.90,0.00,true,0,
713708456023,false,סופרפודז סקראב לכף הרגל מועשר בפחם,General,US,סקראב לכף הרגל מועשר בפחם,,0.00,100.00,false,1.00,24.90,0.00,true,0,
714324901027,false,גיוואגו קרם לחות רגיל-יבש,ג'יווגו טיפוח,,,,0.00,0.00,false,1.00,211.00,0.00,true,0,
714324901034,false,גיוואגו קרם לחות יבש-יבש מאוד,General,,,,0.00,0.00,false,1.00,199.00,0.00,true,0,
714324901041,false,ק.לילה לעור רגיל יבש50מל,ג'יווגו טיפוח,,,,0.00,0.00,false,1.00,199.00,0.00,true,0,
714324901058,false,גיוואגו קרם מזין רגיל-יבש,General,,,,0.00,0.00,false,1.00,199.00,0.00,true,0,
714324901065,false,גיוואגו קרם מזין יבש-יבש מאוד,General,,,,0.00,0.00,false,1.00,199.00,0.00,true,0,
714324901072,false,גיוואגו קרם מזין לעיניים,ג'יווגו טיפוח,,,,0.00,0.00,false,1.00,199.00,0.00,true,0,
714324901089,false,גיוואגו מסכת זהב קליאופטרה,ג'יווגו טיפוח,,,,0.00,0.00,false,1.00,309.00,0.00,true,0,
714324901096,false,גיוואגו קרם הגנה מהשמש 50 מל,ג'יווגו טיפוח,IL,,,0.00,0.00,false,1.00,109.00,0.00,true,0,
714324901102,false,גיוואגו סרום לפנים,ג'יווגו טיפוח,,,,0.00,0.00,false,1.00,229.00,0.00,true,0,
714324901119,false,גיוואגו סבון פנים עדין 150 מל,ג'יווגו טיפוח,IL,,,0.00,100.00,false,1.00,99.00,0.00,true,0,
714324901126,false,גיוואגו תרחיץ גרגרים עדין 150 מל,ג'יווגו טיפוח,IL,,,0.00,100.00,false,1.00,99.00,0.00,true,0,
724742003128,false,EVEN & BRIGHT קרם לחות SPF15,K-CARE,US,EVEN & BRIGHT קרם לחות SPF15,,0.00,100.00,false,1.00,99.90,0.01,true,0,
724742003173,false,EVEN & BRIGHT קרם מחדש,K-CARE,US,EVEN & BRIGHT קרם מחדש,,0.00,100.00,false,1.00,99.90,0.01,true,0,
724742008123,false,הוואין - קרם לחות נטול שומן אלוורה ותה י,K-CARE,US,הוואין - קרם לחות נטול שומן אלוורה ותה ירוק,,0.00,100.00,false,1.00,109.90,0.01,true,0,
724742008246,false,הוואין - קרם גוף מועשר בשמן אגוזי קוקוי,K-CARE,US,הוואין - קרם גוף מועשר בשמן אגוזי קוקוי,,0.00,100.00,false,1.00,79.90,0.00,true,0,
724742009274,false,תרחיץ פנים מסדרת הוואין וולקניק דיטוקס,אלבה בוטניקה alba botanica,US,הוואין וולקניק דיטוקס - תרחיץ פנים,,0.00,100.00,false,1.00,99.90,0.00,true,0,
724742009281,false,הוואין וולקניק דיטוקס - פילינג לפנים ולצוואר,אלבה בוטניקה alba botanica,US,הוואין וולקניק דיטוקס - פילינג לפנים ולצוואר,,0.00,100.00,false,1.00,99.90,0.00,true,0,
724742009519,false,מסכת בוץ מתחממת מסדרת הוואין וולקניק,אלבה בוטניקה alba botanica,US,הוואין וולקניק - מסכת בוץ מתחממת,,0.00,100.00,false,1.00,129.90,0.01,true,0,
724742009571,false,אלבה בוטניקה תרחיץ פנים מיסלארי 170 מל,K-CARE,US,תרחיץ פנים מיסלארי,,0.00,100.00,false,1.00,79.90,0.00,true,0,
728229130154,false,טרה חטיף על בסיס בטטה וסלק בטעם טבעי 110 גרם,הונדורס צ'יפס יצור א,,,,0.00,100.00,false,1.00,16.90,0.00,true,0,
735282157691,false,מברשת דה-לוקס מתכוננת לניקוי בקבוקים,ב.ב.קשרים,CN,מברשת דה-לוקס מתכוננת לניקוי בקבוקים,,0.00,0.00,false,1.00,49.90,0.00,true,0,
783154250018,false,מיקוקליר לטיפול בפטרת ציפורניים,מדיוויז,,מיקוקליר תמיסה המסייעת לטיפול בפטרת ציפורניים,,0.00,100.00,false,1.00,119.90,0.03,true,0,
788434106757,false,וואן חטיף דונטס מייפל 60 גרם,מדיטרנד,US,חטיף דונאטס מייפל,,0.00,100.00,false,1.00,17.90,0.00,true,0,
788434108379,false,חטיף חלבון וואן קרם עוגיות 60 גרם,בלמונט קונפקשנס,US,חטיף קרם עוגיות,,0.00,100.00,false,1.00,17.90,0.00,true,0,
788434108782,false,וואן חטיף חמאת בוטנים 60 גרם,בלמונט קונפקשנס,US,חטיף חמאת בוטנים,,0.00,100.00,false,1.00,17.90,0.00,true,0,
810400031586,false,אק.מסכת שיער מועשרת בקולגן,CONCEPT LABORATORIES,US,מסכת שיער מועשרת בקולגן,,0.00,100.00,false,1.00,49.90,0.00,true,0,
810400031593,false,אק.מסכת שיער אנטי פריז מועשרת בשמן ארגן,CONCEPT LABORATORIES,US,מסכת שיער אנטי פריז מועשרת בשמן ארגן,,0.00,100.00,false,1.00,49.90,0.00,true,0,
810400031616,false,אק.מסכת שיער מועשרת בביוטין,CONCEPT LABORATORIES,US,מסכת שיער מועשרת בביוטין,,0.00,100.00,false,1.00,49.90,0.00,true,0,
810400033061,false,אק.טונר ויטמין C מעניק זוהר,CONCEPT LABORATORIES,US,טונר ויטמין C מעניק זוהר,,0.00,100.00,false,1.00,49.90,0.00,true,0,
810400033085,false,אק.טונר הידרו בוסט,CONCEPT LABORATORIES,US,טונר הידרו בוסט,,0.00,100.00,false,1.00,49.90,0.00,true,0,
810400033146,false,אק.מסכת שיער מועשרת בקרטין למראה שיער חל,CONCEPT LABORATORIES,US,מסכת שיער מועשרת בקרטין למראה שיער חלק,,0.00,100.00,false,1.00,49.90,0.00,true,0,
819265006395,false,אק.קרם פנים וידיים מועשר בקולגן,CONCEPT LABORATORIES,US,קרם פנים וידיים מועשר בקולגן,,0.00,100.00,false,1.00,42.90,0.00,true,0,
819265008016,false,אק.סרום פנים אנטי אייגינג מועשר בויטמין,CONCEPT LABORATORIES,US,סרום פנים אנטי אייג'ינג מועשר בויטמין C,,0.00,100.00,false,1.00,54.90,0.01,true,0,
819265008788,false,אק.סרום פנים מועשר בחומצה היאלורונית,CONCEPT LABORATORIES,US,סרום פנים מועשר בחומצה היאלורונית,,0.00,100.00,false,1.00,54.90,0.01,true,0,
819265008801,false,אק.קרם פנים וגוף מועשר בויטמין C,CONCEPT LABORATORIES,US,קרם פנים וגוף מועשר בויטמין C,,0.00,100.00,false,1.00,49.90,0.00,true,0,
819265009600,false,אק.קרם פנים וגוף מועשר בחומצה היאלורונית,CONCEPT LABORATORIES,US,קרם פנים וגוף מועשר בחומצה היאלורונית,,0.00,100.00,false,1.00,42.90,0.00,true,0,
841058005285,false,אדג גל גילוח מועשר בשיבולת שועל 198 גרם,אדג' ג'ל,,ג`ל גילוח מועשר בשיבולת שועל מתאים לקרחת,,0.00,100.00,false,1.00,18.90,0.00,true,0,
885190812554,false,פיקסי  דאבל קלנז- תכשיר ניקוי כפול,General,GB,DOUBLE CLEANSE תכשיר ניקוי כפול,,0.00,0.00,false,1.00,89.00,0.00,true,0,
885190812646,false,פיקסי  תכשיר ניקוי מילקי,General,GB,HYDRATING MILKY תכשיר ניקוי קרמי,,0.00,100.00,false,1.00,89.00,0.00,true,0,
885190821488,false,פיקסי - קולגן טוניק 100 מל,General,GB,COLLAGEN TONIC טונר עשיר המסייע להלחם בסימני גיל ולהענקת מראה עור רענן וחיוני,,0.00,0.00,false,1.00,49.00,0.49,true,0,
885190822089,false,פיקסי מארז 3 מסכות גלואו גליקוליק בוסט מ,General,GB,GLOW GLYCOLIC BOOST מארז מסכות גלואו גליקוליק בוסט מועשרות בחומצה גליקולית,,0.00,0.00,false,1.00,39.00,0.00,true,0,
885190822195,false,פיקסי מארז 3 מסכות בד ממריצות מועשרות בו,General,GB,VITAMIN C SHEET מארז מסכות בד ממריצות מועשרות בויטמין סי,,0.00,0.00,false,1.00,39.00,13.00,true,0,
887167142534,false,אסתי לאודר נייט וור קרם לילה 50 מל,אסתי לאודר,US,NIGHTWEAR PLUS קרם לילה,,0.00,100.00,false,1.00,280.00,0.05,true,0,
887167190597,false,אסתי קצף ניקוי בעל משולשת 45,אלקליל,US,"PERFECTLY קצף ניקוי בעל פעולה משולשת של ניקוי, לחות והסרת איפור",,0.00,100.00,false,1.00,65.00,0.01,true,0,
887167222243,false,אסתי לאודר אדוונס נייט מיקרו ניקוי באלם,אלקליל,JP,ADVANCED NIGHAT MICRO ניקוי באלם,,0.00,0.00,false,1.00,215.00,2.15,true,0,
887167222960,false,אסתי לאודר אמפולות אדוונס נייט ריפר,אלקליל,BE,ADVANCED NIGHT REPAIR אמפולות לחידוש וחיזוק עור הפנים,,0.00,100.00,false,1.00,600.00,0.20,true,0,
887167223769,false,אסתי לאודר אדוונס נייט מיקרו ניקוי קצף,אלקליל,GB,ADVANCED NIGHAT MICRO ניקוי קצף,,0.00,0.00,false,1.00,180.00,1.80,true,0,
887167279995,false,אסתי לאודר קרם לחות למראה מט 50 מל,אסתי לאודר,GB,DAY WEAR MATTE OIL CONTROL קרם לחות,,0.00,100.00,false,1.00,265.00,0.05,true,0,
887167327665,false,אסתי קרם עיניים דיי וור קרם עיניים 15 מל,אסתי לאודר,BE,DAY WEAR קרם עיניים,,0.00,100.00,false,1.00,160.00,0.10,true,0,
887167368637,false,אסתי לאודר רזיליאנס מולטי אפקט קרם פנים,אלקליל,GB,RESILIENCE MULTI - EFFECT קרם פנים וצוואר בעל הגנת SPF15,,0.00,100.00,false,1.00,545.00,0.10,true,0,
887167368651,false,אסתי לאודר רזיליאנס  קרם פנים וצוואר לע,קליניק,US,RESILIENCE MULTI-EFFECT TRI-PEPTIDE קרם פנים וצוואר לעור יבש בעלת הגנת SPF15,,0.00,100.00,false,1.00,545.00,0.10,true,0,
887167368668,false,אסתי לאודר רזיליאנס ליפט-קרם עיניים 15מל,קליניק,GB,RESILENCE MULTI - LIFT EFFECT קרם עיניים,,0.00,100.00,false,1.00,320.00,0.21,true,0,
887167388505,false,אסתי לאודר די וור - קרם לחות בעל מקדם הג,קליניק,BR,DAY WEAR ANTI OXIDANT קרם לחות בעל מקדם הגנה SPF15,,0.00,100.00,false,1.00,265.00,0.05,true,0,
887167393271,false,אסתי אדוונס נייט ריפר גל עיניים 15 מל,אסתי לאודר,GB,ADVANCED NIGHT REPAIR ג'ל לעיניים,,0.00,100.00,false,1.00,310.00,0.20,true,0,
887167412934,false,אסתי לאודר פרפקציוניסט פרו טיפול להבהרה,אלקליל,US,PERFECTIONIST PRO טיפול להבהרה מהירה,,0.00,100.00,false,1.00,580.00,0.11,true,0,
887167445864,false,אסתי לאודר אדוונס נייט ריפר טיפול מרוכז,אסתי לאודר,US,ADVANCED NIGHT REPAIR טיפול מרוכז לאתחול העור,,0.00,100.00,false,1.00,410.00,0.20,true,0,
887167478299,false,אסתי לאודר רויטאליזינג סופרים קרם עוצמתי,אלקליל,US,REVITALIZING SUPREME+ קרם עוצמתי במרקם קליל,,0.00,100.00,false,1.00,500.00,0.10,true,0,
887167485471,false,אסתי אדוונס נייט ריפר סרום מתקדם 30 מל,אלקליל,US,ADVANCED NIGHT REPAIR סרום מתקדם,,0.00,100.00,false,1.00,350.00,0.11,true,0,
887167485488,false,אסתי אדוונס נייט ריפר סרום מתקדם 50 מל,אלקליל,US,ADVANCED NIGHT REPAIR סרום מתקדם,,0.00,100.00,false,1.00,520.00,0.10,true,0,
887167485495,false,אסתי אדוונס נייט ריפר סרום מתקדם 20 מל,אלקליל,US,ADVANCED NIGHT REPAIR סרום מתקדם,,0.00,100.00,false,1.00,240.00,0.12,true,0,
887167485501,false,אסתי אדוונס נייט ריפר סרום מתקדם 75 מל,אלקליל,US,ADVANCED NIGHT REPAIR סרום מתקדם,,0.00,100.00,false,1.00,720.00,0.09,true,0,
887167485556,false,אסתי אדוונס נייט ריפר סרום תיקון מתקדם,אלקליל,US,ADVANCED NIGHT REPAIR סרום תיקון מתקדם,,0.00,100.00,false,1.00,860.00,0.07,true,0,
887167486843,false,אסתי לאודר אדוונס נייט ריפר קרם עיניים ב,אלקליל,GB,ADVANCED NIGHT REPAIR מיני קרם עיניים במרקם ג'ל,,0.00,0.00,false,1.00,95.00,0.00,true,0,
887167486874,false,אסתי אדוונס נייט ריפר תחליב טיפול מרוכז,אלקליל,US,ADVANCED NIGHT REPAIR מיני תחליב טיפול מרוכז לאתחול העור,,0.00,0.00,false,1.00,95.00,0.00,true,0,
887167487604,false,אסתי לאודר די וור - קרם לחות בעל מקדם הג,אסתי לאודר,GB,DAY WEAR ANTI OXIDANT קרם לחות בעל מרקם סורבה מקדם הגנה SPF15,,0.00,100.00,false,1.00,85.00,0.05,true,0,
887167503076,false,אסתי לאודר סופרים+ תחליב לחות אנטי אייגי,אסתי לאודר,KR,REVITALIZING SUPREME + תחליב לחות אנטי אייג'ינג,,0.00,100.00,false,1.00,195.00,0.00,true,0,
887167507739,false,אסתי לאודר רה נטוריב קרם עיניים 15 מל,אלקליל,CA,RE NUTRIV REGENERATING YOUTH קרם עיניים,,0.00,100.00,false,1.00,895.00,0.59,true,0,
887167539525,false,אסתי לאודר סופרים+ קרם לחות לפנים 75 מל,אסתי לאודר,US,REVITALIZING SUPREME + קרם לחות לפנים,,0.00,100.00,false,1.00,640.00,0.08,true,0,
887167539532,false,אסתי לאודר סופרים+ קרם לחות לפנים 50 מל,אסתי לאודר,GB,REVITALIZING SUPREME + קרם לחות לפנים,,0.00,100.00,false,1.00,520.00,0.10,true,0,
887167539549,false,אסתי לאודר סופרים+ קרם לחות לפנים 30 מל,אסתי לאודר,GB,REVITALIZING SUPREME + קרם לחות לפנים,,0.00,100.00,false,1.00,350.00,0.11,true,0,
887167539563,false,אסתי לאודר סופרים+ קרם לחות אנטי אייגינג,אסתי לאודר,GB,"REVITALIZING SUPREME + קרם לחות אנטי אייג'ינג נטול שומן למיצוק, הרמה, לחות וזוהר",,0.00,100.00,false,1.00,520.00,0.10,true,0,
887167539587,false,אסתי לאודר סופרים+ קרם עיניים 15 מל,אסתי לאודר,GB,REVITALIZING SUPREME + קרם עיניים,,0.00,100.00,false,1.00,330.00,0.22,true,0,
887167539594,false,אסתי לאודר סופרים+ קרם לילה לשיקום אינטי,אסתי לאודר,US,REVITALIZING SUPREME + קרם לילה לשיקום אינטינסיבי,,0.00,100.00,false,1.00,540.00,0.10,true,0,
887167554887,false,אסתי אדוונס נייט ריפר קרם עיניים 15 מל,אלקליל,GB,ADVANCED NIGHT REPAIR קרם עיניים מזין וממריץ את העור,,0.00,100.00,false,1.00,330.00,0.22,true,0,
887167566248,false,אסתי לאודר סופרים+ קרם לחות להבהרת העור,אסתי לאודר,US,REVITALIZING SUPREME + קרם לחות להבהרת העור,,0.00,100.00,false,1.00,520.00,0.10,true,0,
887167567290,false,אסתי לאודר סופרים+ קרם לילה לשיקום אינטי,אסתי לאודר,US,REVITALIZING SUPREME + קרם לילה לשיקום אינטינסיבי,,0.00,100.00,false,1.00,375.00,0.12,true,0,
887167574960,false,אסתי אדוונס נייט ריפר סרום מתקדם 15 מל,אלקליל,BE,ADVANCED NIGHT REPAIR סרום מתקדם,,0.00,100.00,false,1.00,185.00,0.12,true,0,
887167583344,false,אסתי לאודר רנוטריב סט קרמי עיניים יוקרתי,אלקליל,CA,RE-NUTRIV REGENERATING YOUTH HERO סט קרם עיניים + קרם עיניים + קרם עיניים,,0.00,0.00,false,1.00,920.00,0.00,true,0,
887167584587,false,אסתי פרפקציוניסט פרו סט למראה עור מורם ו,אלקליל,US,PERFECTIONIST PRO סט סרום + סרום + קרם פנים + קרם עיניים,,0.00,0.00,false,1.00,620.00,0.00,true,0,
887961744545,false,ברבי מארז בובה עם מגוון בגדים ואביזרים,לייף,IL,ברבי מארז בובה עם מגוון בגדים ואביזרים,,0.00,0.00,false,1.00,79.90,0.00,true,0,
888849004614,false,קווסט חטיף חלבון בטעם מאפין אוכמניות,סיטי ספורט,HU,קווסט חטיף חלבון בטעם מאפין אוכמניות,,0.00,100.00,false,1.00,18.90,0.00,true,0,
3014260022730,false,מב.שיניים אדוונטג 40 מדיום אורל בי זוג,דיפלומט מפיצים 1968 בעמ,IE,מברשת שיניים אדוונטג' 40 מדיום,,0.00,0.00,false,1.00,24.90,12.45,true,0,
3014260095727,false,אורל בי קרוס אקשן קומפליט 7 40 זוג,פרוקטר & גמבל,DE,PRO-EXPERT מברשת שיניים להגנה מקיפה M-40,,0.00,0.00,false,1.00,42.90,21.45,true,0,
3014260100636,false,מברשת שיניים לילדים 0-2 אורל בי,דיפלומט מפיצים (1968) בעמ,IE,BABY מברשת שיניים לגילאים 0-2 שנים,,0.00,0.00,false,1.00,16.90,0.00,true,0,
3014260100698,false,אורל בי מברשת שיניים ילדים 6-12 שנים,פרוקטר אנד גמבל,IE,JUNIOR מברשת שיניים לגילאים 6-12 שנים,,0.00,0.00,false,1.00,16.90,0.00,true,0,
3014260101015,false,אורל בי מברשת שיניים לטיפול בחניכיים,פרוקטר אנד גמבל,DE,אורל בי מברשת שיניים לטיפול בחניכיים,,0.00,0.00,false,1.00,19.90,19.90,true,0,
3014260106423,false,אורל בי מברשת שיניים במבוק סופט,דיפלומט,IN,מברשת שיניים במבוק סופט,,0.00,0.00,false,1.00,19.90,0.00,true,0,
3014260240226,false,"קצף גילוח ג'ילט לעור רגיש 200 מ""ל",דיפלומט מפיצים (1986) בע`מ,,קצף גילוח קלסיק לעור רגיש,"מ""ל",200.00,100.00,false,1.00,16.90,0.00,true,0,
3014260258313,false,גילט סירייס אפטר שייב ספלאש AI,General,,אפטר שייב ספלאש,,0.00,0.00,false,1.00,66.90,0.66,true,0,
3014260262693,false,ונוס מכשיר גילוח נשים+ 2 סכיני גילוח+מתק,דיפלומט מפיצים 1968 בעמ,,מכשיר גילוח קלאסי רב פעמי + 2 סכינים,,0.00,0.00,false,1.00,38.90,0.00,true,0,
3014260262709,false,סכיני גילוח לאישה 3 להבים,דיפלומט מפיצים (1968) בעמ,,מחסנית סכיני גילוח לנשים רב פעמי,,0.00,0.00,false,1.00,50.90,12.72,true,0,
3014260274924,false,גילט מאך 3 טורבו סכיני גילוח 8 יחידות,פרוקטר אנד גמבל,PL,מאך 3 טורבו - מחסנית סכיני גילוח רב פעמיים,,0.00,0.00,false,1.00,118.90,14.86,true,0,
3014260280772,false,אורל בי חוט דנטלי שעוה מנטה,דיפלומט מפיצים (1968) בעמ,,חוט דנטלי מנטה עם שעווה,,0.00,1.00,false,1.00,21.90,0.43,true,0,
3014260284350,false,גילט גל אפטר שייב לאחר הגילוח 75 מל,פרוקטר אנד גמבל,FR,אפטר שייב לעור רגיש,,0.00,100.00,false,1.00,39.90,0.00,true,0,
3014260289287,false,סכין גילוח גילט בלו 2 לנשים-חמישייה,דיפלומט מפיצים (1968) בעמ,,בלו 2- סכיני גילוח חד פעמיים,,0.00,0.00,false,1.00,16.90,3.38,true,0,
3014260836665,false,אורל בי פרו אקספרט להגנה מקיפה 35 רך זוג,פרוקטר אנד גמבל,IE,PRO-EXPERT מברשת שיניים להגנה מקיפה 35 רך,,0.00,0.00,false,1.00,42.90,21.45,true,0,
3059940007768,false,"מבשם אוויר אירוויק ספריי וניל אורכידאה 240 מ""ל",רקיט בנקיזר (ניר איסט) בעמ,HU,מטהר אוויר ספריי וניל,,0.00,100.00,false,1.00,9.90,0.00,true,0,
3059943015104,false,"אירוויק מבשם אויר נטול גז בניחוח פריסיה ויסמין 345 מ""ל",רקיט בנקיזר (ניר איסט) בעמ,PL,ספריי נטול גז פריסיה ויסמין,,0.00,100.00,false,1.00,15.90,0.00,true,0,
3059943015128,false,מבשם אוויר נטול גז אקווה מיסט בניחוח לבנדר פראי ואוויר הרים,רקיט בנקיזר (ניר איסט) בעמ,,מבשם אוויר אקווה מיסט נטול גז לבנדר,,0.00,100.00,false,1.00,15.90,0.00,true,0,
3059943016507,false,"אירוויק ספריי בניחוח לבנדר וקמומיל 240 מ""ל",רקיט בנקיזר (ניר איסט) בעמ,HU,ספריי בניחוח לבנדר וקמומיל,,0.00,100.00,false,1.00,9.90,0.00,true,0,
3059944021197,false,"ויט קרם להסרת שיער לעור רגיש (אריזת חיסכון) 400 מ""ל",רקיט בנקיזר (ניר איסט) בעמ,,קרם להסרת שיער לעור רגיש,"מ""ל",400.00,100.00,false,1.00,59.90,0.00,true,0,
3141360054405,false,פיניש מפיץ ריח למדיח בניחוח לימון וליים,רקיט בנקיזר (ניר איסט) בעמ,HU,מפיץ ריח למדיח עד 60 הדחות בניחוח לימון,,0.00,100.00,false,1.00,20.90,0.04,true,0,
3178041309776,false,דיאדרמין ליפט+ סופרפילר קרם לילה 50 מל,הנקל סוד,SI,LIFT+ SUPER FILLER קרם לילה,,0.00,100.00,false,1.00,69.90,0.01,true,0,
3178041309783,false,דיאדרמין ליפט+ סופרפילר קרם יום 50 מל,הנקל סוד,SI,LIFT+ SUPER FILLER קרם יום,,0.00,100.00,false,1.00,69.90,0.01,true,0,
3178041321990,false,דיאדרמין תחליב מיסלרי מרגיע 400 מל,הנקל סוד,SI,COMFORTING MICELLAR תחליב מיסלרי מרגיע,,0.00,100.00,false,1.00,39.90,0.00,true,0,
3178041328814,false,דיאדרמין ליפט + קרם עיניים,הנקל סוד,SI,LIFT+ קרם עיניים,,0.00,100.00,false,1.00,59.90,0.03,true,0,
3178041328890,false,דיאדרמין הידרליסט מסכת לילה 100 מל,הנקל סוד,SI,HYDRALIST מסכת לילה,,0.00,0.00,false,1.00,49.90,0.49,true,0,
3178041328906,false,דיאדרמין הידרליסט קרם לחות קטיפתי 50 מל,הנקל סוד,SI,HYDRALIST קרם לחות קטיפתי,,0.00,100.00,false,1.00,49.90,0.00,true,0,
3178041328913,false,דיאדרמין הידרליסט תרסיס לחות עדין,הנקל סוד,SI,HYDRALIST תרסיס לחות עדין,,0.00,0.00,false,1.00,49.90,0.49,true,0,
3178041328920,false,דיאדרמין הידרליסט גל לחות 50 מל,הנקל סוד,SI,HYDRALIST ג'ל לחות,,0.00,100.00,false,1.00,49.90,0.00,true,0,
3178041332828,false,דיאדרמין הידרליסט מסכה מרעננת לעור,הנקל סוד,SI,HYDRALIST מסכה מרעננת לעור,,0.00,0.00,false,1.00,14.90,0.00,true,0,
3178041334013,false,דיאדרמין תרחיץ גל מסלרי לניקוי פנים 150,הנקל סוד,SI,תרחיץ ג'ל מסלרי לניקוי פנים,,0.00,100.00,false,1.00,29.90,0.00,true,0,
3178041334273,false,דיאדרמין ליפט+ סופרפילר סרום 40 מל,הנקל סוד,SI,LIFT+ SUPER FILLER סרום,,0.00,100.00,false,1.00,69.90,0.01,true,0,
3178041337724,false,דיאדרמין אקספרט קרם לילה לפעולת זוהר אינ,הנקל סוד,SI,EXPERT ACTIVE GLOW קרם לילה לפעולת זוהר אינטנסיבית,,0.00,100.00,false,1.00,79.90,0.01,true,0,
3178041337731,false,דיאדרמין אקספרט קרם יום לפעולת זוהר אינט,הנקל סוד,SI,EXPERT ACTIVE GLOW קרם יום לפעולת זוהר אינטנסיבית,,0.00,100.00,false,1.00,79.90,0.01,true,0,
3178041337748,false,דיאדרמין אקספרט סרום לפעולת זוהר אינטנסי,הנקל סוד,SI,EXPERT ECLAT INTENSE סרום לפעולת זוהר אינטנסיבית,,0.00,100.00,false,1.00,79.90,0.01,true,0,
3178041343121,false,דיאדרמין בטולוגי קרם יום נגד קמטים 50 מ,הנקל סוד,SI,BOTOLOGY קרם יום נגד קמטים,,0.00,100.00,false,1.00,59.90,0.01,true,0,
3178041343145,false,דיאדרמין בטולוגי קרם לילה נגד קמטים 50 מ,הנקל סוד,SI,BOTOLOGY קרם לילה נגד קמטים,,0.00,100.00,false,1.00,59.90,0.01,true,0,
3178041349062,false,דיאדרמין פיטו רטינול קרם לחות 50 מל,הנקל סוד,SI,PHYTO RETINOL קרם לחות,,0.00,100.00,false,1.00,59.90,0.01,true,0,
3178041349109,false,דיאדרמין פיטו רטינול קרם לילה 50 מל,הנקל סוד,SI,PHYTO RETINOL קרם לילה,,0.00,100.00,false,1.00,59.90,0.01,true,0,
3178041349123,false,דיאדרמין פיטו רטינול קרם עיניים 15 מל,הנקל סוד,SI,PHYTO RETINOL קרם עיניים,,0.00,100.00,false,1.00,59.90,0.03,true,0,
3178041354615,false,דיאדרמין בטולוגי סרום יופי ללילה 30 מל,הנקל סוד,SI,BOTOLOGY סרום יופי ללילה,,0.00,100.00,false,1.00,59.90,0.01,true,0,
3178044040652,false,דיאדרמין מסיר איפור לעיניים 125 מל,הנקל סוד,SI,מסיר איפור לעיניים,,0.00,100.00,false,1.00,24.90,0.00,true,0,
3282770014129,false,דרמליבור ג'ל רחצה מקציף עם קופר זינק לעור מגורה,מדיליין פריגו,FR,דרמליבור ג'ל רחצה מקציף עם קופר זינק לעור מגורה,,0.00,100.00,false,1.00,99.00,0.00,true,0,
3282770037036,false,אדרמה פיזאק גל לניקוי עור פנים הנוטה לפצ,מדיליין פריגו,FR,פיזאק ג'ל לניקוי עור פנים הנוטה לפצעונים,,0.00,100.00,false,1.00,99.90,0.00,true,0,
3282770072761,false,א-דרמה פרוטקט קרם הגנה מהשמש +SPF50,מדיליין פריגו,FR,פרוטקט קרם הגנה מהשמש +SPF50,,0.00,100.00,false,1.00,139.90,0.00,true,0,
3282770074628,false,"אקסאומגה קונטרול באלם לטיפול בעור מגורה, אדמומי ויבש",מדיליין פריגו,FR,"אקסאומגה קונטרול באלם במרקם עשיר לטיפול בעור מגורה, אדמומי ויבש",,0.00,100.00,false,1.00,149.90,0.00,true,0,
3282770108668,false,אדרמה גל רחצה הידרה פרוטקטיב 200 מל,מדיליין פריגו,FR,ג'ל רחצה הידרה פרוטקטיב ללא סבון היפואלרגני,,0.00,100.00,false,1.00,79.90,0.00,true,0,
3282770111293,false,א-דרמה אקסאומגה ג'ל רחצה לגוף ולשיער,מדיליין פריגו,FR,אקסאומגה ג'ל רחצה לגוף ולשיער,,0.00,100.00,false,1.00,88.90,0.00,true,0,
3282770112634,false,אוון קליננס SPF50 תחליב הגנה לעור שמן 50,מדיליין פריגו,FR,תחליב הגנה קליננס לעור שומני +SPF50,,0.00,100.00,false,1.00,109.90,0.02,true,0,
3282770112689,false,אוון תחליב הגנה מהשמש +SPF50 עם גוון,מדיליין פריגו,FR,תחליב הגנה מהשמש +SPF50 עם גוון Tinted,,0.00,100.00,false,1.00,109.90,0.02,true,0,
3282770139181,false,א-דרמה אקסאומגה קונטרול ספריי 200 מל,מדיליין פריגו,FR,אקסאומגה קונטרול ספריי,,0.00,100.00,false,1.00,139.90,0.00,true,0,
3282770141214,false,אוון אינטנס פרוטקט הגנה מהשמש +SPF50,מדיליין פריגו,FR,אינטנס פרוטקט תחליב הגנה מהשמש +SPF50,,0.00,100.00,false,1.00,149.90,0.00,true,0,
3282770202854,false,אוון קליננס קומדומד לטיפול בפצעונים 30 מ,מדיליין פריגו,FR,קליננס קומדומד מסייע לטיפול בפצעונים,,0.00,100.00,false,1.00,129.90,0.04,true,0,
3282770204667,false,אוון סיקלפאט+ 40 מל,מדיליין פריגו,FR,סיקלפאט+ קרם משקם ומטפל בעור פגוע ומגורה,,0.00,100.00,false,1.00,59.90,0.01,true,0,
3282770205633,false,אוון סיקלפאט+ ספריי 100 מל,מדיליין פריגו,FR,סיקלפאט+ ספריי מייבש מסייע לשקם ולטפל בעור פגוע ומגורה,,0.00,0.00,false,1.00,89.90,0.89,true,0,
3282770209648,false,א-דרמה קוטלגן תרסיס להרגעת העור 100 מל,מדיליין פריגו,FR,קוטלגן תרסיס להרגעת העור,,0.00,0.00,false,1.00,89.90,0.89,true,0,
3282771189987,false,אוון מים טרמליים 50 מל,מדיליין פריגו,,מים טרמליים,,0.00,100.00,false,1.00,29.90,0.00,true,0,
3282771197494,false,"אוון מים תרמליים 150 מ""ל",מדיליין פריגו,,מים טרמליים,"מ""ל",150.00,100.00,false,1.00,49.90,0.00,true,0,
3282779040884,false,אוון הידרנס אופטימל קל,מדיליין פריגו,,"קרם במרקם קל לשימוש יומיומי לעור רגיש, רגיל עד מעורב היפואלרגני",,0.00,100.00,false,1.00,119.90,0.02,true,0,
3282779040891,false,אוון הידרנס אופטימל עשיר,מדיליין פריגו,,"קרם לחות לעור רגיש ,יבש עד יבש במיוחד היפואלרגני",,0.00,100.00,false,1.00,119.90,0.02,true,0,
3282779051347,false,אוון מיסיולר נקוי משולב 200 מל,מדיליין פריגו,,מים מיסלריים,"מ""ל",200.00,100.00,false,1.00,64.90,0.00,true,0,
3282779206297,false,אוון הידרנס אופטימל עשיר SPF30,מדיליין פריגו,,הידרנס קרם לחות במרקם עשיר SPF 30,,0.00,100.00,false,1.00,129.90,0.03,true,0,
3282779206310,false,אוון הידרנס אופטימל קל UV20,מדיליין פריגו,,תחליב לחות במרקם קל לעור רגיל עד מעורב 30 SPF,,0.00,100.00,false,1.00,129.90,0.03,true,0,
3282779208550,false,א-דרמה אקסאומגה קונטרול קרם להרגעת העור,מדיליין פריגו,FR,אקסאומגה קרם לחות פנים וגוף להרגעת העור,,0.00,100.00,false,1.00,149.90,0.00,true,0,
3282779234832,false,אוון קרם הזנה 50 מל,מדיליין פריגו,,"קרם הזנה עור רגיש, יבש ויבש במיוחד",,0.00,100.00,false,1.00,199.90,0.03,true,0,
3282779246064,false,א-דרמה אקסאומגה קונטרול שמן ניקוי לגוף ולפנים,מדיליין פריגו,,אקסאומגה קונטרול שמן ניקוי לגוף ולפנים,,0.00,100.00,false,1.00,109.90,0.00,true,0,
3282779247825,false,א-דרמה אקסאומגה תחליב להרגעת העור,מדיליין פריגו,,אקסאומגה תחליב להרגעת העור,,0.00,100.00,false,1.00,149.90,0.00,true,0,
3282779275699,false,אוון הגנה גבוהה קרם מינרלי 50 מל +SPF50,מדיליין פריגו,,הגנה גבוהה מהשמש קרם מינרלי +SPF50 בגוון בהיר,,0.00,100.00,false,1.00,109.90,0.02,true,0,
3282779349680,false,קלינס ג'ל לניקוי לעור שמן ומעורב Cleanance Gel,מדיליין פריגו,FR,קליננס ג'ל ניקוי פנים לעור שומני,,0.00,100.00,false,1.00,99.00,0.00,true,0,
3282779350655,false,אוון קצף ניקוי למראה מט 150 מל,מדיליין פריגו,FR,"קצף ניקוי לפנים לעור רגיש, רגיל עד מעורב",,0.00,100.00,false,1.00,129.90,0.00,true,0,
3282779369077,false,א-דרמה אקסאומגה DEFI קרם 200 מל,מדיליין פריגו,,אקסאומגה DEFI קרם לפנים ולגוף,,0.00,100.00,false,1.00,129.90,0.00,true,0,
3282779369084,false,א-דרמה אקסאומגה DEFI באלם 200 מל,מדיליין פריגו,,אקסאומגה DEFI באלם,,0.00,100.00,false,1.00,129.90,0.00,true,0,
3282779402705,false,אוון הגנה אמולסיה 50 מל +SPF50,מדיליין פריגו,,תחליב הגנה +SPF50 לעור רגיל עד מעורב,,0.00,100.00,false,1.00,109.90,0.02,true,0,
3282779402729,false,אוון אמולסיה הגנה ללא ריח 50 מל +SPF50,מדיליין פריגו,,תחליב הגנה +SPF50 ללא בישום לעור רגיל עד מעורב,,0.00,100.00,false,1.00,109.90,0.02,true,0,
3282779402781,false,אוון קרם הגנה 50 מל +SPF50,מדיליין פריגו,,קרם הגנה מהשמש +SPF50 לעור יבש,,0.00,100.00,false,1.00,109.90,0.02,true,0,
3282779402798,false,אוון קרם הגנה ללא בישום 50 מל +SPF50,מדיליין פריגו,,קרם הגנה ללא בישום +SPF50 לעור יבש,,0.00,100.00,false,1.00,109.90,0.02,true,0,
3282779402859,false,אוון ספריי הגנה 200 מל SPF50+,מדיליין פריגו,,ספריי הגנה מהשמש עם +SPF50,,0.00,100.00,false,1.00,139.90,0.00,true,0,
3282779402903,false,אוון תחליב הגנה לילדים 100 מל +SPF50,מדיליין פריגו,,תחליב הגנה לילדים +SPF50,,0.00,0.00,false,1.00,109.90,1.09,true,0,
3282779405447,false,אוון קסרה קאלם שמן ניקוי 400 מל,מדיליין פריגו,FR,קסרה קאלם שמן ניקוי,,0.00,100.00,false,1.00,119.90,0.00,true,0,
3282779405485,false,אוון קסרה קאלם A.D קרם עשיר במיוחד 200מל,מדיליין פריגו,FR,קסרה קאלם A.D קרם עשיר במיוחד,,0.00,100.00,false,1.00,129.90,0.00,true,0,
3282779405553,false,אוון קסרה קאלם A.D קרם 200 מל,מדיליין פריגו,FR,קסרה קאלם A.D קרם,,0.00,100.00,false,1.00,129.90,0.00,true,0,
3337871307745,false,וישי נוטרילוגי 2 קרם פנים לעור יבש מאוד,INTERBEAUTY VLC,FR,נוטרילוג'י 2 קרם פנים לעור יבש מאוד,,0.00,100.00,false,1.00,149.90,0.02,true,0,
3337871308612,false,וישי או טרמל מי מעיינות טרמליים 150 גרם,נורוליס,FR,או טרמל מי מעיינות טרמליים,,0.00,100.00,false,1.00,39.90,0.00,true,0,
3337871310592,false,וישי דאודורנט ספריי אנטי פרספירנט 48 ש,INTERBEAUTY VLC,FR,דאודורנט ספריי אנטי פרספירנט 48 שעות,,0.00,100.00,false,1.00,49.90,0.00,true,0,
3337871319144,false,וישי פיורטה טרמל 3ב1 תחליב לניקוי הפנים,INTERBEAUTY VLC,FR,פיורטה טרמל 3ב1 תחליב לניקוי הפנים והעיניים,,0.00,100.00,false,1.00,79.90,0.00,true,0,
3337871320300,false,דאודורנט רול און 48 שעות תכשיר אנטי פרספרנט,INTERBEAUTY VLC,FR,דאודורנט רול און אנטי פרספירנט 48 שעות,,0.00,100.00,false,1.00,49.90,0.00,true,0,
3337871320324,false,דאודורנט רול און לעור רגיש ולאחר הסרת שיער,נורוליס,FR,דאודורנט רול און לעור רגיש אנטי פרספירנט 48 שעות,,0.00,100.00,false,1.00,49.90,0.00,true,0,
3337871320362,false,דאודורנט רול און אנטי-פרספירנט לגבר 72 שעות,INTERBEAUTY VLC,FR,דאודורנט רול און אנטי פרספירנט לגבר 72 שעות,,0.00,100.00,false,1.00,49.90,0.00,true,0,
3337871320980,false,וישי פיורטה טרמל מוס מקציף לניקוי הפנים,נורוליס,FR,פיורטה טרמל מוס מקציף לניקוי הפנים,,0.00,100.00,false,1.00,89.90,0.00,true,0,
3337871322083,false,וישי נאובדיול קונטור שפתיים ועיניים,INTERBEAUTY VLC,FR,נאובדיול קונטור שפתיים ועיניים,,0.00,100.00,false,1.00,189.90,0.12,true,0,
3337871322243,false,וישי דרקוס שמפו אנרגטי,INTERBEAUTY VLC,FR,דרקוס שמפו אנרגטי,,0.00,100.00,false,1.00,69.90,0.00,true,0,
3337871322502,false,ליפטאקטיב - קרם לילה לטיפול בקמטים ומיצוק העור,INTERBEAUTY VLC,FR,ליפטאקטיב סופרים קרם פנים ללילה,,0.00,100.00,false,1.00,199.90,0.03,true,0,
3337871322595,false,וישי דאודורנט רול און ללא אלומיניום 24 ש,נורוליס,FR,דאודורנט רול און ללא אלומיניום 24 שעות,,0.00,100.00,false,1.00,49.90,0.00,true,0,
3337871323332,false,ליפטאקטיב סופרים - קרם עיניים,INTERBEAUTY VLC,FR,ליפטאקטיב סופרים קרם עיניים,,0.00,100.00,false,1.00,169.90,0.11,true,0,
3337871323394,false,וישי דרקוס שמפו נגד קשקשים לקרקפת רגישה,INTERBEAUTY VLC,FR,דרקוס שמפו נגד קשקשים לקרקפת רגישה,,0.00,100.00,false,1.00,49.90,0.00,true,0,
3337871323622,false,וישי תחליב הגנה לפנים SPF50 לעור מעורב-,INTERBEAUTY VLC,FR,תחליב הגנה לפנים SPF50 לעור מעורב עד שמן,,0.00,100.00,false,1.00,89.90,0.01,true,0,
3337871323646,false,וישי נאובדיול מגיסטרל קרם יום לפנים,INTERBEAUTY VLC,FR,נאובדיול מג'יסטרל קרם יום לפנים,,0.00,100.00,false,1.00,219.90,0.04,true,0,
3337871324001,false,וישי דאודורנט רול און סטרס רזיסט 72 שעות,INTERBEAUTY VLC,FR,דאודורנט רול און סטרס רזיסט 72 שעות,,0.00,100.00,false,1.00,49.90,0.00,true,0,
3337871324445,false,וישי קרם הגנה לפנים SPF+50 לעור רגיל-יבש,נורוליס,FR,קרם הגנה לפנים +SPF50 לעור רגיל עד יבש,,0.00,100.00,false,1.00,89.90,0.01,true,0,
3337871324568,false,וישי אקוואליה טרמל ספא קרם פנים ללילה 75,INTERBEAUTY VLC,FR,אקוואליה טרמל ספא קרם פנים ללילה,,0.00,100.00,false,1.00,139.90,0.01,true,0,
3337871324599,false,וישי דאודורנט רול און ללא סימן לבן 48 שע,INTERBEAUTY VLC,FR,דאודורנט רול און אנטי פרספירנט אינו משאיר סימנים על הבגדים 48 שעות,,0.00,100.00,false,1.00,49.90,0.00,true,0,
3337871325770,false,וישי ספריי הגנה שקוף SPF+50,INTERBEAUTY VLC,FR,ספריי הגנה שקוף +SPF50,,0.00,100.00,false,1.00,109.90,0.00,true,0,
3337871325787,false,וישי קפיטל סוליי BB קרם הגנה SPF50,נורוליס,FR,קפיטל סוליי BB קרם הגנה עם גוון SPF50,,0.00,100.00,false,1.00,99.90,0.03,true,0,
3337871328795,false,ליפטאקטיב סופרים קרם פנים לעור רגיל-מעורב,INTERBEAUTY VLC,FR,ליפטאקטיב סופרים קרם פנים לעור רגיל-מעורב,,0.00,100.00,false,1.00,189.90,0.03,true,0,
3337871328801,false,ליפטאקטיב סופרים קרם פנים לעור יבש,INTERBEAUTY VLC,FR,ליפטאקטיב סופרים קרם פנים לעור יבש,,0.00,100.00,false,1.00,189.90,0.03,true,0,
3337871330019,false,דרקוס נאוג'ניק שמפו לטיפול בשיער דליל,INTERBEAUTY VLC,FR,דרקוס נאוג'ניק שמפו לטיפול שיער דליל,,0.00,100.00,false,1.00,69.90,0.00,true,0,
3337871330118,false,אידיאליה - קרם פנים משקם ללילה,נורוליס,FR,אידיאליה קרם פנים משקם ללילה,,0.00,100.00,false,1.00,174.90,0.03,true,0,
3337871330125,false,וישי פיורטה טרמל גל ניקוי מרענן לפנים,INTERBEAUTY VLC,FR,פיורטה טרמל ג'ל ניקוי מרענן לפנים,,0.00,100.00,false,1.00,79.90,0.00,true,0,
3337871330163,false,אקוואליה טרמל ג'ל עיניים מעורר ומרענן,INTERBEAUTY VLC,FR,אקוואליה טרמל ג'ל עיניים,,0.00,100.00,false,1.00,109.90,0.07,true,0,
3337871330286,false,וישי דרקוס שמפו נגד קשקשים לשיער רגיל-שמ,INTERBEAUTY VLC,FR,דרקוס שמפו נגד קשקשים לשיער רגיל עד שמן,,0.00,100.00,false,1.00,49.90,0.00,true,0,
3337871331887,false,וישי נאובדיול קומפלקס קרם פנים רגיל-מעור,נורוליס,FR,נאובדיול קומפלקס קרם פנים מתקדם לעור רגיל עד מעורב,,0.00,100.00,false,1.00,209.90,0.04,true,0,
3337871331948,false,נאובדיול קומפלקס - קרם לעור בוגר עור יבש,INTERBEAUTY VLC,FR,נאובדיול קומפלקס קרם פנים מתקדם לעור יבש,,0.00,100.00,false,1.00,209.90,0.04,true,0,
3337872410338,false,פיזיולוג'יקל מי מיסלייר - להסרת איפור,לה רוש-פוזה La Roche-Posay,FR,פיזיולוג'יקל מים מיסלריים אולטרה,,0.00,100.00,false,1.00,80.00,0.00,true,0,
3337872411083,false,לרפ אפקלאר ג'ל מקציף לניקוי הפנים 200 מל,לה רוש-פוזה La Roche-Posay,FR,אפקלאר ג'ל מקציף לניקוי הפנים,,0.00,100.00,false,1.00,78.90,0.00,true,0,
3337872413025,false,אפקלאר מאט קרם יום לאיזון רמת השומן בעור,לה רוש-פוזה La Roche-Posay,FR,אפקלאר מאט קרם לחות לאיזון רמת השומן בעור,,0.00,100.00,false,1.00,98.90,0.02,true,0,
3337872413148,false,לרפ פיזיולוג'יקל מוס מקציף לניקוי 150 מל,לה רוש-פוזה La Roche-Posay,FR,פיזיולוג'יקל מוס מקציף לניקוי,,0.00,100.00,false,1.00,90.00,0.00,true,0,
3337872413575,false,נוטריטיק אינסטנס ריצ' - לעור יבש עד יבש במיוחד,לה רוש-פוזה La Roche-Posay,FR,נוטריטיק אינסטנס ריצ' צנצנת,,0.00,100.00,false,1.00,179.00,0.03,true,0,
3337872414107,false,לרפ פיגמנטקלר סרום לכתמי פיגמנטציה 30 מל,לה רוש-פוזה La Roche-Posay,FR,פיגמנטקלר סרום לכתמי פיגמנטציה,,0.00,100.00,false,1.00,228.90,0.07,true,0,
3337872414145,false,לרפ סיקאפלסט קרם ידיים משקם 50 מל,לה רוש-פוזה La Roche-Posay,FR,סיקאפלסט קרם ידיים משקם,,0.00,100.00,false,1.00,55.00,0.01,true,0,
3337872414152,false,לרפ פיגמנטקלר קרם עיניים 15 מל,לה רוש-פוזה La Roche-Posay,FR,פיגמנטקלר קרם עיניים,,0.00,100.00,false,1.00,169.00,0.11,true,0,
3337872414176,false,לרפ פיגמנטקלר SPF30 קרם יום 40 מל,לה רוש-פוזה La Roche-Posay,FR,פיגמנטקלר SPF30 קרם יום,,0.00,100.00,false,1.00,189.00,0.04,true,0,
3337872418785,false,"ליפיקאר ג'ל לבנט לרחצה 400 מ""ל",לה רוש-פוזה La Roche-Posay,FR,ליפיקאר ג'ל לבנט לרחצה,,0.00,100.00,false,1.00,79.00,0.00,true,0,
3337875414111,false,וישי נורמדרם קרם לחות לפנים 24 שעות,INTERBEAUTY VLC,FR,נורמדרם קרם לחות לפנים 24 שעות,,0.00,100.00,false,1.00,99.90,0.01,true,0,
3337875419802,false,וישי קרם הגנה לפנים עם גוון 3ב-1 SPF50,נורוליס,FR,קרם הגנה לפנים עם גוון 3ב-1 SPF50,,0.00,100.00,false,1.00,109.90,0.02,true,0,
3337875474344,false,לרפ טולריאן אולטרה קרם לחות ללילה 40 מל,לה רוש-פוזה La Roche-Posay,FR,טולריאן אולטרה קרם לחות ללילה,,0.00,100.00,false,1.00,149.90,0.03,true,0,
3337875483940,false,וישי נאובדיול קומפלקס קרם פנים ללילה,INTERBEAUTY VLC,FR,נאובדיול קומפלקס קרם פנים ללילה,,0.00,100.00,false,1.00,219.90,0.04,true,0,
3337875491563,false,וישי אידיאליה קרם יום לפנים לעור יבש,INTERBEAUTY VLC,FR,אידיאליה קרם יום לפנים לעור יבש,,0.00,100.00,false,1.00,164.90,0.03,true,0,
3337875498234,false,סלואו אייג' - תחליב יום להפחתת מראה סימני הגיל,INTERBEAUTY VLC,FR,סלואו אייג' תחליב יום,,0.00,100.00,false,1.00,179.90,0.03,true,0,
3337875508896,false,וישי מסכת פילינג לעור זוהר לפנים,INTERBEAUTY VLC,FR,מסכת פילינג לעור זוהר לפנים,,0.00,100.00,false,1.00,119.90,0.01,true,0,
3337875508933,false,מסכת חימר מטהרת - לפתיחת נקבוביות,INTERBEAUTY VLC,FR,מסכת חימר מטהרת לפנים,,0.00,100.00,false,1.00,119.90,0.01,true,0,
3337875522748,false,אמינקסיל קליניקל אמפולות לחיזוק סיב השערה לגברים,INTERBEAUTY VLC,FR,DERCOS אמינקסיל קליניקל- אמפולות לגברים לחיזוק סיב השערה,,0.00,0.00,false,1.00,299.90,14.28,true,0,
3337875522786,false,אמינקסיל קליניקל אמפולות לחיזוק סיב השערה לנשים,INTERBEAUTY VLC,FR,DERCOS אמינקסיל קליניקל - אמפולות לנשים לחיזוק סיב השערה,,0.00,0.00,false,1.00,299.90,14.28,true,0,
3337875537308,false,לרפ ליפיקאר סינדט AP+ קרם ג'ל לרחצה 200,INTERBEAUTY VLC,FR,ליפיקאר סינדט AP+ קרם ג'ל לרחצה,,0.00,100.00,false,1.00,75.00,0.00,true,0,
3337875537315,false,לרפ ליפיקאר סינדט AP+ קרם ג'ל לרחצה 400,לה רוש-פוזה La Roche-Posay,FR,ליפיקאר סינדט AP+ קרם רחצה לעור יבש,,0.00,100.00,false,1.00,103.90,0.00,true,0,
3337875543248,false,מינרל 89 ג'ל - בוסטר יומי לחיזוק והזנת העור,INTERBEAUTY VLC,FR,מינרל 89 בוסטר במרקם ג'ל לפנים,,0.00,100.00,false,1.00,129.90,0.02,true,0,
3337875545891,false,לרפ אנתליוס XL דריי טאצ עם גוון להגנה מה,INTERBEAUTY VLC,FR,אנתליוס XL דריי טאצ עם גוון להגנה מהשמש +SPF50,,0.00,100.00,false,1.00,99.00,0.01,true,0,
3337875546706,false,לרפ אנתליוס ווט סקין לילדים להגנה מהשמש,נורוליס,FR,אנתליוס ווט סקין לילדים להגנה מהשמש +SPF50,,0.00,100.00,false,1.00,149.00,0.00,true,0,
3337875548519,false,סיקאפלסט לבנט B5 ג'ל מקציף לניקוי פנים וגוף,לה רוש-פוזה La Roche-Posay,FR,סיקאפלסט לבנט גל מקציף לניקוי,,0.00,100.00,false,1.00,64.00,0.00,true,0,
3337875548533,false,לרפ אנתליוס XL ווט סקין מבוגרים להגנה מה,INTERBEAUTY VLC,FR,אנתליוס XL ווט סקין ג'ל מבוגרים להגנה מהשמש +SPF50,,0.00,100.00,false,1.00,149.00,0.00,true,0,
3337875549530,false,לרפ אנתליוס ספריי שקוף להגנה מהשמש SPF50,INTERBEAUTY VLC,FR,אנתליוס ספריי שקוף לפנים להגנה מהשמש +SPF50,,0.00,100.00,false,1.00,99.00,0.01,true,0,
3337875552066,false,סלואו אייג' - קרם יום SPF 30,INTERBEAUTY VLC,FR,סלואו אייג' קרם יום,,0.00,100.00,false,1.00,179.90,0.03,true,0,
3337875552127,false,ליפיקאר תחליב גוף לטיפול בעור רגיל,לה רוש-פוזה La Roche-Posay,FR,ליפיקאר לאיט תחליב גוף,,0.00,100.00,false,1.00,134.00,0.00,true,0,
3337875553278,false,וישי דאודורנט רול און מינרלי 48 שעות,INTERBEAUTY VLC,FR,דאודורנט רול און מינרלי 48 שעות,,0.00,100.00,false,1.00,49.90,0.00,true,0,
3337875574358,false,וישי דרקוס דנסי סולושנס שמפו מעבה 250 מל,INTERBEAUTY VLC,FR,דרקוס דנסי סולושנס שמפו מעבה לטיפול בשיער חלש ודליל,,0.00,100.00,false,1.00,59.90,0.00,true,0,
3337875574372,false,וישי דנסי סולושנס תרסיס מרוכז לשיער 100,INTERBEAUTY VLC,FR,דנסי סולושנס תרסיס מרוכז לטיפול בשיער חלש ודליל,,0.00,0.00,false,1.00,169.90,1.69,true,0,
3337875579919,false,וישי נאובדיול רוז פלטיניום קרם פנים ליום,INTERBEAUTY VLC,FR,נאובדיול רוז פלטיניום קרם פנים ליום,,0.00,100.00,false,1.00,219.90,0.04,true,0,
3337875583589,false,לרפ היאלו B5 קרם לחות 40 מל,נורוליס,FR,"היאלו B5 קרם לחות - לשיקום מראה העור, השבת נפח ומוצקות העור",,0.00,100.00,false,1.00,189.90,0.04,true,0,
3337875583626,false,היאלו B5 סרום לטיפול בקמטים,לה רוש-פוזה La Roche-Posay,FR,"היאלו B5 סרום - לטיפול בקמטים, אובדן נפח וגמישות העור",,0.00,100.00,false,1.00,229.90,0.07,true,0,
3337875585187,false,וישי מים סולאריים להגנה SPF30 צהוב 200מל,INTERBEAUTY VLC,FR,ספריי מים סולאריים להגנה מהשמש SPF30 - צהוב,,0.00,100.00,false,1.00,109.90,0.00,true,0,
3337875585200,false,וישי מים סולאריים להגנה SPF30 ורוד 200מל,INTERBEAUTY VLC,FR,ספריי מים סולאריים להגנה מהשמש SPF30 - ורוד,,0.00,100.00,false,1.00,109.90,0.00,true,0,
3337875585217,false,וישי מים סולאריים להגנה SPF30 כתום 200מל,INTERBEAUTY VLC,FR,ספריי מים סולאריים להגנה מהשמש SPF30 - כתום,,0.00,100.00,false,1.00,109.90,0.00,true,0,
3337875585231,false,וישי קרם הגנה אנטי אייגינג 3ב-1 SPF50,נורוליס,FR,קפיטל סוליי קרם הגנה אנטי אייגינג 3ב-1 SPF50,,0.00,100.00,false,1.00,109.90,0.02,true,0,
3337875586269,false,סיקפלסט ג'ל B5 - קרם לשיקום עור פגום,לה רוש-פוזה La Roche-Posay,FR,סיקאפלסט ג'ל,,0.00,100.00,false,1.00,66.00,0.01,true,0,
3337875586283,false,סלואו אייג' קרם לילה ומסכה,INTERBEAUTY VLC,FR,סלואו אייג' קרם לילה,,0.00,100.00,false,1.00,189.90,0.03,true,0,
3337875588225,false,וישי אקוואליה טרמל קרם יום עשיר,INTERBEAUTY VLC,FR,אקוואליה טרמל קרם יום עשיר,,0.00,100.00,false,1.00,129.90,0.02,true,0,
3337875588348,false,לרפ טולריאן סנסיטיב ריץ קרם לחות 40 מל,לה רוש-פוזה La Roche-Posay,FR,טולריאן סנסיטיב ריץ' קרם לחות,,0.00,100.00,false,1.00,129.00,0.03,true,0,
3337875588713,false,וישי אקוואליה סרום לחות,INTERBEAUTY VLC,FR,אקוואליה טרמל סרום לחות,,0.00,100.00,false,1.00,139.90,0.04,true,0,
3337875588829,false,וישי אקוואליה טרמל קרם יום לייט,נורוליס,FR,אקוואליה טרמל קרם יום לייט,,0.00,100.00,false,1.00,129.90,0.02,true,0,
3337875596763,false,וישי מינרל 89 עיניים 15 מל,נורוליס,FR,מינרל 89 עיניים לחות - החלקת קמטוטים,,0.00,100.00,false,1.00,109.90,0.07,true,0,
3337875597180,false,סרווה תחליב גל לניקוי והזנה רגיל-יבש 236,נורוליס,FR,תחליב ג'ל לניקוי והזנת העור בלחות רגיל-יבש,,0.00,100.00,false,1.00,54.90,0.00,true,0,
3337875597197,false,סרווה גל מקציף לניקוי העור רגיל-שמן 236,INTERBEAUTY VLC,FR,ג'ל מקציף לניקוי העור רגיל-שמן,,0.00,100.00,false,1.00,54.90,0.00,true,0,
3337875597203,false,סרווה מי פנים מיסלריים 295 מל,INTERBEAUTY VLC,FR,מי פנים מיסלריים,,0.00,100.00,false,1.00,64.90,0.00,true,0,
3337875597210,false,סרווה תחליב לחות לעור יבש-יבש מאוד 236,INTERBEAUTY VLC,FR,תחליב לחות לעור יבש עד יבש מאוד,,0.00,100.00,false,1.00,69.90,0.00,true,0,
3337875597227,false,סרווה קרם לחות לעור יבש-יבש מאוד 340,INTERBEAUTY VLC,FR,קרם לחות לעור יבש עד יבש מאוד,,0.00,100.00,false,1.00,94.90,0.00,true,0,
3337875597272,false,סרווה קרם עיניים משקם 15 מל,INTERBEAUTY VLC,FR,קרם עיניים משקם,,0.00,100.00,false,1.00,74.90,0.04,true,0,
3337875597296,false,"קרם רגליים משקם לעור יבש במיוחד, מחוספס וגבשושי",INTERBEAUTY VLC,FR,קרם רגליים משקם לעור יבש במיוחד,,0.00,100.00,false,1.00,44.90,0.00,true,0,
3337875597319,false,סרווה קרם ידיים משקם לעור יבש במיוחד 50,INTERBEAUTY VLC,FR,קרם ידיים משקם לעור יבש במיוחד,,0.00,100.00,false,1.00,34.90,0.00,true,0,
3337875597333,false,תחליב ג'ל לניקוי והזנת העור בלחות- לעור רגיל עד יבש,INTERBEAUTY VLC,FR,תחליב ג'ל לניקוי והזנת העור בלחות רגיל-יבש,,0.00,100.00,false,1.00,79.90,0.00,true,0,
3337875597357,false,סרווה גל מקציף לניקוי העור רגיל-שמן 473,INTERBEAUTY VLC,FR,ג'ל מקציף לניקוי העור רגיל-שמן,,0.00,100.00,false,1.00,79.90,0.00,true,0,
3337875597388,false,סרווה קרם לחות לעור יבש-יבש מאוד 454,INTERBEAUTY VLC,FR,קרם לחות לעור יבש עד יבש מאוד,,0.00,100.00,false,1.00,114.90,0.00,true,0,
3337875597395,false,סרווה תחליב לחות לעור יבש-יבש מאוד 473,INTERBEAUTY VLC,FR,תחליב לחות לעור יבש עד יבש מאוד,,0.00,100.00,false,1.00,99.90,0.00,true,0,
3337875597449,false,תחליב לחות לפנים - לילה- לעור רגיל עד יבש,INTERBEAUTY VLC,FR,תחליב לחות לפנים- לילה - לעור רגיל עד יבש,,0.00,100.00,false,1.00,69.90,0.01,true,0,
3337875597487,false,תחליב לחות לפנים עם SPF 25 לעור רגיל עד יבש,INTERBEAUTY VLC,FR,תחליב לחות ליום SPF25 רגיל-יבש,,0.00,100.00,false,1.00,69.90,0.01,true,0,
3337875598996,false,סרווה קרם לחות לעור יבש-יבש מאוד 177,INTERBEAUTY VLC,FR,קרם לחות לעור יבש עד יבש מאוד,,0.00,100.00,false,1.00,54.90,0.00,true,0,
3337875604796,false,ליפטאקטיב סופרים סרום 10 לפנים,נורוליס,FR,ליפטאקטיב סופרים סרום 10 לפנים,,0.00,100.00,false,1.00,199.90,0.06,true,0,
3337875604802,false,וישי נאובדיול מגיסטרל אלקסיר שמן לפנים,INTERBEAUTY VLC,FR,נאובדיול מג'יסטרל אלקסיר שמן לפנים,,0.00,100.00,false,1.00,229.90,0.07,true,0,
3337875604833,false,וישי נאובדיול קומפלקס סרום לפנים,INTERBEAUTY VLC,FR,נאובדיול קומפלקס סרום לפנים,,0.00,100.00,false,1.00,219.90,0.07,true,0,
3337875607254,false,וישי ליפטאקטיב ספיישליסט קרם יום אנטי אי,INTERBEAUTY VLC,FR,ליפטאקטיב ספיישליסט קרם יום אנטי אייג'ינג מתקדם,,0.00,100.00,false,1.00,229.90,0.04,true,0,
3337875613668,false,היאלו B5 לטיפול בקמטים באזור קונטור העיניים,לה רוש-פוזה La Roche-Posay,FR,היאלו B5 עיניים - לטיפול בקמטים באזור קונטור העיניים,,0.00,100.00,false,1.00,169.90,0.11,true,0,
3337875646796,false,וישי נאובדיול רוז פלטיניום קרם לילה,נורוליס,FR,נאובדיול רוז פלטיניום קרם לילה,,0.00,100.00,false,1.00,219.90,0.04,true,0,
3337875647182,false,וישי נאובדיול קרם למיצוק הצוואר 50 מל,INTERBEAUTY VLC,FR,נאובדיול קרם למיצוק הצוואר,,0.00,100.00,false,1.00,209.90,0.04,true,0,
3337875654586,false,וישי ספריי הגנה לגוף ולפנים SPF+50 ילדים,נורוליס,FR,ספריי הגנה לגוף ולפנים +SPF50 לילדים,,0.00,100.00,false,1.00,109.90,0.00,true,0,
3337875656764,false,לרפ ליפיקאר שמן רחצה 400 מל משאבה,לה רוש-פוזה La Roche-Posay,FR,ליפיקאר שמן רחצה +AP,,0.00,100.00,false,1.00,114.00,0.00,true,0,
3337875660617,false,וישי נורמדרם אפקט תיקון כפול טיפול יומיו,נורוליס,FR,נורמדרם פיטוסולושן אפקט תיקון כפול טיפול יומיומי,,0.00,100.00,false,1.00,99.90,0.01,true,0,
3337875663083,false,נורמדרם פיטוסולושן ג'ל ניקוי אינטנסיבי לעור שמן,נורוליס,FR,נורמדרם פיטוסולושן ג'ל ניקוי אינטנסיבי לעור שמן,,0.00,100.00,false,1.00,109.90,0.00,true,0,
3337875673907,false,וישי דרקוס קארה סולושנס שמפו מחדש 250 מל,נורוליס,FR,דרקוס קארה סולושנס שמפו מחדש,,0.00,100.00,false,1.00,59.90,0.00,true,0,
3337875673914,false,וישי דרקוס קארה סולושנס מסכה משקמת 200 מ,נורוליס,FR,דרקוס קארה סולושנס מסכה משקמת ב-2 דקות,,0.00,100.00,false,1.00,69.90,0.00,true,0,
3337875673921,false,קארה-סולושנס סרום מזין לטיפול בקצוות פגומים,נורוליס,FR,דרקוס קארה סולושנס סרום מזין,,0.00,100.00,false,1.00,169.90,0.04,true,0,
3337875674928,false,וישי מינרל מים מיסלריים לפנים 400 מל,נורוליס,FR,מינרל מים מיסלריים לפנים ולעיניים מתאים לעור רגיש,,0.00,100.00,false,1.00,109.90,0.00,true,0,
3337875677967,false,וישי דנסי סולושנס מרכך מעבה ומשקם 200,נורוליס,FR,דנסי סולושנס מרכך באלם מעבה ומשקם לטיפול בשיער חלש ודליל,,0.00,100.00,false,1.00,69.90,0.00,true,0,
3337875684095,false,קרם לחות להחלקת העור חומצה סיליצילית 177,נורוליס,FR,קרם לחות להחלקת העור המכיל חומצה סיליצילית,,0.00,100.00,false,1.00,69.90,0.00,true,0,
3337875684101,false,קרם לחות להחלקת העור חומצה סיליצילית 340,נורוליס,FR,קרם לחות להחלקת העור המכיל חומצה סיליצילית,,0.00,100.00,false,1.00,119.90,0.00,true,0,
3337875684118,false,סרווה תחליב ניקוי להחלקת העור ח.סיליצילי,נורוליס,FR,תחליב ניקוי להחלקת העור המכיל חומצה סיליצילית,,0.00,100.00,false,1.00,69.90,0.00,true,0,
3337875686983,false,וישי אקוואליה טרמל UV קרם לחות SPF25,נורוליס,FR,אקוואליה טרמל UV קרם לחות והגנה לפנים SPF25 במרקם קליל,,0.00,100.00,false,1.00,129.90,0.02,true,0,
3337875687096,false,קרם אנטי אייג'ינג מתקדם לפנים Liftactiv Collagen Specialist,נורוליס,FR,ליפטאקטיב קרם אנטי אייג'ינג מתקדם SPF25,,0.00,100.00,false,1.00,229.90,0.04,true,0,
3337875695145,false,וישי מים סולאריים SPF50 חומצה היאלרונית,נורוליס,FR,ספריי מים סולאריים SPF50 עם חומצה היאלורגנית,,0.00,100.00,false,1.00,109.90,0.00,true,0,
3337875695152,false,וישי מים סולאריים SPF50 בטא קרוטן,נורוליס,FR,ספריי מים סולאריים SPF50 עם בטא קרוטן,,0.00,100.00,false,1.00,109.90,0.00,true,0,
3337875695176,false,וישי ק.סוליי קרם הגנה לפנים למראה מאט 3,נורוליס,FR,קפיטל סוליי קרם הגנה לפנים למראה מאט 3 ב1 +SPF50,,0.00,100.00,false,1.00,109.90,0.02,true,0,
3337875695800,false,ליפטאקטיב ספיישליסט אמפולות פילינג לילה גליקו C,נורוליס,FR,ליפטאקטיב אמפולות גליקו-C,,0.00,0.00,false,1.00,269.90,8.99,true,0,
3337875696548,false,ליפיקאר AP+M פלוס-קרם גוף מזין לעור יבש,לה רוש-פוזה La Roche-Posay,FR,ליפיקאר באום AP+M קרם גוף מזין,,0.00,100.00,false,1.00,139.00,0.00,true,0,
3337875696579,false,לרפ ליפיקאר באום איי פי פלוס אם 200 מל,לה רוש-פוזה La Roche-Posay,FR,ליפיקאר באום AP+M קרם גוף מזין,,0.00,100.00,false,1.00,104.00,0.00,true,0,
3337875696838,false,לרפ אנתליוס ספריי להגנה מהשמש +SPF50,נורוליס,FR,אנתליוס ספריי להגנה מהשמש +SPF50,,0.00,100.00,false,1.00,119.90,0.00,true,0,
3337875698696,false,לרפ אנתליוס ספריי ילדים הגנה מהשמש+SPF50,נורוליס,FR,אנתליוס ספריי ילדים הגנה מהשמש +SPF50,,0.00,100.00,false,1.00,119.90,0.00,true,0,
3337875703154,false,וישי דאודורנט ספריי לגבר 100 מל,נורוליס,FR,דאודורנט ספריי לגבר,,0.00,0.00,false,1.00,49.90,0.49,true,0,
3337875706667,false,לרפ אנתליוס מינרל וואן קרם יום גוון 01,נורוליס,FR,אנתליוס מינרל וואן קרם יום עם גוון 01 +SPF50,,0.00,100.00,false,1.00,89.90,0.02,true,0,
3337875706674,false,לרפ אנתליוס מינרל וואן קרם יום גוון 02,נורוליס,FR,אנתליוס מינרל וואן קרם יום עם גוון 02 +SPF50,,0.00,100.00,false,1.00,89.90,0.02,true,0,
3337875706681,false,לרפ אנתליוס מינרל וואן קרם יום גוון 03,נורוליס,FR,אנתליוס מינרל וואן קרם יום עם גוון 03 +SPF50,,0.00,100.00,false,1.00,89.90,0.02,true,0,
3337875706698,false,לרפ אנתליוס מינרל וואן קרם יום גוון 04,נורוליס,FR,אנתליוס מינרל וואן קרם יום עם גוון 04 +SPF50,,0.00,100.00,false,1.00,89.90,0.02,true,0,
3337875708289,false,לרפ אפקלאר גל ניקוי לעור שמן 400 מל,נורוליס,FR,אפקלאר ג'ל ניקוי לעור שמן,,0.00,100.00,false,1.00,118.90,0.00,true,0,
3337875708906,false,וישי נאובדיול מגיסטרל טיפול לילה,נורוליס,FR,נאובדיול מג'יסטרל טיפול לילה,,0.00,100.00,false,1.00,229.90,0.04,true,0,
3337875711098,false,וישי ליפטאקטיב אמפולות גליקו C 10 יח,נורוליס,FR,ליפטאקטיב אמפולות גליקו-C,,0.00,0.00,false,1.00,119.90,11.99,true,0,
3337875719124,false,וישי ליפטאקטיב קרם יום לטיפול אינטנסיבי,נורוליס,FR,ליפטאקטיב קרם יום לטיפול אינטנסיבי במראה הקמטים SPF 30,,0.00,100.00,false,1.00,189.90,0.03,true,0,
3337875719209,false,וישי ליפטאקטיב סופרים סרום 30 מל,נורוליס,FR,ליפטאקטיב סופרים סרום חומצה היאלורונית אפידרמיק פילר,,0.00,100.00,false,1.00,229.90,0.07,true,0,
3337875722520,false,וישי ליפטאקטיב קולגן לילה 50 מל,נורוליס,FR,ליפטאקטיב קולגן ספיישליסט לילה,,0.00,100.00,false,1.00,239.90,0.04,true,0,
3337875722827,false,לרפ אפקלאר דואו סרום 30 מל,נורוליס,FR,אפקלאר דואו סרום,,0.00,100.00,false,1.00,189.00,0.06,true,0,
3337875734387,false,וישי נאובדיול רוז פלטיניום עיניים 15 מל,נורוליס,FR,נאובדיול רוז פלטיניום עיניים,,0.00,100.00,false,1.00,199.90,0.13,true,0,
3337875736459,false,וישי דרקוס שמפו לטיהור עמוק נגד קשקשים,נורוליס,FR,דרקוס שמפו לטיהור עמוק נגד קשקשים,,0.00,100.00,false,1.00,59.90,0.00,true,0,
3337875743563,false,תחליב ניקוי מקציף לעור רגיל עד יבש 236 מ,נורוליס,FR,תחליב ניקוי מקציף לעור רגיל עד יבש,,0.00,100.00,false,1.00,74.90,0.00,true,0,
3337875757515,false,לרפ טולריאן דרמלרגו עיניים 20 מל,נורוליס,FR,טולריאן דרמלרגו עיניים,,0.00,100.00,false,1.00,149.90,0.07,true,0,
3337875757614,false,לרפ טולריאן דרמלרגו קרם 40 מל,נורוליס,FR,טולריאן דרמלרגו קרם,,0.00,100.00,false,1.00,149.90,0.03,true,0,
3337875757669,false,לרפ טולריאן דרמלרגו פלואיד 40 מל,נורוליס,FR,טולריאן דרמלרגו פלואיד,,0.00,100.00,false,1.00,149.90,0.03,true,0,
3337875760201,false,לרפ היאלו B5 אקווה גל SPF30,נורוליס,FR,היאלו B5 אקווה ג'ל SPF30,,0.00,100.00,false,1.00,189.90,0.03,true,0,
3337875761031,false,לרפ אנתליוס אייג קורקט ללא גוון 50 מל,נורוליס,FR,אנתליוס אייג' קורקט ללא גוון,,0.00,100.00,false,1.00,148.90,0.02,true,0,
3337875762298,false,וישי קפיטל סוליי אנטי אייג תחליב SPF50,נורוליס,FR,קפיטל סוליי אנטי אייג' תחליב SPF50,,0.00,100.00,false,1.00,129.90,0.03,true,0,
3337875763967,false,קרם ידיים משקם לידיים מחוספסות ויבשות במיוחד,נורוליס,FR,קרם ידיים משקם לעור יבש במיוחד,,0.00,0.00,false,1.00,44.90,0.44,true,0,
3337875764353,false,לרפ אנתליוס אייג קורקט עם גוון 50 מל,נורוליס,FR,אנתליוס אייג' קורקט עם גוון,,0.00,100.00,false,1.00,148.90,0.02,true,0,
3337875773430,false,סרווה שמן רחצה מקציף לניקוי והזנה 236,נורוליס,FR,סרווה שמן רחצה מקציף לניקוי והזנת העור,,0.00,100.00,false,1.00,69.90,0.00,true,0,
3337875773447,false,סרווה שמן רחצה מקציף לניקוי והזנה 473,נורוליס,FR,סרווה שמן רחצה מקציף לניקוי והזנת העור,,0.00,100.00,false,1.00,99.90,0.00,true,0,
3337875795456,false,סרווה תחליב ניקוי להחלקת העור ח.סיליצילי,נורוליס,FR,תחליב ניקוי להחלקת העור המכיל חומצה סיליצילית,,0.00,100.00,false,1.00,99.90,0.00,true,0,
3337875796583,false,וישי ליפטאקטיב סופרים ויטמין C מל20,נורוליס,FR,ליפטאקטיב סופרים ויטמין C,,0.00,100.00,false,1.00,219.90,0.10,true,0,
3337875797641,false,לרפ אנתליוס פלואיד עם גוון +SPF50,נורוליס,FR,אנתליוס פלואיד תחליב פנים עם גוון להגנה מהשמש +SPF50,,0.00,100.00,false,1.00,104.00,0.02,true,0,
3337875797719,false,לרפ אנתליוס אולטרה קרם הגנה לפנים חדש,נורוליס,FR,אנתליוס אולטרה קרם הגנה לפנים +SPF50,,0.00,100.00,false,1.00,104.90,0.02,true,0,
3350900000011,false,אמבריוליס קרם לחות והזנה רב תכליתי 75 מל,שסטוביץ,FR,קרם לחות והזנה רב תכליתי,,0.00,100.00,false,1.00,92.00,0.01,true,0,
3350900000226,false,אמבריוליס תחליב לחות המעניק מראה מט 40 מ,שסטוביץ,FR,תחליב לחות המעניק מראה מט,,0.00,100.00,false,1.00,99.90,0.02,true,0,
3350900000394,false,אמבריוליס קרם לחות והזנה רב תכליתי 30 מל,שסטוביץ,FR,קרם לחות והזנה רב תכליתי,,0.00,100.00,false,1.00,49.90,0.01,true,0,
3350900000615,false,אמבריוליס שמן טיפוח לגוף לפנים ולשיער,שסטוביץ,FR,שמן טיפוח לגוף לפנים ולשיער,,0.00,0.00,false,1.00,125.00,1.25,true,0,
3350900000745,false,אמבריוליס ארטיסט סיקרט תחליב גל להמרצת,שסטוביץ,FR,ARTIST SECRET תחליב ג'ל להמרצת עור הפנים,,0.00,100.00,false,1.00,119.90,0.02,true,0,
3350900000844,false,אמבריוליס בוסטר לריסים וגבות,שסטוביץ,FR,בוסטר לריסים וגבות,,0.00,0.00,false,1.00,89.90,0.00,true,0,
3350900000899,false,אמבריוליס לחויות לה קרם קונסנטרה 15 מל,שסטוביץ,FR,LAIT CREME CONCENTRE קרם לחות והזנה רב תכליתי,,0.00,100.00,false,1.00,24.90,0.01,true,0,
3350900001322,false,אמבריוליס לחויות הידרה סרום 30 מל,שסטוביץ,FR,HYDRA סרום מרוכז המעניק לחות עוצמתית,,0.00,0.00,false,1.00,99.00,0.00,true,0,
3350900001421,false,אמבריוליס לה קרם קונסנטרה טוקיו 50 מל,שסטוביץ,FR,LAIT CREME CONCEN TOKYO קרם לחות,,0.00,100.00,false,1.00,69.90,0.01,true,0,
3350900001704,false,אמבריוליס קרם מולטי פרוטקשן SPF20,שסטוביץ,FR,MULTI PROTECTION קרם לחות והזנה רב תכליתי,,0.00,100.00,false,1.00,83.00,0.02,true,0,
3350900001834,false,אמבריוליס ארטיסט תכשיר להרגעה ורענון של,שסטוביץ,FR,ARTIST SECRET תכשיר להרגעה ורענון של אזור העיניים,,0.00,0.00,false,1.00,49.90,0.00,true,0,
3350900001919,false,אמבריוליס סט קרם קונסנטרה 75מל+נר ריחני,שסטוביץ,FR,סט קרם רב לחות + נר ריחני,,0.00,0.00,false,1.00,89.90,0.00,true,0,
3350900002275,false,אמבריוליס סט קרם קונסטרה 75מל+בוסטר לריס,שסטוביץ,FR,LOVE סט קרם לחות קונסטרה + בוסטר לריסים ולגבות,,0.00,0.00,false,1.00,119.90,0.00,true,0,
3355991005129,false,בוגרט סילבר סנט אינטנס דאודורנט ספריי200,בוגרט בישום,FR,אינטנס דאודורנט ספריי לגבר,,0.00,100.00,false,1.00,29.90,0.00,true,0,
3380810045215,false,קלרינס גל לחות מולטי אקטיב 50 מל,אלפא,FR,ג'ל לחות מולטי אקטיב,,0.00,100.00,false,1.00,399.00,0.07,true,0,
3380810045321,false,קלרינס מולטי אקטיב תחליב SPF15,אלפא,FR,מולטי אקטיב תחליב SPF15,,0.00,100.00,false,1.00,399.00,0.07,true,0,
3380810056105,false,קלרנס ניקוי בשלב אחד לעור יבש עד רגיל,אלפא,,ONE STEP מי פנים לעור יבש עד רגיל,"מ""ל",200.00,100.00,false,1.00,189.00,0.00,true,0,
3380810059106,false,קלרנס ניקוי בשלב אחד לעור שמן או מעורב,אלפא,,ONE STEP מי פנים לעור שמן או מעורב,"מ""ל",200.00,100.00,false,1.00,189.00,0.00,true,0,
3380810109016,false,קלרינס הידרה אסנשיאל גל לפנים 50 מל,אלפא,FR,HYDRA ESSENTIEL ג'ל לפנים,,0.00,100.00,false,1.00,389.00,0.07,true,0,
3380810109023,false,קלרינס הידרה אסנשיאל תחליב SPF15,אלפא,FR,HYDRA ESSENTIEL תחליב SPF15,,0.00,100.00,false,1.00,389.00,0.07,true,0,
3380810112832,false,קלרינס מולטי אקטיב קרם עיניים 15 מל,אלפא,FR,MULTI ACTIVE קרם עיניים,,0.00,100.00,false,1.00,279.00,0.18,true,0,
3380810134773,false,קלרינס מישן פרפקשן קרם עיניים 15 מל,אלפא,FR,MISSION PERFECTION קרם עיניים,,0.00,100.00,false,1.00,215.00,0.14,true,0,
3380810147414,false,קלרינס ONE STEP לניקוי הפנים,אלפא,,ONE STEP מי פנים לניקוי הפנים,"מ""ל",200.00,100.00,false,1.00,189.00,0.00,true,0,
3380810149661,false,קלרינס דאבל סרום 30 מל,אלפא,FR,DOUBLE SERUM סרום,,0.00,100.00,false,1.00,510.00,0.17,true,0,
3380810149678,false,קלרינס דאבל סרום 50 מל,אלפא,FR,DOUBLE SERUM סרום,,0.00,100.00,false,1.00,620.00,0.12,true,0,
3380810161755,false,קלרינס בודי פיט 400 מל,אלפא,FR,בודי פיט,,0.00,100.00,false,1.00,439.00,0.01,true,0,
3380810177558,false,קלרנס מסכה אס או אס פיור 75 מל,אלפא,FR,SOS PURE מסכה,,0.00,100.00,false,1.00,189.00,0.02,true,0,
3380810177565,false,קלרנס מסכה אס או אס קונפורט 75 מל,אלפא,FR,SOS CONFORT מסכה,,0.00,100.00,false,1.00,189.00,0.02,true,0,
3380810177572,false,קלרנס מסכה אס או אס הידרה 75 מל,אלפא,FR,SOS HYDRA מסכה,,0.00,100.00,false,1.00,189.00,0.02,true,0,
3380810194807,false,קלרינס אקסטרה פרמינג ק.יום SPF15,אלפא,FR,EXTRA FIRMING קרם יום SPF15,,0.00,100.00,false,1.00,499.00,0.09,true,0,
3380810194838,false,קלרינס אקסטרה פירמינג ק.לילה לעור יבש,אלפא,FR,EXTRA-FIRMING קרם לילה לעור יבש,,0.00,100.00,false,1.00,519.00,0.10,true,0,
3380810197396,false,קלרינס לחות לעיצוב מראה הפנים לגבר,אלפא,FR,HYDRA SCULPT לחות לעיצוב מראה הפנים לגבר,,0.00,100.00,false,1.00,499.00,0.09,true,0,
3380810205923,false,קלרינס הידרה אסנשיאל מסכת עיניים 30 מל,אלפא,FR,HYDRA-ESSENTIEL מסכת עיניים,,0.00,100.00,false,1.00,299.00,0.09,true,0,
3380810221763,false,קלרנס גל שזוף עצמי,אלפא,,AUTO BRONZEADOR ג'ל לשיזוף עצמי,,0.00,100.00,false,1.00,139.00,0.01,true,0,
3380810243314,false,"קלרנס מסיר איפור עיניים עדין 125 מ""ל",אלפא,,GENTLE מסיר איפור לעיניים,,0.00,100.00,false,1.00,135.00,0.01,true,0,
3380810304749,false,קלרינס גל שמן שקוף המסייע להגנה מפני השמ,אלפא,FR,ג'ל-שמן שקוף לפנים המסייע להגנה מפני השמש SPF30,,0.00,100.00,false,1.00,139.00,0.02,true,0,
3380810305005,false,קלרינס שמן יבש המסייע להגנה מפני השמש לג,אלפא,FR,SUN CARE שמן יבש המסייע להגנה מפני השמש לגוף ולשיער,,0.00,100.00,false,1.00,249.00,0.01,true,0,
3380810329841,false,קלרינס שמן פנים ארומתרפי סנטל 30 מל,אלפא,FR,SANTAL שמן פנים ארומתרפי,,0.00,100.00,false,1.00,289.00,0.09,true,0,
3380810329902,false,קלרינס רילקס שמן טיפוח להרגעת עור הגוף,אלפא,FR,RELAX שמן טיפוח להרגעת עור הגוף,,0.00,0.00,false,1.00,279.00,2.79,true,0,
3380810332285,false,קלרינס פרש סקראב ניקוי גרגירים 50 מל,אלפא,FR,FRESH SCRUB RETAIL פילינג מרענן במרקם קרם עם גרגירים,,0.00,100.00,false,1.00,155.00,0.03,true,0,
3380810332292,false,קלרינס פרש סקראב פילינג גל מטהר,אלפא,FR,FRESH SCRUB RETAIL פילינג ג'ל מטהר עם גרגירי לבה,,0.00,100.00,false,1.00,155.00,0.03,true,0,
3380810378641,false,קלרינס שמן פנים ארומתרפי לוטוס 30 מל,אלפא,FR,LOTUS שמן פנים ארומתרפי,,0.00,100.00,false,1.00,289.00,0.09,true,0,
3380810378771,false,קלרינס מים מיסלרים לכל סוגי העור 200 מל,אלפא,FR,מים מיסלרים לכל סוגי העור,,0.00,100.00,false,1.00,139.00,0.00,true,0,
3380810378788,false,קלרינס שמן הידרופילי המסייע להסרת איפור,אלפא,FR,שמן הידרופילי המסייע להסרת איפור עמיד,,0.00,100.00,false,1.00,165.00,0.01,true,0,
3380810421590,false,קלרינס אקסטרה פירמינג אנרגיה קרם יום,אלפא,FR,EXTRA FIRMING ENERGY קרם יום,,0.00,100.00,false,1.00,459.00,0.09,true,0,
3380810446968,false,קלרינס הידרה אסנשיאל קרם יום עשיר,אלפא,FR,HYDRA ESSENTIEL קרם יום עשיר לעור יבש,,0.00,100.00,false,1.00,389.00,0.07,true,0,
3380810458930,false,קלרינס אקסטרה פירמינג ק.לילה לכל סוגי הע,אלפא,FR,EXTRA-FIRMING קרם לילה לכל סוגי העור,,0.00,100.00,false,1.00,519.00,0.10,true,0,
3380810459470,false,קלרינס נוטרי לומייר קיט קרם יום,אלפא,FR,NUTRI LUMIERE קיט קרם יום + תמצית + קרם לילה,,0.00,0.00,false,1.00,750.00,0.00,true,0,
3380810480818,false,קלרינס אקסטרה פרמינג ק.יום לעור יבש,אלפא,FR,EXTRA FIRMING קרם יום לעור יבש,,0.00,100.00,false,1.00,499.00,0.09,true,0,
3380810508109,false,קלרנס לגבר שמן לגילוח קל,אלפא,,שמן לגילוח לגבר,,0.00,100.00,false,1.00,199.00,0.06,true,0,
3380810511154,false,קלרנס שמן אנטי,אלפא,,TREATMENT שמן,,0.00,0.00,false,1.00,279.00,2.79,true,0,
3380810648454,false,קלרינס או דינמיזנט מי גוף 50 מל,אלפא,FR,EAU DYNAMISANTE מי גוף,,0.00,100.00,false,1.00,155.00,0.03,true,0,
3380811183107,false,קלרנס אינסטנט מסיר איפור עיניים 125,אלפא,,INSTANT מסיר איפור עיניים,,0.00,100.00,false,1.00,155.00,0.01,true,0,
3380811241104,false,קלרינס מקציף עדין לעור יבש,אלפא,,GENTLE FOAMING מקציף עדין לעור יבש,,0.00,100.00,false,1.00,179.00,0.01,true,0,
3380811245102,false,קלרינס תחליב פילינג עם הבהרה,אלפא,,GENTLE EXFOLIATOR תחליב פילינג עם הבהרה,,0.00,100.00,false,1.00,219.00,0.01,true,0,
3380812537107,false,קלרינס או דינמיזנט,אלפא,,EAU DYNAMISANTE מבשם בעל לחות להמרצת העור,,0.00,0.00,false,1.00,279.00,0.00,true,0,
3380812556108,false,קלרינס רסורסנט מי גוף,אלפא,,RESSOURCANTE מי גוף,,0.00,0.00,false,1.00,279.00,2.79,true,0,
3380812800546,false,קלרינס או דה זרדן מי גוף 50 מל,אלפא,FR,EAU DES JARDINS מי גוף,,0.00,100.00,false,1.00,155.00,0.03,true,0,
3380812804100,false,קלרינס או דה זרדן 100 מל,אלפא,FR,EAU DES JARDINS,,0.00,0.00,false,1.00,279.00,2.79,true,0,
3390150553172,false,פאיו קרם הזנה עשיר לעור יבש 50 מל,לילית,FR,NUTRICIA קרם הזנה עשיר לעור יבש,,0.00,100.00,false,1.00,139.00,0.02,true,0,
3401329447977,false,ביודרמה הידרביו פרפקטצר 40 מל,כמיפל שיווק,FR,הידרביו פרפקטצ'ר,,0.00,100.00,false,1.00,129.90,0.03,true,0,
3401343696245,false,ביודרמה סנסיביו AR קרם 40 מל,כמיפל שיווק,FR,סנסיביו AR,,0.00,100.00,false,1.00,124.90,0.03,true,0,
3401344957253,false,ביודרמה נודה DS+ שמפו אינטנס 125 מל,כמיפל שיווק,FR,נודה DS+ שמפו איטנס,,0.00,100.00,false,1.00,79.90,0.00,true,0,
3401346673106,false,ביודרמה סנסיביו לייט 40 מל,כמיפל שיווק,FR,סנסיביו לייט,,0.00,100.00,false,1.00,89.90,0.02,true,0,
3401346673335,false,ביודרמה סנסיביו קרם עיניים 15 מל שפופרת,כמיפל שיווק,FR,סנסיביו קרם עיניים שפופרת,,0.00,100.00,false,1.00,124.90,0.08,true,0,
3401347869775,false,ביודרמה הידרביו סרום 40 מל,כמיפל שיווק,FR,הידרביו סרום,,0.00,100.00,false,1.00,129.90,0.03,true,0,
3401351366789,false,ביודרמה סנסיביו AR מים מיסלריים,כמיפל שיווק,FR,סנסיביו AR מים מיסלריים,,0.00,100.00,false,1.00,64.90,0.00,true,0,
3401353789159,false,ביודרמה פוטודרם קרם הגנה AR SPF50,כמיפל שיווק,FR,פוטודרם קרם הגנה AR SPF50,,0.00,100.00,false,1.00,79.90,0.02,true,0,
3401360147508,false,ביודרמה סביום גלובל 30 מל,כמיפל שיווק,FR,סביום גלובל,,0.00,100.00,false,1.00,124.90,0.04,true,0,
3401360188525,false,ביודרמה פוטודרם ילדים 100 מל +SPF50,כמיפל שיווק,FR,פוטודרם ילדים +SPF50,,0.00,0.00,false,1.00,89.90,0.89,true,0,
3401361353625,false,ביודרמה סביום פור ריפיינר 30 מל,כמיפל שיווק,FR,סביום פור ריפיינר,,0.00,100.00,false,1.00,124.90,0.04,true,0,
3401381463359,false,ביודרמה אטודרם אינטנסיב באום 200 מל,כמיפל שיווק,FR,אטודרם אינטנסיב באום,,0.00,100.00,false,1.00,84.90,0.00,true,0,
3401381507565,false,ביודרמה סנסיביו גל מוס 200 מל,כמיפל שיווק,FR,סנסיביו ג'ל מוס,,0.00,100.00,false,1.00,84.90,0.00,true,0,
3401399372575,false,ביודרמה אטודרם קרם ידיים 50 מל,כמיפל שיווק,FR,אטודרם קרם ידיים וציפורניים,,0.00,100.00,false,1.00,39.90,0.00,true,0,
3401399373237,false,ביודרמה אטודרם גל רחצה 200 מל,כמיפל שיווק,FR,אטודרם ג'ל רחצה,,0.00,100.00,false,1.00,74.90,0.00,true,0,
3401399373466,false,ביודרמה אטודרם קרם 500 מל,כמיפל שיווק,FR,אטודרם קרם,,0.00,100.00,false,1.00,139.90,0.00,true,0,
3401399458835,false,ביודרמה אטודרם קרם 200 מל,כמיפל שיווק,FR,אטודרם קרם,,0.00,100.00,false,1.00,79.90,0.00,true,0,
3401399694127,false,"מים מיסלרים ביודרמה 250 מ""ל כחול",כמיפל שיווק,FR,הידרביו H2O,,0.00,100.00,false,1.00,64.90,0.00,true,0,
3401528519895,false,ביודרמה אטודרם שמן רחצה 200 מל,כמיפל שיווק,FR,אטודרם שמן רחצה,,0.00,100.00,false,1.00,74.90,0.00,true,0,
3401528546402,false,ביודרמה אטודרם ספריי SOS,כמיפל שיווק,FR,אטודרם ספריי SOS,,0.00,100.00,false,1.00,69.90,0.01,true,0,
3401561197425,false,ביודרמה פוטודרם מקס אקווה +צבע +SPF50,כמיפל שיווק,FR,פוטודרם מקס אקווה עם צבע +SPF50,,0.00,100.00,false,1.00,79.90,0.01,true,0,
3401561197715,false,ביודרמה פוטודרם מקס אקווה 40 מל +SPF50,כמיפל שיווק,FR,פוטודרם מקס אקווה +SPF50,,0.00,100.00,false,1.00,79.90,0.01,true,0,
3401565359201,false,ביודרמה אטודרם אינטנסיב באום 500 מל משאב,כמיפל שיווק,FR,אטודרם אינטנסיב באום משאבה,,0.00,100.00,false,1.00,149.90,0.00,true,0,
3401572288297,false,ביודרמה סביום 250 מל H2O,כמיפל שיווק,FR,סביום H2O,,0.00,100.00,false,1.00,64.90,0.00,true,0,
3401575390447,false,ביודרמה סנסיביו 250 מל H2O,כמיפל שיווק,FR,סנסיביו H2O,,0.00,100.00,false,1.00,64.90,0.00,true,0,
3401578653709,false,ביודרמה סביום גל מוס 200 מל משאבה,כמיפל שיווק,FR,סביום ג'ל מוס משאבה,,0.00,100.00,false,1.00,84.90,0.00,true,0,
3433422404397,false,מים טרמליים לעור רגיש150,לה רוש-פוזה La Roche-Posay,FR,מים טרמליים,,0.00,100.00,false,1.00,49.90,0.00,true,0,
3433422408159,false,לרפ אפקלאר תמיסה לכיווץ נקבוביות 200 מל,לה רוש-פוזה La Roche-Posay,FR,אפקלאר תמיסה לכיווץ נקבוביות,,0.00,100.00,false,1.00,88.90,0.00,true,0,
3433422408586,false,ליפיקאר סורגרה קרם רחצה - לעור יבש,לה רוש-פוזה La Roche-Posay,FR,ליפיקאר סורגרה קרם רחצה,,0.00,100.00,false,1.00,104.00,0.00,true,0,
3461020008082,false,אסטדרם אוסמקלין מסכה מבהירה,כמיפל שיווק,FR,אסטדרם אוסמקלין מסכה מבהירה,,0.00,100.00,false,1.00,159.90,0.02,true,0,
3461020012164,false,אסטדרם אבסולוט קרם פנים,כמיפל שיווק,FR,אסטדרם אבסולוט קרם פנים,,0.00,100.00,false,1.00,319.90,0.06,true,0,
3461020013550,false,אסטדרם אוסמקלין תכשיר ניקוי וטיהור,כמיפל שיווק,FR,אסטדרם אוסמקלין תכשיר ניקוי וטיהור,,0.00,100.00,false,1.00,159.90,0.02,true,0,
3461020014014,false,אסטדרם אינטנסיב היאלרונית סרום,כמיפל שיווק,FR,אסטדרם אינטנסיב היאלרונית סרום,,0.00,100.00,false,1.00,299.90,0.09,true,0,
3461020014021,false,אסטדרם אינטנסיב היאלרונית קרם פנים,כמיפל שיווק,FR,אסטדרם אינטנסיב היאלרונית קרם פנים,,0.00,100.00,false,1.00,299.90,0.05,true,0,
3461022002118,false,אסטדרם אינטנסיב היאלרונית קרם עיניים,כמיפל שיווק,FR,אסטדרם אינטנסיב היאלרונית קרם עיניים,,0.00,100.00,false,1.00,249.90,0.16,true,0,
3461022003047,false,אסטדרם מים סלולריים 100 מל,כמיפל שיווק,FR,אסטדרם מים סלולריים,,0.00,0.00,false,1.00,129.90,1.29,true,0,
3461022003054,false,אסטדרם מים סלולריים 200 מל,כמיפל שיווק,FR,אסטדרם מים סלולריים,,0.00,100.00,false,1.00,179.90,0.00,true,0,
3504105024802,false,מוסטלה משחת החתלה 50 מל,ניאופארם,FR,משחת החתלה,,0.00,100.00,false,1.00,34.90,0.00,true,0,
3504105024932,false,מוסטלה - משחת החתלה למניעה וטיפול בתפרחת חיתולים,מוסטלה Mustela,FR,משחת החתלה,,0.00,0.00,false,1.00,49.90,0.49,true,0,
3504105028398,false,"גל רחצה לגוף ולשיער מוסטלה 500 מ""ל",ניאופארם,FR,ג'ל רחצה לגוף ולשיער לתינוקות וילדים,,0.00,100.00,false,1.00,67.90,0.00,true,0,
3504105028442,false,מוסטלה שמפו תינוקות מועשר בתמצית קמומיל,ניאופארם,,שמפו תינוקות לשיער עדין,,0.00,100.00,false,1.00,39.90,0.00,true,0,
3504105030629,false,"מוסטלה - סטלטופיה שמפו קצף טיפולי לעור יבש במיוחד 150 מ""ל",מוסטלה Mustela,FR,סטלטופיה שמפו קצף טיפולי לעור יבש במיוחד,,0.00,100.00,false,1.00,75.90,0.00,true,0,
3504105030797,false,מוסטלה בייבי קרם לחות לפנים 40 מל,ניאופארם,FR,קרם לחות מועשר לפנים לתינוקות,,0.00,100.00,false,1.00,54.90,0.01,true,0,
3504105031565,false,"מוסטלה - סטלטופיה קרם פנים טיפולי לעור יבש במיוחד 40 מ""ל",מוסטלה Mustela,FR,סטלטופיה קרם פנים טיפולי לעור יבש במיוחד,,0.00,100.00,false,1.00,69.90,0.01,true,0,
3504105033217,false,מוסטלה ספריי הגנה SPF50 200 מל לתינוקות,ניאופארם,FR,ספריי להגנה גבוהה מאוד מהשמש לתינוקות וילדים SPF50,,0.00,100.00,false,1.00,169.90,0.00,true,0,
3504105033347,false,"סיקסטלה קרם להרגעה ושיקום העור 40 מ""ל MUSTELA",מוסטלה Mustela,FR,סיקסטלה קרם להרגעה ושיקום העור,,0.00,100.00,false,1.00,54.90,0.01,true,0,
3504105033392,false,מוסטלה סטלטופיה פורטה קרם לחות טיפולי לגוף ולפנים,מוסטלה Mustela,FR,סטלטופיה פורטה קרם לחות טיפולי,,0.00,100.00,false,1.00,136.90,0.00,true,0,
3504105033514,false,סטלטופיה קרם לחות טיפולי לגוף ולפנים לעור יבש במיוחד,מוסטלה Mustela,FR,סטלטופיה קרם לחות טיפולי לגוף ולפנים,,0.00,100.00,false,1.00,134.90,0.00,true,0,
3504105033569,false,מוסטלה תחליב הגנה SPF50 לתינוקות וילד 40,ניאופארם,FR,תחליב להגנה גבוהה מאוד מהשמש +SPF50 לתינוקות וילדים,,0.00,100.00,false,1.00,79.90,0.01,true,0,
3504105033576,false,מוסטלה תחליב הגנה SPF50 לתינוקות וילד100,ניאופארם,FR,תחליב להגנה גבוהה מאוד מהשמש +SPF50 לתינוקות וילדים,,0.00,0.00,false,1.00,119.90,1.19,true,0,
3504105033828,false,מוסטלה קרם למניעת סימני מתיחה 150 מל טבע,מוסטלה Mustela,FR,קרם למניעת סימני מתיחה 3 ב-1,,0.00,100.00,false,1.00,129.90,0.00,true,0,
3504105034290,false,מוסטלה שמן רחצה לגוף ולשיער לעור יבש 500,מוסטלה Mustela,FR,שמן רחצה לגוף ולשיער לעור יבש,,0.00,100.00,false,1.00,119.90,0.00,true,0,
3504105034405,false,מוסטלה שמפו קצף לתינוקות רכים 150 מל,מוסטלה Mustela,FR,שמפו קצף לתינוקות רכים,,0.00,100.00,false,1.00,49.90,0.00,true,0,
3504105034535,false,מוסטלה שמן למניעת סימני מתיחה 105 מל,מוסטלה Mustela,FR,שמן למניעת סימני מתיחה,,0.00,100.00,false,1.00,94.90,0.00,true,0,
3504105035464,false,מוסטלה בייבי גל רחצה לגוף ולשיער 200 מל,ניאופארם,FR,ג'ל רחצה לגוף ולשיער לתינוקות וילדים,,0.00,100.00,false,1.00,39.90,0.00,true,0,
3504105035778,false,מוסטלה בייבי גל רחצה לגוף ולשיער 500 מל,ניאופארם,FR,ג'ל רחצה לגוף ולשיער לתינוקות וילדים,,0.00,100.00,false,1.00,67.90,0.00,true,0,
3504105035815,false,"מוסטלה - מים מיסלריים לניקוי עור התינוק ללא שטיפה 300 מ""ל",ניאופארם,FR,מים מיסלריים לניקוי עור התינוק,,0.00,100.00,false,1.00,69.90,0.00,true,0,
3504105035860,false,מוסטלה שמן עיסוי תינוקות 100 מל טבעי,מוסטלה Mustela,FR,שמן עיסוי לתינוקות וילדים,,0.00,0.00,false,1.00,59.90,0.59,true,0,
3504105035914,false,מוסטלה קרם גוף לתינוקות וילדים 300 מל,מוסטלה Mustela,,קרם גוף לתינוקות וילדים,,0.00,100.00,false,1.00,64.90,0.00,true,0,
3504105035969,false,"מוסטלה - קרם לחות טבעי לפנים לעור רגיל 40 מ""ל",ניאופארם,FR,קרם לחות מועשר לפנים לעור רגיל,,0.00,100.00,false,1.00,54.90,0.01,true,0,
3504105035990,false,מוסטלה קרם פנים מועשר לעור יבש 40 מל טבע,ניאופארם,FR,קרם פנים מועשר לעור יבש,,0.00,100.00,false,1.00,55.90,0.01,true,0,
3504105036126,false,מוסטלה שמפו עדין לתינוקות מכיל אבוקדו אורגני,מוסטלה Mustela,,שמפו עדין לתינוקות,,0.00,100.00,false,1.00,39.90,0.00,true,0,
3574660026788,false,גונסונס בייבי טלק 200 גרם חדש,ג'ונסונס Johnson's,IT,ג'ונסון בייבי טלק,,0.00,100.00,false,1.00,23.90,0.00,true,0,
3574660089547,false,טמפונים נורמל קלאסי אובה 32 יחידות,ג'\ונסון אנד ג'\ונסון,,טמפונים ללא מוליך נורמל,,0.00,0.00,false,1.00,30.90,1.03,true,0,
3574660115154,false,או-בה טמפונים קלאסי סופר 32יח',ג'\ונסון אנד ג'\ונסון,,טמפונים ללא מוליך סופר,,0.00,0.00,false,1.00,30.90,1.03,true,0,
3574660239829,false,קרם ידיים קל סדרה נורבגית נוטרוגינה 50 מ,ניוטרוג'ינה Neutrogena,,קרם ידיים קל,,0.00,100.00,false,1.00,29.90,0.00,true,0,
3574660245844,false,תרחיץ פנים לניקוי עמוק Deep Clean,ניוטרוג'ינה Neutrogena,,DEEP CLEAN תרחיץ לניקוי פנים,,0.00,100.00,false,1.00,59.90,0.00,true,0,
3574660269635,false,ניוטרוגינה דיפ קלין תרחיץ גרגירים 150מל,שסטוביץ,,DEEP CLEAN INVIGORATING תרחיץ גרגירים,"מ""ל",150.00,100.00,false,1.00,59.90,0.00,true,0,
3574660333466,false,טמפונים מיני פרו קומפורט אובה 32 יחידות,הנסיך- מפעל לייצור ט,,טמפונים ללא מוליך מיני פרוקומפורט,,0.00,0.00,false,1.00,19.90,0.62,true,0,
3574660342291,false,נטרוגינה ס.נורבגית קרם ידיים&ציפורניים75,ניוטרוג'ינה Neutrogena,FR,קרם ידיים וציפורניים,,0.00,100.00,false,1.00,29.90,0.00,true,0,
3574660422580,false,"ניוטרוג'ינה - ויזיבלי קליר תרחיץ גרגירים יומי לעור הסובל ממצבי מתח ולחץ 150מ""ל",שסטוביץ,,VISIBLY CLEAR SPOT STRESS קרם גרגירים,,0.00,100.00,false,1.00,59.90,0.00,true,0,
3574660502510,false,סיקה ביאפין קרם לחות יומי לגוף 400 מל,מדיטרנד,GR,קרם לחות יומי לגוף,,0.00,100.00,false,1.00,79.90,0.00,true,0,
3574660504279,false,סיקה ביאפין קרם לחות מזין למניעת גירוי,מדיטרנד,FR,קרם לחות מזין למניעת גירוי,,0.00,100.00,false,1.00,64.90,0.00,true,0,
3574660514643,false,קרם לחות רב שימושי עשיר נוטרוגינה 300 מל,ניוטרוג'ינה Neutrogena,IT,הנוסחה הנורבגית - קרם לחות מרגיע לגוף ולפנים,,0.00,100.00,false,1.00,36.90,0.00,true,0,
3574660533361,false,ניוטרוגינה ק.לחות לגוף לשיקום אינטנסיבי,שסטוביץ,IT,הנוסחה הנוברגית - קרם לחות לגוף לשיקום אינטנסיבי,,0.00,100.00,false,1.00,39.90,0.00,true,0,
3574660558913,false,ניוטרוגינה תחליב גוף מועשר לעור יבש 750,שסטוביץ,GR,תחליב גוף מועשר לעור יבש מסדרת Deep Moisture - הנוסחה הנורבגית,,0.00,100.00,false,1.00,62.90,0.00,true,0,
3574660569759,false,"נוטרוגינה ויזבלי קליר סטרס/קונ אשכולית ורודה משאבה 200 מ""ל",CILAG GMBH INTERNATI,,REFRESHINGLY CLEAR אשכולית ורודה תרחיץ משאבה,,0.00,100.00,false,1.00,59.90,0.00,true,0,
<<<<<<< HEAD
3574660571769,false,ניוטרוגינה שפתון לחות SPF20,שסטוביץ,,שפתון לחות SPF20,,0.00,100.00,false,1.00,25.90,0.05,true,0,
=======
3574660571769,false,ניוטרוגינה שפתון לחות SPF20,ש.שסטוביץ בעמ,,שפתון לחות SPF20,,0.00,100.00,false,1.00,25.90,0.05,true,0,
>>>>>>> d048ac2f4f281c9d788043ab4e81b61b0dbe3743
3574660572254,false,סיקה ביאפין תחליב לחות יומי לגוף 400 מל,מדיטרנד,GR,תחליב לחות יומי לגוף,,0.00,100.00,false,1.00,69.90,0.00,true,0,
3574660649987,false,"ליסטרין קול מינט מילדר טייסט זירו 500 מ""ל",בית הצעצוע בעמ,,קול מינט שטיפת פה בטעם מעודן,,0.00,100.00,false,1.00,35.90,0.00,true,0,
3574660676136,false,נטרוגינה קרם לחות קליל סדרה נורווגית 300,ג'ונסונס בייבי,GR,קרם לחות מרגיע וקליל נספג במהירות סדרה נורבגית,,0.00,100.00,false,1.00,36.90,0.00,true,0,
3574660676396,false,"קרם רב שימושי אינטנסיבי 300 מ""ל ניוטרוג'ינה",גונסון אנד גונסון סנטה ב,,קרם לחות עשיר ומרוכז לעור יבש עד יבש מאוד,,0.00,100.00,false,1.00,20.00,0.00,true,0,
3574661003924,false,שטיפת פה טוטאל קר בטעם מנטה צלול,ג'\ונסון אנד ג'\ונסון,,טוטל קר שטיפת פה,,0.00,100.00,false,1.00,39.90,0.00,true,0,
3574661039725,false,"ניוטרוג'ינה - תרחיץ פנים הדרים ואלוורה במשאבה 200מ""ל",שסטוביץ,,OIL BALANCING ניקוי משאבה,,0.00,100.00,false,1.00,59.90,0.00,true,0,
3574661098531,false,ניוטרוגינה תחליב גוף מועשר לעור יבש/רגיש,ניוטרוג'ינה Neutrogena,,תחליב גוף לעור רגיש ויבש לחות ל- 48 שעות,,0.00,100.00,false,1.00,39.90,0.00,true,0,
3574661098937,false,נטרוגינה תחליב גוף-יבש סדרה נורווגית,ניוטרוג'ינה Neutrogena,,תחליב גוף לעור יבש לחות ל- 48 שעות,,0.00,100.00,false,1.00,39.90,0.00,true,0,
3574661114620,false,"ליסטרין שטיפת פה זירו ללא אלכוהול 250 מ""",ג'\ונסון אנד ג'\ונסון,IT,ZERO שטיפת פה בטעם מעודן ללא אלכוהול,,0.00,100.00,false,1.00,19.90,0.00,true,0,
3574661141022,false,וניה תחבושות הגייניות מקסי לילה 12 יח,ש.שסטוביץ בעמ,BE,תחבושות מקסי מותאמות במיוחד לשעות הלילה,,0.00,0.00,false,1.00,25.90,2.15,true,0,
3574661177137,false,ליסטרין שטיפת פה קול מינט כחול 500,גונסון אנד גונסון,,קול מינט שטיפת פה,,0.00,100.00,false,1.00,35.90,0.00,true,0,
3574661199894,false,"נוטרוגינה קרם ידיים ויזבלי ריניו 75 מ""ל",ניוטרוג'ינה Neutrogena,GR,קרם ידיים ויזיבלי ריניו SPF20,,0.00,100.00,false,1.00,29.90,0.00,true,0,
3574661245409,false,קלין & קליר קרם לניקוי עמוק 150 מל,קלין אנד קליר Clean & clear,FR,קרם לניקוי עמוק,,0.00,100.00,false,1.00,47.90,0.00,true,0,
3574661248301,false,ליסטרין שטיפת פה אדוונס ווייט 250 מל,ג'\ונסון אנד ג'\ונסון,IT,שטיפת פה אדוונס ווייט,,0.00,100.00,false,1.00,20.90,0.00,true,0,
3574661255903,false,נטרוגינה ס.נורווגית ק.רגליים מתקן 50 מל,שסטוביץ,FR,NORWEGIAN FORMULA קרם רגליים מתקן,,0.00,100.00,false,1.00,49.90,0.00,true,0,
3574661255927,false,סיקה ביאפין קרם משקם 50 מל,מדיטרנד,FR,קרם משקם,,0.00,100.00,false,1.00,49.90,0.00,true,0,
3574661287201,false,"ניוטרוג'ינה - הידרו בוסט ק.לחות אקווה ג'ל 50מ""ל",שסטוביץ,PL,HYDRO BOOST ג'ל מים,,0.00,100.00,false,1.00,81.90,0.01,true,0,
3574661287232,false,נטרוגינה היידרובוסט גל קרם 50 מל,שסטוביץ,PL,HYDRO BOOST ג'ל קרם,,0.00,100.00,false,1.00,81.90,0.01,true,0,
3574661288345,false,ניוטרוגינה הידרובוסט תרחיץ גל לניקוי 200,שסטוביץ,PL,HYDRO BOOST ג'ל ניקוי לפנים,,0.00,100.00,false,1.00,59.90,0.00,true,0,
3574661293509,false,נטרוגינה היידרו תרחיץ גל לפנים 150 מל,שסטוביץ,PL,HYDRO BOOST תרחיץ ג'ל לפנים,,0.00,100.00,false,1.00,59.90,0.00,true,0,
3574661308272,false,ניוטרוגינה תחליב גוף ויזיבלי ריניו 750,שסטוביץ,GR,תחליב גוף מסדרת Visibly Renew supple touch המעניק גמישות לעור - הנוסחה הנורבגית,,0.00,100.00,false,1.00,62.90,0.00,true,0,
3574661317021,false,נטרוגינה היידרובוסט מגבוני ניקוי 25 יח,שסטוביץ,PL,HYDRO BOOST מגבוני ניקוי,,0.00,0.00,false,1.00,29.90,0.00,true,0,
3574661332505,false,נטרוגינה קליר&דיפנד תרחיץ גרגירים 150 מל,ניוטרג'ינה,,CLEAR & DEFEND תרחיץ גרגירים,"מ""ל",150.00,100.00,false,1.00,59.90,0.00,true,0,
3574661332581,false,נטרוגינה קליר& דיפנד קרם לחות 50 מל,שסטוביץ,,CLEAR & DEFEND קרם לחות,,0.00,100.00,false,1.00,59.90,0.01,true,0,
3574661333564,false,נטרוגינה קליר& דיפנד תרחיץ יומי 200 מל,שסטוביץ,FR,CLEAR & DEFEND תרחיץ יומי,,0.00,100.00,false,1.00,59.90,0.00,true,0,
3574661351711,false,נטרוגינה היידרובוסט קרם לחות מסנן25 50 מ,שסטוביץ,FR,HYDRO BOOST קרם לחות מסנן 25,,0.00,100.00,false,1.00,81.90,0.01,true,0,
3574661352275,false,"מי פה ליסטרין קידס 250 מ""ל פירות יער",ג'\ונסון אנד ג'\ונסון,IT,שטיפת פה לילדים בטעם פירות יער,,0.00,100.00,false,1.00,19.90,0.00,true,0,
3574661352527,false,ניוטרוגינה היידרובוסט קרם עיניים 15 מל,שסטוביץ,FR,HYDRO BOOST קרם עיניים,,0.00,100.00,false,1.00,81.90,0.05,true,0,
3574661359885,false,טמפונים סופר קומפורט אובה 32 יחידות,Johnson Toilet-IT,,טמפונים ללא מוליך פרוקומפורט סופר,,0.00,0.00,false,1.00,19.90,0.62,true,0,
3574661391090,false,ניוטרוגינה תחליב גוף היידרו בוסט 750,שסטוביץ,GR,תחליב קרם ג'ל גוף ללחות מיידית Hydro Boost,,0.00,100.00,false,1.00,69.90,0.00,true,0,
3574661391373,false,הידרו בוסט תחליב קרם ג'ל גוף לעור רגיל עד יבש,ניוטרוג'ינה Neutrogena,GR,הידרו בוסט תחליב קרם ג'ל גוף לעור רגיל עד יבש,,0.00,100.00,false,1.00,44.90,0.00,true,0,
3574661391434,false,ניוטרוגינה תרסיס גוף הידרו בוסט 200 מל,שסטוביץ,GR,הידרו בוסט ספריי גוף,,0.00,100.00,false,1.00,34.90,0.00,true,0,
3574661392486,false,"קרם ידיים ניוטרוגינה הידרו בוסט 75 מ""ל",ניוטרוג'ינה Neutrogena,GR,הידרו בוסט קרם ידיים,,0.00,100.00,false,1.00,32.90,0.00,true,0,
3574661393667,false,נטרוגינה הידרובוסט סרום לחות 30 מל,שסטוביץ,FR,HYDRO BOOST סרום לחות,,0.00,100.00,false,1.00,89.90,0.02,true,0,
3574661401089,false,ניוטרוגינה הידרובוסט קר מסכה לילה 50מל,שסטוביץ,FR,HYDRO BOOST מסכת לילה,,0.00,100.00,false,1.00,81.90,0.01,true,0,
3574661401140,false,"שטיפת פה ליסטרין נייטלי ריסיט 400 מ""ל",שקד תבל בעמ,IT,שטיפת פה נייטלי ריסט פועל בלילה בטעם מעודן,,0.00,100.00,false,1.00,35.90,0.00,true,0,
3574661419435,false,וניה תחבושות הגייניות מקסי לילה 12 יח,ש.שסטוביץ בעמ,,MAXI - תחבושות מותאמות לשעות הלילה,,0.00,0.00,false,1.00,25.90,2.15,true,0,
3574661425696,false,גונסונס בייבי תחליב לתינוק 500 מל,ג'ונסונס Johnson's,IT,ג'ונסון בייבי תחליב לתינוק,,0.00,100.00,false,1.00,32.90,0.00,true,0,
3574661427935,false,גונסונס בייבי תרחיץ ושמפו מגע כותנה 500,שסטוביץ,IT,ג'ונסון בייבי תרחיץ ושמפו מגע כותנה,,0.00,100.00,false,1.00,24.90,0.00,true,0,
3574661428031,false,גונסונס מנקה ומגן - סבון ידיים לילדים,גונסון אנד גונסון,IT,ג'ונסון מנקה ומגן - סבון ידיים לילדים,,0.00,100.00,false,1.00,13.90,0.00,true,0,
3574661428048,false,"ג’ונסון מנקה ומגן – סבון ידיים וגוף לילד 500 מ""ל",ג'ונסונס Johnson's,IT,ג'ונסון מנקה ומגן - סבון ידיים וגוף לילד,,0.00,100.00,false,1.00,17.90,0.00,true,0,
3574661428055,false,גונסונס בייבי תחליב לחות מגע כותנה 500 מ,שסטוביץ,IT,ג'ונסון בייבי תחליב לחות מגע כותנה,,0.00,100.00,false,1.00,34.90,0.00,true,0,
3574661430720,false,נטרוגינה סקין דיטוקס תרחיץ גרגירים 150 מ,שסטוביץ,FR,SKIN DETOX תרחיץ גרגרים אפקט קירור,,0.00,100.00,false,1.00,59.90,0.00,true,0,
3574661432847,false,"ג'ונסונס מרכך שיער הקץ לקשרים 500 מ""ל",ג'ונסונס Johnson's,IT,ג'ונסון מרכך די לקשרים,,0.00,100.00,false,1.00,23.90,0.00,true,0,
3574661456713,false,ניוטרוגינה תחליב לחות למגע חלק כמשי 400,שסטוביץ,IT,הנוסחה הנוברגית - תחליב לחות למגע חלק כמשי,,0.00,100.00,false,1.00,39.90,0.00,true,0,
3574661471181,false,ניוטרוגינה הידרובוסט מים מיסלריים 400 מל,שסטוביץ,GR,HYDRO BOOST מים מיסלריים,,0.00,100.00,false,1.00,49.90,0.00,true,0,
3574661475783,false,נטרוגינה סלולר בוסט קרם לחות אנטי אייגינ,שסטוביץ,FR,CELLULAR BOOST קרם לחות אנטי אייג'ינג,,0.00,100.00,false,1.00,125.00,0.02,true,0,
3574661476254,false,נטרוגינה סלולר בוסט קרם לילה אנטי אייגינ,שסטוביץ,FR,CELLULAR BOOST קרם לילה אנטי אייג'ינג,,0.00,100.00,false,1.00,125.00,0.02,true,0,
3574661476285,false,נטרוגינה סלולר בוסט קרם עיניים אנטי אייג,שסטוביץ,FR,CELLULAR BOOST קרם עיניים אנטי אייג'ינג,,0.00,100.00,false,1.00,125.00,0.08,true,0,
3574661485201,false,טמפונים אובה סופר 32 יח' פרוקומפורט,ש.שסטוביץ בעמ,,טמפונים ללא מוליך סופר פרוקומפורט,,0.00,0.00,false,1.00,19.90,0.62,true,0,
3574661485218,false,טמפונים נורמל אובה 32 יח' פרוקומפורט,"ש. שסטוביץ בע""\מ",FR,טמפונים ללא מוליך נורמל פרוקומפורט,,0.00,0.00,false,1.00,19.90,0.62,true,0,
3574661487328,false,קרפרי מגני תחתון אורגינל פלוס 56 יח',הדקלאים אגודת שיתופי,IT,מגני תחתון פלוס אורגינל ניחוח עדין,,0.00,0.00,false,1.00,14.90,0.26,true,0,
3574661487335,false,מגן תחתון קרפרי מקסי לונג ריחני 40 יחידות,ש. שסטוביץ בע`מ,IT,מגני תחתון לונג פלוס ניחוח רענן,,0.00,0.00,false,1.00,14.90,0.37,true,0,
3574661487618,false,קרפרי מגן תחתון מקסי לארג'' מבושם 48 יח'',ג'ויה מעבדות לקוסמטי,IT,מגני תחתון פלוס לארג' מבושם,,0.00,0.00,false,1.00,14.90,0.31,true,0,
3574661487625,false,מגני תחתון פלוס לארג' בניחוח עדין L,הדקלאים אגודת שיתופי,IT,מגני תחתון פלוס לארג' ניחוח עדין,,0.00,0.00,false,1.00,14.90,0.31,true,0,
3574661491806,false,מי פה אדבנס וויט מנטה מסירה כתמים קשים,ג'\ונסון אנד ג'\ונסון,IT,ADVANCED WHITE שטיפת פה עם פעולה כפולה,,0.00,100.00,false,1.00,39.90,0.00,true,0,
3574661497785,false,נטרוגינה אשכולית ורודה קרם לחות ללא שומן,שסטוביץ,FR,REFRESHINGLY CLEAR אשכולית ורודה קרם לחות ללא שומן מרענן במיוחד,,0.00,100.00,false,1.00,69.90,0.01,true,0,
3574661498430,false,"ניוטרוג'ינה - תרחיץ גרגירים אשכולית ורודה 150מ""ל",שסטוביץ,,REFRESHINGLY CLEAR תרחיץ גרגרים,,0.00,100.00,false,1.00,59.90,0.00,true,0,
3574661498478,false,נטרוגינה בלאקהד תרחיץ גרגירים 150 מל,שסטוביץ,,BLACKHEAD ELIMINATING תרחיץ גרגירים,"מ""ל",150.00,100.00,false,1.00,59.90,0.00,true,0,
3574661498492,false,"ניוטרוג'ינה - תרחיץ גרגירים הדרים ואלוורה 150מ""ל",שסטוביץ,,OIL BALANCING ניקוי גרגירים,,0.00,100.00,false,1.00,59.90,0.00,true,0,
3574661499666,false,"ניוטרוג'ינה - קליר אנג דיפנד תרחיץ ומסכה 150מ""ל",שסטוביץ,,VISIBLY CLEAR תרחיץ ומסכה,"מ""ל",150.00,100.00,false,1.00,69.90,0.00,true,0,
3574661500355,false,קרפרי מגן תחתון מקסי לונג רגיל 40 יח',ג'ויה מעבדות לקוסמטי,IT,מגני תחתון לונג פלוס,,0.00,0.00,false,1.00,14.90,0.37,true,0,
3574661500478,false,נטרוגינה בלאקהד מי פנים 200 מל,שסטוביץ,,BLACKHEAD ELIMINATING מי פנים,"מ""ל",200.00,100.00,false,1.00,59.90,0.00,true,0,
3574661520353,false,נטרוגינה קליר& דיפנד גל לטיפול מהיר 15 מ,שסטוביץ,,CLEAR & DEFEND ג'ל לטיפול מהיר,,0.00,100.00,false,1.00,54.90,0.03,true,0,
3574661525563,false,נטרוגינה כורכום קרם לחות 75 מל,שסטוביץ,GR,CLEAR & SOOTHE כורכום קרם לחות,,0.00,100.00,false,1.00,66.00,0.00,true,0,
3574661527086,false,נטרוגינה כורכום מוס ניקוי 150 מל,שסטוביץ,GR,CLEAR & SOOTHE כורכום מוס ניקוי,,0.00,100.00,false,1.00,59.90,0.00,true,0,
3574661529240,false,ניוטרוג'ינה כורכום מסיר איפור ג'ל 200מל,שסטוביץ,GR,CLEAR & SOOTHE כורכום מסיר איפור ג'ל,,0.00,100.00,false,1.00,39.90,0.00,true,0,
3574661530604,false,נטרוגינה כורכום מסכת חימר 50 מל,שסטוביץ,FR,CLEAR & SOOTHE כורכום מסכת חימר,,0.00,100.00,false,1.00,65.90,0.01,true,0,
3574661530697,false,גונסונס בייבי תרחיץ ושמפו לתינוק 500 מל,ג'ונסונס Johnson's,IT,ג'ונסון בייבי תרחיץ ושמפו לתינוק,,0.00,100.00,false,1.00,21.90,0.00,true,0,
3574661533568,false,נטרוגינה היידרובוסט רסקיו באלם 50 מל,שסטוביץ,GR,HYDRO BOOST רסקיו באלם,,0.00,100.00,false,1.00,81.90,0.01,true,0,
3574661552576,false,קרפרי מגן תחתון רגיל טנגה לבן 56 יח חדש,הדקלאים אגודת שיתופי,,מגיני תחתון מתאימים לתחתונים רגילים ולטנגה,,0.00,0.00,false,1.00,14.90,0.26,true,0,
3574661552804,false,מגן תחתון קרפרי אלוורה 56 יחידות,הדקלאים אגודת שיתופי,IT,מגני תחתון אווריריים מכיל אלו-ורה טבעי,,0.00,0.00,false,1.00,14.90,0.26,true,0,
3574661552811,false,מגן תחתון קרפרי כותון אוורירי 56 יחידות,הדקלאים אגודת שיתופי,,מגיני תחתון כותנה נטול ריח,,0.00,0.00,false,1.00,14.90,0.26,true,0,
3574661554877,false,מגן תחתון קרפרי כותון מבושם 56 יחידות,הנסיך- מפעל לייצור ט,,מגיני תחתון כותנה בניחוח מרענן,,0.00,0.00,false,1.00,14.90,0.26,true,0,
3574661554884,false,קרפרי מגן תחתון רגיל טנגה מבושם 56 יח,הדקלאים אגודת שיתופי,IT,מגני תחתון פרש לתחתונים רגילים ולטנגה,,0.00,0.00,false,1.00,14.90,0.26,true,0,
3574661560489,false,נטרוגינה דיפ קלין מגבונים להסרת איפור 25,שסטוביץ,,DEEP CLEAN מגבונים להסרת איפור,,0.00,0.00,false,1.00,29.90,0.00,true,0,
3574661561219,false,ליסטרין שטיפת פה אדוונס ווייט 250 מל,ג'\ונסון אנד ג'\ונסון,IT,שטיפת פה אדוונס ווייט,,0.00,100.00,false,1.00,20.90,0.00,true,0,
3574661565941,false,נטרוגינה סלולר בוסט פילינג ויטמין סי,שסטוביץ,FR,CELLULAR BOOST פילינג ויטמין C,,0.00,100.00,false,1.00,69.90,0.00,true,0,
3574661566719,false,נטרוגינה סלולר בוסט קרם להפחתת עיגולים ש,שסטוביץ,FR,CELLULAR BOOST קרם להפחתת עיגולים שחורים ופגמנטציה,,0.00,100.00,false,1.00,125.00,0.04,true,0,
3574661581019,false,ניוטרוגינה ק.לחות משקם לעור יבש 100 מל,שסטוביץ,GR,הנוסחה הנורבגית - קרם לחות משקם לעור יבש,,0.00,0.00,false,1.00,39.90,0.39,true,0,
3574661591568,false,נטרוגינה בוסט ברייט גל קרם 50 מל,שסטוביץ,FR,BOOST BRIGHT ג'ל קרם לכל סוגי העור,,0.00,100.00,false,1.00,99.90,0.01,true,0,
3574661592923,false,נטרוגינה בוסט ברייט פילינג מחדש 75 מל,שסטוביץ,FR,BOOST BRIGHT פילינג מחדש לכל סוגי העור,,0.00,100.00,false,1.00,55.00,0.01,true,0,
3574661593067,false,נטרוגינה בוסט ברייט סרום מאיר למראה עור,שסטוביץ,FR,BOOST BRIGHT סרום מאיר למראה עור זוהר,,0.00,100.00,false,1.00,99.90,0.03,true,0,
3574661593838,false,נטרוגינה בוסט ברייט גל לחות נוזלי SPF 30,שסטוביץ,FR,BOOST BRIGHT ג'ל לחות נוזלי SPF 30,,0.00,100.00,false,1.00,79.90,0.01,true,0,
3574661610344,false,נטרוגינה קרם לחות עשיר ומרוכז לעור יבש ע,גונסון אנד גונסון סנטה ב,IT,הנוסחה הנורבגית - קרם לחות עשיר ומרוכז לעור יבש עד יבש מאד,,0.00,100.00,false,1.00,36.90,0.00,true,0,
3574661618852,false,סיקה ביאפין תחליב רחצה מזין ומועשר 500 מ,מדיטרנד,GR,תחליב רחצה מזין ומועשר במיוחד,,0.00,100.00,false,1.00,59.90,0.00,true,0,
3574661618876,false,סיקה ביאפין קרם רחצה להרגעת עור מגורה,מדיטרנד,GR,קרם רחצה להרגעת עור מגורה,,0.00,100.00,false,1.00,69.90,0.00,true,0,
3574661637860,false,נטרוגינה קרם להיגיינת הידיים 50 מל הנורב,שסטוביץ,PL,קרם לחות להיגיינת הידיים הסדרה הנורבגית,,0.00,100.00,false,1.00,29.90,0.00,true,0,
3574661640525,false,נטרוגינה ברייט בוסט קרם לילה 50 מל,שסטוביץ,FR,BRIGHT BOOST קרם לילה,,0.00,100.00,false,1.00,99.90,0.01,true,0,
3574661646510,false,נטרוגינה קליר דפנד+ סרום יומי 200 מל,שסטוביץ,GR,CLEAR & DEFEND סרום יומי,,0.00,100.00,false,1.00,59.90,0.01,true,0,
3574661650029,false,ליסטרין שטיפת פה להגנה על החניכיים בטעם מעודן,ג'\ונסון אנד ג'\ונסון,IT,נטורלס שטיפת פה אנאמל גאם להגנה על החניכיים,,0.00,100.00,false,1.00,39.90,0.00,true,0,
3574661650760,false,נטרוגינה קליר דפנד+ ניקוי אקנה 200 מל,שסטוביץ,GR,CLEAR & DEFEND תרחיץ פנים,,0.00,100.00,false,1.00,59.90,0.00,true,0,
3574669907682,false,גונסונס בייבי טלק 500 גרם חדש,גונסון אנד גונסון,IT,ג'ונסון בייבי טלק,,0.00,100.00,false,1.00,37.90,0.00,true,0,
3574669907729,false,גונסונס בייבי שמפו לתינוק 750 מל,גונסון אנד גונסון,IT,ג'ונסון בייבי שמפו לתינוק,,0.00,100.00,false,1.00,29.90,0.00,true,0,
3574669907767,false,גונסונס בייבי שמפו קמומיל 750 מל חדש,ג'ונסונס בייבי,IT,ג'ונסון בייבי שמפו קמומיל,,0.00,100.00,false,1.00,29.90,0.00,true,0,
3574669907972,false,"גונסון בייבי שמפו טיפות של ברק 750 מ""ל",ג'ונסונס Johnson's,IT,ג'ונסון שמפו טיפות של ברק,,0.00,100.00,false,1.00,29.90,0.00,true,0,
3574669908245,false,"ג'ונסונס מרכך טיפות של ברק 500 מ""ל חדש",ג'ונסונס Johnson's,IT,מרכך שיער טיפות של ברק,,0.00,100.00,false,1.00,23.90,0.00,true,0,
3574669908443,false,ג'ונסון בייבי אל סבון וקצף אמבט 750 חדש,ש.שסטוביץ בעמ,IT,ג'ונסון אל סבון וקצף אמבט,,0.00,100.00,false,1.00,24.90,0.00,true,0,
3574669908481,false,גונסונס בייבי אל סבון אמבט 750 מל חדש,ג'ונסונס Johnson's,IT,ג'ונסון בייבי אל סבון לתינוק,,0.00,100.00,false,1.00,24.90,0.00,true,0,
3574669908665,false,גונסונס בייבי אל סבון לפני השינה 750 מל,גונסון אנד גונסון,IT,ג'ונסון בייבי אל סבון לפני השינה,,0.00,100.00,false,1.00,24.90,0.00,true,0,
3574669908948,false,"גונסונס בייבי אל סבון לרחצה עדינה 750 מ""ל",גונסון אנד גונסון,IT,ג'ונסון בייבי אל סבון לרחצה עדינה,,0.00,100.00,false,1.00,24.90,0.00,true,0,
3574669909181,false,גונסונס בייבי שמן אלוורה לתינוק 300 מל,ג'ונסונס Johnson's,IT,ג'ונסון בייבי שמן אלוורה לתינוק,,0.00,100.00,false,1.00,24.90,0.00,true,0,
3574669909204,false,גונסונס בייבי שמן לתינוק 300 מל,ג'ונסונס Johnson's,IT,ג'ונסון בייבי שמן לתינוק,,0.00,100.00,false,1.00,24.90,0.00,true,0,
3574669909495,false,"ג'ונסונס שמפו הקץ לקשרים 500 מ""ל",ש. שסטוביץ בע`מ,IT,ג'ונסון שמפו די לקשרים,,0.00,100.00,false,1.00,23.90,0.00,true,0,
3574669909822,false,"גונסון טיפות של ברק תרסיס מרכך שיער לילדים, 200 מ""ל",ג'ונסונס Johnson's,IT,ספריי מרכך שיער טיפות של ברק,,0.00,100.00,false,1.00,20.90,0.00,true,0,
3600520297262,false,מן אקספרט הידרה אנרגטיק קרם לחות יומי נג,לוריאל,GB,קרם לחות לגבר היידרה אנרג'טיק הנלחם בסימני עייפות,,0.00,100.00,false,1.00,49.90,0.00,true,0,
3600520986456,false,קסטינג קרם גלוס מס515' *,לוריאל פריז,BE,צבע שיער ללא אמוניה למראה מבריק ועשיר בגוון 515 חום שוקולד קרח,,0.00,0.00,false,1.00,42.90,0.00,true,0,
3600521094341,false,קסטינג קרם גלוס מס200',לוריאל פריז,,צבע שיער ללא אמוניה למראה מבריק ועשיר בגוון 200 שחור,,0.00,0.00,false,1.00,42.90,0.00,true,0,
3600521094358,false,קסטינג קרם גלוס מס210',לוריאל פריז,,צבע שיער ללא אמוניה למראה מבריק ועשיר בגוון 210 שחור כחול,,0.00,0.00,false,1.00,42.90,0.00,true,0,
3600521094365,false,קסטינג 300 חום כהה מאוד,לוריאל פריז,,צבע שיער ללא אמוניה למראה מבריק ועשיר בגוון 300 חום כהה מאוד,,0.00,0.00,false,1.00,42.90,0.00,true,0,
3600521094372,false,קסטינג קרם גלוס מס316',לוריאל פריז,,צבע שיער ללא אמוניה למראה מבריק ועשיר בגוון 316 שזיף,,0.00,0.00,false,1.00,42.90,0.00,true,0,
3600521094389,false,קסטינג קרם גלוס מס400',לוריאל פריז,,צבע שיער ללא אמוניה למראה מבריק ועשיר בגוון 400 חום כהה,,0.00,0.00,false,1.00,42.90,0.00,true,0,
3600521094396,false,קסטינג קרם גלוס מס 415,לוריאל פריז,,צבע שיער ללא אמוניה למראה מבריק ועשיר בגוון 415 שוקלד קרח,,0.00,0.00,false,1.00,42.90,0.00,true,0,
3600521094419,false,קסטינג קרם גלוס מס500',לוריאל פריז,,צבע שיער ללא אמוניה למראה מבריק ועשיר בגוון 500 חום טבעי,,0.00,0.00,false,1.00,42.90,0.00,true,0,
3600521094457,false,קסטינג קרם גלוס מס550',לוריאל פריז,,צבע שיער ללא אמוניה למראה מבריק ועשיר בגוון 550 מהגוני,,0.00,0.00,false,1.00,42.90,0.00,true,0,
3600521094471,false,קסטינג קרס גלוס מס600',לוריאל פריז,,צבע שיער ללא אמוניה למראה מבריק ועשיר בגוון 600 חום בהיר,,0.00,0.00,false,1.00,42.90,0.00,true,0,
3600521189863,false,קסטינג 535 חום זהוב מהגוני,לוריאל,,צבע שיער ללא אמוניה למראה מבריק ועשיר בגוון 535 חום זהוב מהגוני,,0.00,0.00,false,1.00,42.90,0.00,true,0,
3600521250051,false,קסטינג קרם גלוס מס810',לוריאל פריז,BE,צבע שיער ללא אמוניה למראה מבריק ועשיר בגוון 810 בלונד בהיר פנינה,,0.00,0.00,false,1.00,42.90,0.00,true,0,
3600521366639,false,קסטינג קרם גלוס מס 323,לוריאל פריז,BE,צבע שיער ללא אמוניה למראה מבריק ועשיר בגוון 323 שוקולד כהה,,0.00,0.00,false,1.00,42.90,0.00,true,0,
3600521720219,false,קרם פנים לילה עם פעולה משולשת לכל סוגי העור,לוריאל ישראל קוסמטיקס בעמ,,TRIPLE ACTIVE קרם לילה עם הפעולה המשולשת לכל סוגי העור,,0.00,100.00,false,1.00,49.90,0.00,true,0,
3600521831083,false,קסטינג קרם גלוס מס1010,לוריאל פריז,BE,צבע שיער ללא אמוניה למראה מבריק ועשיר בגוון 1010 בלונד סופר בהיר,,0.00,0.00,false,1.00,42.90,0.00,true,0,
3600521832059,false,קאסטינג קרם גלוס 1021,לוריאל פריז,,צבע שיער ללא אמוניה למראה מבריק ועשיר בגוון 1021 בלונד בהיר במיוחד,,0.00,0.00,false,1.00,42.90,0.00,true,0,
3600521987704,false,צבע לשיער קסטינג קרם,General,,צבע שיער ללא אמוניה למראה מבריק ועשיר בגוון 412 חום קקאו קר,,0.00,0.00,false,1.00,42.90,0.00,true,0,
3600521992111,false,לוריאל אייג פרפקט נוטרישן לילה,"קרלסרו, גרמניה",,AGE PERFECT NUTRITION קרם לילה,,0.00,100.00,false,1.00,125.00,0.02,true,0,
3600522021605,false,מן אקספרט ויטליפט קרם לחות אנטי אייגינ,לוריאל,DE,קרם לחות אנטי אייג'ינג ויטליפט לגבר,,0.00,100.00,false,1.00,54.90,0.01,true,0,
3600522022893,false,לוריאל - אקסלנס קרם 9.3 בלונד מאוד בהיר זהוב,ליברמו,,צבע שיער קבוע לטיפוח עשיר בגוון 9.3 בלונד מאוד בהיר זהוב,,0.00,0.00,false,1.00,42.90,0.00,true,0,
3600522029946,false,לוריאל נוטרישן קרם יום 50 מל,לוריאל פרודקשן דויטשלנד,,RE-PERFEC קרם יום,,0.00,100.00,false,1.00,125.00,0.02,true,0,
3600522150497,false,קסטינג קרם גלוס מס100',לוריאל פריז,,צבע שיער למראה מבריק ועשיר בגוון 100 שחור עמוק,,0.00,0.00,false,1.00,42.90,0.00,true,0,
3600522236450,false,לוריאל - אקסלנס קרם 6.46 אדום בהיר נחושתי,לוריאל פריז,BE,צבע שיער קבוע לטיפוח עשיר בגוון 6.46 אדום בהיר נחושתי,,0.00,0.00,false,1.00,42.90,0.00,true,0,
3600522251750,false,לוריאל - דרמו רויטליפט לייזר עיניים,לוריאל,,REVITALIFT LASER קרם עיניים להפחתת מראה קמטים,,0.00,100.00,false,1.00,110.00,0.07,true,0,
3600522334200,false,מן אקספרט הידרה אנרגטיק גל לחות נגד ברק,לוריאל,GB,הידרה אנרגטיק ג'ל לחות נגד ברק שומני,,0.00,100.00,false,1.00,49.90,0.00,true,0,
<<<<<<< HEAD
3600522344032,false,לוריאל - אלביב מסכה טוטאל ריפר 300,kozmetik canan,,מסכה לשיער לשיקום שיער פגום וחסר חיוניות,,0.00,100.00,false,1.00,34.90,0.00,true,0,
3600522344070,false,לוריאל - אלביב מסכה קולור פרוטקט 300,"לוריאל ישראל בע""מ",,מסכה לשיער קולור פרוטקט להזנת שיער צבוע,"מ""ל",250.00,100.00,false,1.00,34.90,0.00,true,0,
3600522368250,false,לוריאל - אקסלנס קרם 6.7 חום בהיר שוקולד,ליברמו,BE,צבע שיער קבוע לטיפוח עשיר בגוון 6.7 חום כתום מוזהב,,0.00,0.00,false,1.00,42.90,0.00,true,0,
3600522378051,false,לוריאל - אקסלנס קרם 6.32 חום בהיר זהוב מעודן,ליברמו,BE,צבע שיער קבוע לטיפוח עשיר בגוון 6.32 חום בהיר זהוב מעודן,,0.00,0.00,false,1.00,42.90,0.00,true,0,
=======
3600522344032,false,"אלביב מסכה לשיער פגום טואל ריפר 300מ""ל",לוריאל ישראל קוסמטיקס בעמ,,מסכה לשיער לשיקום שיער פגום וחסר חיוניות,,0.00,100.00,false,1.00,34.90,0.00,true,0,
3600522344070,false,אלביב מסכת קולור פרוטקט לוריאל (300 מל),לוריאל ישראל קוסמטיקס בעמ,,מסכה לשיער קולור פרוטקט להזנת שיער צבוע,"מ""ל",250.00,100.00,false,1.00,34.90,0.00,true,0,
3600522368250,false,לוריאל - אקסלנס קרם 6.7 חום בהיר שוקולד,ליברמו,BE,צבע שיער קבוע לטיפוח עשיר בגוון 6.7 חום כתום מוזהב,,0.00,0.00,false,1.00,42.90,0.00,true,0,
3600522378051,false,לוריאל - אקסלנס קרם 6.32 חום בהיר זהוב מעודן,לוריאל ישראל קוסמטיקס בעמ,BE,צבע שיער קבוע לטיפוח עשיר בגוון 6.32 חום בהיר זהוב מעודן,,0.00,0.00,false,1.00,42.90,0.00,true,0,
>>>>>>> d048ac2f4f281c9d788043ab4e81b61b0dbe3743
3600522825432,false,לוריאל - אקסלנס אינטנס 6.13 חום בהיר קר,ליברמו,BE,INTENSE צבע שיער קבוע לטיפוח עשיר בגוון 6.13 חום בהיר קר,,0.00,0.00,false,1.00,42.90,0.00,true,0,
3600522825463,false,לוריאל - אקסלנס אינטנס 6.66 אדום אינטנסבי לו,ליברמו,BE,INTENSE צבע שיער קבוע לטיפוח עשיר בגוון 6.66 אדום אינטנסיבי לוהט,,0.00,0.00,false,1.00,42.90,0.00,true,0,
3600522825517,false,אקסלנס אינטנס 7.43,General,BE,צבע שיער קבוע לטיפוח עשיר בגוון בלונד נחושתי זהב 7.43,,0.00,0.00,false,1.00,42.90,0.00,true,0,
3600522832089,false,אקסלנס קרם 7.7 בלונד דבש מהגוני,לוריאל פריז,BE,צבע שיער קבוע לטיפוח עשיר בגוון 7.77 חום דבש,,0.00,0.00,false,1.00,42.90,0.00,true,0,
3600522838586,false,לוריאל רויטליפט לייזר X3 קרם-מסכה לילה,KARLSRUHE GERMANY,DE,REVITALIFT LASER קרם פנים ללילה להפחתת מראה קמטים,,0.00,100.00,false,1.00,110.00,0.02,true,0,
3600522884736,false,קסטינג קרם גלוס מס 503,לוריאל פריז,BE,צבע שיער ללא אמוניה למראה מבריק ועשיר בגוון 503 חום קקאו קר,,0.00,0.00,false,1.00,42.90,0.00,true,0,
3600523029709,false,קסטטינג קרם גלוס מס 635,לוריאל פריז,BE,צבע שיער ללא אמוניה למראה מבריק ועשיר בגוון 635 חום שוקולד,,0.00,0.00,false,1.00,42.90,0.00,true,0,
3600523165841,false,אקסלנס אולטרה בלונד 120,לוריאל פריז,BE,צבע בקרם 120,,0.00,0.00,false,1.00,42.90,0.00,true,0,
3600523192717,false,לוריאל - מג'יק ריטאצ' גוון 4 בלונד בז',לוריאל ליברמו,BE,תרסיס לכיסוי מיידי של שורשי השיער בגוון 4 בלונד בז',,0.00,0.00,false,1.00,39.90,0.00,true,0,
3600523192724,false,לוריאל - מג'יק ריטאצ' גוון 5 בלונד,לוריאל ליברמו,BE,תרסיס לכיסוי מיידי של שורשי השיער בגוון 5 בלונד,,0.00,0.00,false,1.00,39.90,0.00,true,0,
3600523193141,false,תרסיס לכיסוי שורשי השיער Magic Retouch שחור,לוריאל ליברמו,BE,תרסיס לכיסוי מיידי של שורשי השיער בגוון 1 שחור,,0.00,0.00,false,1.00,33.00,0.00,true,0,
3600523193158,false,תרסיס לכיסוי שורשי השיער Magic Retouch חום,לוריאל ליברמו,BE,תרסיס לכיסוי מיידי של שורשי השיער בגוון 2 חום,,0.00,0.00,false,1.00,39.90,0.00,true,0,
3600523193165,false,תרסיס לכיסוי שורשי השיער Magic Retouch חום בהיר,לוריאל ליברמו,BE,תרסיס לכיסוי מיידי של שורשי השיער בגוון 3 חום בהיר,,0.00,0.00,false,1.00,39.90,0.00,true,0,
3600523201303,false,לוריאל - דרמו רויטליפט פילר לילה,קרלסרו,DE,REVITALIFT FILLER קרם פנים ללילה להשבת נפח,,0.00,100.00,false,1.00,110.00,0.02,true,0,
3600523201310,false,לוריאל - דרמו רויטליפט פילר עיניים,לוריאל,FR,REVITALIFT FILLER קרם עיניים להפחתת מראה עייפות,,0.00,100.00,false,1.00,110.00,0.07,true,0,
3600523206834,false,רויטליפט פילר קרם יום אנטי אייג'ינג להשבת נפח,"קרלסרו, גרמניה",IT,REVITALIFT FILLER קרם פנים ליום להשבת נפח,,0.00,100.00,false,1.00,110.00,0.02,true,0,
3600523206841,false,לוריאל - דרמו רויטליפט פילר סרום,קוסמינט,IT,REVITALIFT סרום,,0.00,100.00,false,1.00,110.00,0.06,true,0,
3600523216086,false,לוריאל - דרמו אייג' פרפקט גולדן אייג' יום,"קרלסרו, גרמניה",DE,GOLDEN AGE קרם יום,,0.00,100.00,false,1.00,125.00,0.02,true,0,
3600523216109,false,לוריאל גולדן אייג סרום 125 מל,"קרלסרו, גרמניה",DE,GOLDEN AGE סרום,,0.00,100.00,false,1.00,125.00,0.01,true,0,
3600523242641,false,לוריאל - דרמו אייג' פרפקט גולדן לילה,"קרלסרו, גרמניה",DE,GOLDEN AGE קרם לילה,,0.00,100.00,false,1.00,125.00,0.02,true,0,
3600523294886,false,קסטינג קרם גלוס מס700',לוריאל פריז,BE,צבע שיער ללא אמוניה למראה מבריק ועשיר בגוון 700 בלונד,,0.00,0.00,false,1.00,42.90,0.00,true,0,
3600523305957,false,לוריאל מסיכה שחורה לניקוי עמוק חימר,"קרלסרו, גרמניה",DE,PURE CLAY מסכה שחורה לניקוי עמוק,,0.00,100.00,false,1.00,61.90,0.01,true,0,
3600523330102,false,לוריאל - דרמו מים מיסלריים ורוד 400,לוריאל,DE,EAU MICELLAIRE ניקוי לעור יבש,,0.00,100.00,false,1.00,42.00,0.00,true,0,
3600523337712,false,לוריאל - מג'יק ריטאצ' 6 חום מהגוני,לוריאל,BE,תרסיס לכיסוי מיידי של שורשי השיער בגוון 3 חום מהגוני,,0.00,0.00,false,1.00,39.90,0.00,true,0,
3600523351350,false,קסטינג קרם גלוס מס*910,לוריאל פריז,BE,צבע שיער ללא אמוניה למראה מבריק ועשיר בגוון 910 בלונד קר בהיר מאוד,,0.00,0.00,false,1.00,42.90,0.00,true,0,
3600523363193,false,לוריאל הידרה גינייס גל לחות לעור יבש,"לוריאל פרודקשן דויטשלנד,",DE,HYDRA GENIUS ג'ל לחות קליל עד 72 שעות לעור רגיל עד יבש,,0.00,100.00,false,1.00,62.00,0.00,true,0,
3600523428663,false,לוריאל - דרמו רויטליפט לייזר יום,"קרלסרו, גרמניה",,REVITALIFT LASER קרם פנים ליום להפחתת מראה קמטים,,0.00,100.00,false,1.00,110.00,0.02,true,0,
3600523430925,false,"גל חימר לוראל עם גרגרים לפנים 150 מ""ל",סופרוקוס,PL,DERMO PURE CLAY תרחיץ פנים - אדום,,0.00,100.00,false,1.00,36.90,0.00,true,0,
3600523430932,false,גל חימר לוראל לניקוי אינטנסיבי לפנים 150,סופרויאל,PL,DERMO PURE CLAY תרחיץ פנים - שחור,,0.00,100.00,false,1.00,36.90,0.00,true,0,
3600523430949,false,"דרמו פיור קלי תרחיץ ירוק לניקוי, טיהור ומראה מאט",סופרוקוס,PL,DERMO PURE CLAY תרחיץ פנים - ירוק,,0.00,100.00,false,1.00,36.90,0.00,true,0,
3600523439836,false,לוריאל סדרת פרחים מי פנים לעור רגיש 400,"קרלסרו, גרמניה",DE,RARE FLOWERS מי פנים לעור רגיש,,0.00,100.00,false,1.00,41.90,0.00,true,0,
3600523448760,false,לוריאל סדרת פרחים חלב פנים לעור רגיש 400,"קרלסרו, גרמניה",DE,RARE FLOWERS חלב פנים לעור רגיש,,0.00,100.00,false,1.00,41.90,0.00,true,0,
3600523450435,false,לוריאל סדרת פרחים גל רחצה לעור רגיש 150,קרלסרו,DE,RARE FLOWERS ג'ל רחצה לעור רגיש,,0.00,100.00,false,1.00,35.90,0.00,true,0,
3600523464548,false,לוריאל הידרה גינייס גל לחות לעור עדין,"לוריאל פרודקשן דויטשלנד,",DE,HYDRA GENIUS ג'ל לחות קליל עד 72 שעות לעור יבש ועדין,,0.00,100.00,false,1.00,62.00,0.00,true,0,
3600523476619,false,לוריאל - דרמו פרחים ג'ל ניקוי כחול (החלפת ברקוד),סופרוריאל אולניי,FR,RARE FLOWERS קרם ניקוי לפנים,,0.00,100.00,false,1.00,35.90,0.00,true,0,
3600523526062,false,מן אקספרט ברבר קלאב שמן לזקן ולפנים,לוריאל,DE,שמן לפנים ולזקן לגבר,,0.00,100.00,false,1.00,54.90,0.01,true,0,
3600523526130,false,לוריאל - מן אקספרט ברבר ג'ל ניקוי 3ב1,SP.Z.O.O KOSMEPOL,DE,ג'ל ניקוי 3ב1 לגבר,,0.00,100.00,false,1.00,34.90,0.00,true,0,
3600523526208,false,לוריאל - מן אקספרט ברבר ג'ל לחות לזקן הקצר,לוריאל,DE,קרם לחות לפנים ולזקן לגבר,,0.00,100.00,false,1.00,54.90,0.01,true,0,
3600523528691,false,מן אקספרט ברבר קלאב קרם לעיצוב הזקן והשי,לוריאל פרודקשן דויטשלנד,DE,קרם לעיצוב השיער והזקן לגבר,,0.00,100.00,false,1.00,29.90,0.00,true,0,
3600523541928,false,לוריאל שוגר סקראב לעור זוהר-ענבים,"קרלסרו, גרמניה",DE,SMOOTH SUGARS SCRUBS גרגירי פילינג סוכר למראה עור זוהר,,0.00,100.00,false,1.00,59.90,0.01,true,0,
3600523563364,false,לוריאל אייג פרפקט רנסנס סרום,"לוריאל פרודקשן דויטשלנד,",,AGE PERFECT RENAISSANCE CELL RENEW סרום,,0.00,100.00,false,1.00,125.00,0.04,true,0,
3600523587865,false,לוריאל - אלביב קרם לשיער דרים לונג 200,לוריאל - אלביב Elvive,DE,קרם לשיער ארוך ופגום להצלת הקצוות,,0.00,100.00,false,1.00,29.90,0.00,true,0,
<<<<<<< HEAD
3600523605972,false,מסכת הזנה רב שימושית מכילה שמן קוקוס,לוריאל - אלביב Elvive,DE,קרם לחות מועשר בשמן קוקוס לשימוש כמסכה או כקרם לחות,,0.00,100.00,false,1.00,20.00,0.00,true,0,
=======
3600523605972,false,מסכת הזנה רב שימושית מכילה שמן קוקוס,לוריאל ישראל קוסמטיקס בעמ,DE,קרם לחות מועשר בשמן קוקוס לשימוש כמסכה או כקרם לחות,,0.00,100.00,false,1.00,20.00,0.00,true,0,
>>>>>>> d048ac2f4f281c9d788043ab4e81b61b0dbe3743
3600523606016,false,אלביב קרם משקם לשיער 150 מל,לוריאל,FR,קרם לחות טיפולי משקם לשיער לשיער פגום,,0.00,100.00,false,1.00,29.90,0.00,true,0,
3600523633982,false,לוריאל רויטליפט פילר אמפולות,לוריאל איפור,DE,REVITALIFT FILLER אמפולות,,0.00,0.00,false,1.00,110.00,0.00,true,0,
3600523639380,false,לוריאל נוטרישן סרום 30 מל,לוריאל פרודקשן דויטשלנד,DE,AGE PERFECT סרום המסייע בשיקום העור להזנה אינטנסיבית,,0.00,100.00,false,1.00,125.00,0.04,true,0,
3600523639403,false,לוריאל נוטרישן קרם לילה 50 מל,לוריאל פרודקשן דויטשלנד,DE,AGE PERFECT INTENSIVE RE-NOURISH קרם לילה,,0.00,100.00,false,1.00,125.00,0.02,true,0,
3600523642489,false,מסכת הזנה אינטנסיבית 6 שמנים לשיער יבש,לוריאל ישראל קוסמטיקס בעמ,DE,מסכה לשיער הזנה אינטנסיבית 6 שמנים מפרחים לשיער יבש,,0.00,100.00,false,1.00,34.90,0.00,true,0,
3600523651870,false,שמפו לחיזוק סיב השערה לכל סוגי השיער,לוריאל ישראל קוסמטיקס בעמ,TR,שמפו פול רזיסט לחיזוק סיב השערה,,0.00,100.00,false,1.00,17.90,0.00,true,0,
3600523651887,false,"לוריאל - אלביב שמפו טוטאל ריפר 550 מ""ל",לוריאל ישראל קוסמטיקס בעמ,TR,שמפו טוטאל ריפייר 5 משקם לשיער פגום,,0.00,100.00,false,1.00,17.90,0.00,true,0,
3600523651900,false,מרכך לחיזוק סיב השערה לכל סוגי השיער,לוריאל ישראל קוסמטיקס בעמ,TR,מרכך פול רזיסט לחיזוק סיב השערה,,0.00,100.00,false,1.00,17.90,0.00,true,0,
3600523652228,false,"לוריאל - אלביב מרכך טוטאל ריפר 550 מ""ל",לוריאל ישראל קוסמטיקס בעמ,TR,מרכך טוטאל ריפייר 5 משקם לשיער פגום,,0.00,100.00,false,1.00,17.90,0.00,true,0,
3600523652242,false,"לוריאל - אלביב שמפו קולור פרוטקט 550 מ""ל",לוריאל ישראל קוסמטיקס בעמ,TR,שמפו לשיער צבוע או גוונים קולור פרוטקט,,0.00,100.00,false,1.00,17.90,0.00,true,0,
3600523652259,false,"לוריאל - אלביב מרכך קולור פרוטקט 550 מ""ל",לוריאל ישראל קוסמטיקס בעמ,TR,מרכך קולור פרוטקט מטפח לשיער צבוע או גוונים,,0.00,100.00,false,1.00,17.90,0.00,true,0,
3600523652273,false,אלביב שמפו 550 מל חימר מרענן לניקוי יסוד,לוריאל ישראל קוסמטיקס בעמ,TR,שמפו לשיער שומני וקצוות יבשים,,0.00,100.00,false,1.00,17.90,0.00,true,0,
3600523652280,false,"לוריאל אלביב שמפו מועשר ב 6 שמנים, 550 מ""ל",לוריאל ישראל קוסמטיקס בעמ,TR,שמפו לשיער יבש עד יבש מאוד בעל 6 שמנים מופלאים,,0.00,100.00,false,1.00,17.90,0.00,true,0,
3600523652297,false,"מרכך לשיער אלביב זהב 6 שמנים , 550 מ""ל",לוריאל ישראל קוסמטיקס בעמ,TR,מרכך 6 שמנים מופלאים להזנת שיער יבש עד יבש מאוד,,0.00,100.00,false,1.00,17.90,0.00,true,0,
3600523653638,false,אלביב מרכך 550 מל חימר לסירוק קל,לוריאל ישראל קוסמטיקס בעמ,TR,מרכך לסירוק קל מכיל 3 סוגי חימר טהורים,,0.00,100.00,false,1.00,17.90,0.00,true,0,
3600523682836,false,אלביב מרכך סגול 150 מל,לוריאל,BE,מרכך סגול מנטרל פיגמנטים צהובים וכתומים בשיער לקבלת גוון בלונד קר,,0.00,100.00,false,1.00,21.90,0.00,true,0,
3600523707997,false,לוריאל - מן אקספרט פיור פאוור ג'ל ניקוי פחם,LTD. FILLCARE,GB,ג'ל ניקוי לגבר פיור פאוור פחם,,0.00,0.00,false,1.00,29.90,0.29,true,0,
3600523708000,false,לוריאל - מן אקספרט פיור פאוור פילינג,AULNAYS SOPROREAL-,DE,פילינג לגבר פיור פאוור להפחתת ראשים שחורים,,0.00,0.00,false,1.00,29.90,0.29,true,0,
3600523716524,false,לוריאל - דרמו רויטליפט קלאסי קרם אדום עברית,"קרלסרו, גרמניה",DE,REVITALIFT קרם יום אדום בעל אפקט מעורר,,0.00,100.00,false,1.00,95.00,0.01,true,0,
3600523718214,false,לוריאל - מן אקספרט היידרה ג'ל ניקוי מעורר,AULNAYS SOPROREAL-,GB,ג'ל ניקוי לגבר HYDRA ENERGETIC,,0.00,0.00,false,1.00,29.90,0.29,true,0,
3600523718597,false,לוריאל גולדן אייג קרם עיניים,לוריאל,DE,GOLDEN AGE קרם עיניים,,0.00,100.00,false,1.00,125.00,0.08,true,0,
3600523755660,false,לוריאל - אקסלנס קרם 2 חום שחור,לוריאל פריז,BE,צבע שיער קבוע לטיפוח עשיר בגוון 2 חום שחור,,0.00,0.00,false,1.00,42.90,0.00,true,0,
3600523755806,false,"לוריאל - אלביב שמפו קוקוס 550 מ""ל",לוריאל ישראל קוסמטיקס בעמ,TR,שמפו שמן קוקוס משובח לשיער רגיל עד יבש,,0.00,100.00,false,1.00,17.90,0.00,true,0,
3600523756322,false,"לוריאל - אלביב מרכך קוקוס 550 מ""ל",לוריאל ישראל קוסמטיקס בעמ,TR,מרכך שמן קוקוס משובח לשיער רגיל עד יבש,,0.00,100.00,false,1.00,17.90,0.00,true,0,
3600523762194,false,מגיק ריטאצ בלונד כהה שורש כהה,לוריאל,BE,תרסיס לכיסוי מיידי של שורשים כהים גוון 7 בלונד כהה,,0.00,0.00,false,1.00,39.90,0.00,true,0,
3600523782567,false,"לוריאל - אלביב שמפו דרים לונג 500 מ""ל",לוריאל ישראל קוסמטיקס בעמ,FR,שמפו משקם לשיער ארוך ופגום,,0.00,100.00,false,1.00,15.90,0.00,true,0,
3600523782574,false,מסכה לשיער לוריאל אלביב דרים לונג 300 מל,לוריאל ישראל קוסמטיקס בעמ,DE,מסכה לשיער ארוך ופגום להצלת אורכי השיער,,0.00,100.00,false,1.00,34.90,0.00,true,0,
3600523782581,false,מרכך מתיר קשרים לשיער ארוך ופגום Dream Long,לוריאל ישראל קוסמטיקס בעמ,FR,קונדישינר לשיער ארוך ופגום המתיר קשרים,,0.00,100.00,false,1.00,15.90,0.00,true,0,
3600523802456,false,אלביב דרים לונג סרום לשיער לטיפול בפריז,לוריאל,FR,דרים לונג סרום לשיער לטיפול בפריז,,0.00,0.00,false,1.00,34.90,0.34,true,0,
3600523807031,false,קאסטינג קרם גלוס 4102,לוריאל פריז,BE,צבע שיער ללא אמוניה למראה מבריק ועשיר בגוון 4102 חום ערמונים,,0.00,0.00,false,1.00,42.90,0.00,true,0,
3600523807055,false,קאסטינג קרם גלוס 5102,לוריאל פריז,BE,צבע שיער ללא אמוניה למראה מבריק ועשיר בגוון 5102 חום מוקה קר,,0.00,0.00,false,1.00,42.90,0.00,true,0,
3600523816699,false,לוריאל - דרמו פעולה משולשת פרש ג'ל עברית,"קרלסרו, גרמניה",,TRIPLE ACTIVE קרם לחות לפנים במרקם ג'ל לעור רגיל עד מעורב,,0.00,100.00,false,1.00,49.90,0.00,true,0,
3600523873920,false,לוריאל - דרמו רויטליפט פילר טפטפת סרום עברית,לוריאל,DE,REVITALIFT FILLER סרום לפנים חומצה היאלורנית,,0.00,100.00,false,1.00,110.00,0.03,true,0,
3600523898770,false,לוריאל רויטליפט לייזר אמפוות לאפקט פילינ,לוריאל,DE,REVITALIFT LASER אמפולות לאפקט פילינג,,0.00,0.00,false,1.00,110.00,0.00,true,0,
3600523905065,false,אלביב שמפו סגול 200 מל,לוריאל,FR,שמפו סגול מנטרל פיגמנטים צהובים וכתומים בשיער לקבלת גוון בלונד קר,,0.00,100.00,false,1.00,21.90,0.00,true,0,
3600523936625,false,לוריאל - דרמו רויטליפט לייזר סרום עברית,לוריאל,,REVITALIFT LASER סרום לפנים להפחתת מראה קמטים,,0.00,100.00,false,1.00,110.00,0.03,true,0,
3600523936663,false,לוריאל אייג פרפקט רנסנס קרם יום,לוריאל,,AGE PERFECT RENAISSANCE CELL RENEW קרם יום עם SPF15,,0.00,100.00,false,1.00,125.00,0.02,true,0,
3600523936700,false,לוריאל - דרמו משולשת נוטרישן לעור יבש עברית,"קרלסרו, גרמניה",,TRIPLE ACTIVE NOURISH קרם יום,,0.00,100.00,false,1.00,49.90,0.00,true,0,
3600523936786,false,"לוריאל - אלביב שמן לשיער רגיל 100 מ""ל","אינטרביוטי קוסמטיקס, ישר",IL,שמן לטיפוח השיער לשיער יבש,,0.00,0.00,false,1.00,39.90,0.39,true,0,
3600523936823,false,אלביב שמן לטיפוח השיער לשיער צבוע ויבש,"אינטרביוטי קוסמטיקס, ישר",IL,אלביב שמן לטיפוח השיער לשיער יבש וצבוע,,0.00,0.00,false,1.00,39.90,0.39,true,0,
3600523936946,false,"לוריאל - אלביב מסכת פול רזיסט 300 מ""ל",לוריאל ישראל קוסמטיקס בעמ,,מסכה לשיער פול רזיסט לחיזוק סיב השערה,,0.00,100.00,false,1.00,20.00,0.00,true,0,
3600523944156,false,צבע לשיער אקסלנס קול קרם 5.11 קרם חום אפרפר קר,לוריאל פריז,BE,COOL צבע שיער קבוע לטיפוח עשיר בגוון 5.11 חום אפרפר קר,,0.00,0.00,false,1.00,42.90,0.00,true,0,
3600523944194,false,לוריאל - אקסלנס קול קרם 6.11 חום בהיר קר,לוריאל פריז,BE,COOL צבע שיער קבוע לטיפוח עשיר בגוון 6.11 חום בהיר אפרפר קר,,0.00,0.00,false,1.00,42.90,0.00,true,0,
3600523944231,false,לוריאל - אקסלנס קול קרם 7.11 בלונד אפרפר קר,לוריאל פריז,BE,COOL צבע שיער קבוע לטיפוח עשיר בגוון 7.11 בלונד אפרפר קר,,0.00,0.00,false,1.00,42.90,0.00,true,0,
3600523953677,false,לוריאל - דרמו רויטליפט קלאסי יום SPF30 עברית,"קרלסרו, גרמניה",,REVITALIFT קרם יום SPF30,,0.00,100.00,false,1.00,95.00,0.01,true,0,
3600523954940,false,לוריאל רויטליפט פילר קרם עיניים 30 מל,לוריאל,DE,REVITALIFT FILLER קרם עיניים לכל הפנים,,0.00,100.00,false,1.00,110.00,0.03,true,0,
3600523956876,false,אלביב מסכה טוטאל ריפר 680 מל,לוריאל,ES,מסכה לשיער - שיקום עוצמתי לשיער פגום,,0.00,100.00,false,1.00,49.90,0.00,true,0,
3600523965663,false,לוריאל רויטליפט פילר טונר מי פנים 200 מל,לוריאל,DE,REVITALIFT FILLER טונר- מי פנים,,0.00,100.00,false,1.00,41.90,0.00,true,0,
3600523967131,false,לוריאל - דרמו רויטליפט פילר מים מיסלריים 200,לוריאל,DE,REVITALIFT FILLER מים מיסלרים,,0.00,100.00,false,1.00,41.90,0.00,true,0,
3600523970698,false,"לוריאל - אלביב דרים לונג וונדר ווטר 200 מ""ל",לוריאל,BE,דרים לונג וונדר ווטר טיפול הפלא לשיער ב-8 שניות,,0.00,0.00,false,1.00,34.90,0.17,true,0,
3600523971756,false,אלביב מור דן שמפו דרים לונג 200 מל,לוריאל,FR,MORE THAN SHAMPOO דרים לונג,,0.00,100.00,false,1.00,19.90,0.00,true,0,
3600523971763,false,אלביב מור דן שמפו קולור פרוטקט 200 מל,לוריאל,FR,MORE THAN SHAMPOO קולור פרוטקט,,0.00,100.00,false,1.00,19.90,0.00,true,0,
3600523971770,false,אלביב מור דן שמפו שמנים 200 מל,לוריאל,FR,MORE THAN SHAMPOO שמנים,,0.00,100.00,false,1.00,19.90,0.00,true,0,
3600523971954,false,לוריאל - דרמו רויטליפט לייזר סרום רטינול,לוריאל,DE,REVITALIFT LASER סרום רטינול ערב,,0.00,100.00,false,1.00,110.00,0.03,true,0,
3600523972159,false,לוריאל - דרמו רויטליפט קלאסי קרם יום ללא בישום,לוריאל פרודקשן דויטשלנד,DE,DERMO REVITALIFT CLASSIC  קרם יום ללא בישום,,0.00,100.00,false,1.00,95.00,0.01,true,0,
3600523972524,false,לוריאל - אקסלנס קרם 7.43 בלונד נחושתי זהב,לוריאל פריז,,צבע שיער קבוע לטיפוח עשיר בגוון 7.43 בלונד נחושתי זהוב,,0.00,0.00,false,1.00,42.90,0.00,true,0,
3600523972586,false,צבע שיער אקסלנס אינטנס 6.66 אדום לוהט לוריאל,ליברמו,,צבע שיער קבוע לטיפוח עשיר בגוון 6.66 אדום אינטנסיבי לוהט,,0.00,0.00,false,1.00,42.90,0.00,true,0,
3600523985326,false,לוריאל - דרמו רויטליפט לייזר יום SPF 20 עברי,לוריאל פריס,DE,REVITALIFT LASER קרם יום אנטי-אייג'ינג SPF20,,0.00,100.00,false,1.00,110.00,0.02,true,0,
3600523985838,false,לוריאל - דרמו רויטליפט פילר ג'ל ניקוי לפנים,"לוריאל פרודקשן דויטשלנד,",DE,REVITALIFT FILLER ג'ל ניקוי,,0.00,100.00,false,1.00,41.90,0.00,true,0,
3600523991525,false,"לוריאל - דרמו רויטליפט קלאסי סרום 30 מ""ל","קרלסרו, גרמניה",DE,REVITALIFT סרום קלאסי,,0.00,100.00,false,1.00,95.00,0.03,true,0,
3600523991556,false,לוריאל הידרה גינייס גל לחות לעור מעורב,לוריאל,DE,HYDRA GENIUS ג'ל לחות קליל עד 72 שעות לעור רגיל עד מעורב,,0.00,100.00,false,1.00,62.00,0.00,true,0,
3600524012601,false,"לוריאל - סרום לפנים מידנייט 30 מ""ל",לוריאל,DE,CELL RENEW סרום מידנייט לפנים,,0.00,100.00,false,1.00,110.00,0.03,true,0,
3600524013370,false,לוריאל אייג פרפקט רנסנס קרם יום SPF30,לוריאל,DE,AGE PERFECT RENAISSANCE CELL RENEW קרם יום עם SPF30,,0.00,100.00,false,1.00,110.00,0.02,true,0,
3600524013448,false,לוריאל אייג פרפקט רנסנס קרם עיניים,לוריאל,FR,AGE PERFECT RENAISSANCE CELL RENEW קרם עיניים,,0.00,100.00,false,1.00,110.00,0.07,true,0,
3600524013455,false,לוריאל אייג פרפקט רנסנס קרם לילה,לוריאל,,AGE PERFECT RENAISSANCE CELL RENEW קרם לילה,,0.00,100.00,false,1.00,110.00,0.02,true,0,
3600524019587,false,"לוריאל - רויטליפט טונר חומצה גליקולית 180 מ""ל",קוסמפול,PL,REVITALIFT טונר חומצה גליקולית,,0.00,100.00,false,1.00,41.90,0.00,true,0,
3600524025540,false,לוריאל רויטליפט פילר סרום עיניים 20 מל,לוריאל,DE,REVITALIFT FILLER סרום לעיניים,,0.00,100.00,false,1.00,110.00,0.05,true,0,
3600524051006,false,"לוריאל - רויטליפט ג'ל ניקוי חומצה גליקולית 150 מ""ל",קרלסרו,DE,REVITALIFT ג'ל ניקוי חומצה גליקולית,,0.00,100.00,false,1.00,41.90,0.00,true,0,
3600524051211,false,"לוריאל - רויטליפט פילר קרם יום 50 מ""ל",לוריאל,DE,REVITALIFT FILLER קרם יום SPF50,,0.00,100.00,false,1.00,110.00,0.02,true,0,
3600524051334,false,אלביב מרכך חומצה היאלורונית 400 מל,לוריאל ישראל קוסמטיקס בעמ,FR,מרכך לשיער עם חומצה היאלורונית ללחות עד 72 שעות,,0.00,100.00,false,1.00,14.90,0.00,true,0,
3600524051563,false,אלביב סרום חומצה היאלורונית 150 מל,לוריאל,FR,סרום לשיער עם חומצה היאלורונית ללחות מוגברת,,0.00,100.00,false,1.00,49.90,0.00,true,0,
3600524051570,false,לוריאל - אלביב מסכה היאלורונית 300 מ''ל,לוריאל ישראל קוסמטיקס בעמ,FR,מסכה לשיער עם חומצה היאלורונית ללחות אינטנסיבית,,0.00,100.00,false,1.00,34.90,0.00,true,0,
3600524055400,false,לוריאל - אלביב שמפו היאלורונית 500 מ''ל,לוריאל ישראל קוסמטיקס בעמ,FR,שמפו לשיער עם חומצה היאלורונית ללחות עד 72 שעות,,0.00,100.00,false,1.00,15.90,0.00,true,0,
3600540308788,false,צבע לשיער קולור נטורלס חום ערמוני בהיר 5,לוריאל ישראל קוסמטיקס בעמ,,צבע לשיער קולור נטורלס 5.3 חום זהוב,,0.00,0.00,false,1.00,24.90,0.00,true,0,
3600540308917,false,גרנייה - קולור נטורלס 6.34 חום שוקולד,לוריאל ישראל קוסמטיקס בע,,צבע לשיער קולור נטורלס 6.34 חום שוקולד,,0.00,0.00,false,1.00,24.90,0.00,true,0,
3600540928863,false,גרניה מיניראל רול און קליר אינויזיבל,לוריאל ישראל קוסמטיקס בעמ,,דאודורנט רול אינביזי קליר,,0.00,100.00,false,1.00,16.90,0.00,true,0,
3600541022096,false,גרניה 7 ימים קרם גוף חמאת שיאה 400 מל,קוסמופול,PL,7 ימים תחליב לחות לגוף - חמאת שיאה,,0.00,100.00,false,1.00,14.90,0.00,true,0,
3600541023291,false,גרניה 7 ימים קרם גוף אלוורה 400 מל,קוסמופול,PL,7 ימים תחליב לחות לגוף - אלוורה,,0.00,100.00,false,1.00,14.90,0.00,true,0,
3600541029323,false,מסיר איפור עמיד במים אסנשיאלס 2 ב-1,לוריאל ישראל קוסמטיקס בעמ,,SIMPLY ESSENTIALS מסיר איפור + מי ניקוי 2 ב1,,0.00,100.00,false,1.00,25.90,0.00,true,0,
3600541253667,false,"גרנייה - דאודורנט ספריי לאישה אינביזיבל BWC (ורוד) 150 מ""ל",לוריאל ישראל קוסמטיקס בעמ,,דאודורנט ספריי ללא צבע אינוויזיבל,,0.00,100.00,false,1.00,16.90,0.00,true,0,
3600541351493,false,גרניה אנטי אייגינג אססנטיאל 45+ קרם יום,לוריאל ישראל קוסמטיקס בעמ,DE,ANTI AGEING 45+ ESSENTIALS קרם יום,,0.00,100.00,false,1.00,45.90,0.00,true,0,
3600541352131,false,גרניה אנטי אייגינג אססנטיאל 55+ קרם יום,לוריאל,DE,ANTI AGEING 55+ ESSENTIALS קרם יום,,0.00,100.00,false,1.00,45.90,0.00,true,0,
3600541382930,false,גרנייה - מים מיסלרים לכל סוגי העור,לוריאל ישראל קוסמטיקס בעמ,,SKIN ACTIVE מסיר איפור מים מיסלריים,,0.00,100.00,false,1.00,35.90,0.00,true,0,
3600541402270,false,"גרנייה - דאודורנט ספריי לאישה אינביזיבל BWC (ירוק) 150 מ""ל",לוריאל ישראל קוסמטיקס בעמ,,דאודורנט ספריי אינביזיבל פרש,,0.00,100.00,false,1.00,16.90,0.00,true,0,
3600541448476,false,גרנייה דאו רול-און אינבזיבל קונטרול,לוריאל ישראל קוסמטיקס בעמ,,דאודורנט רול דריי קונטרול,,0.00,100.00,false,1.00,16.90,0.00,true,0,
3600541740006,false,"גרנייה - דאודורנט ספריי לאישה אקשן קונטרול 72 שעות 150 מ""ל",לוריאל ישראל קוסמטיקס בעמ,FR,דאודורנט ספריי אקשן קונטרול טרמיק 72 שעות,,0.00,100.00,false,1.00,16.90,0.00,true,0,
3600541928169,false,"גרנייה פיור פחם ג'ל ניקוי 150 מ""ל",לוריאל ישראל קוסמטיקס בעמ,,PURE ACTIVE ג'ל ניקוי לפנים,,0.00,100.00,false,1.00,35.90,0.00,true,0,
3600541928275,false,מי פנים מיסלריים דו-פאזיים מסיר איפור עמיד במים,לוריאל ישראל קוסמטיקס בעמ,PL,MICELLAR Oil מסיר איפור עמיד מים מיסלריים דו פאזי,,0.00,100.00,false,1.00,39.90,0.00,true,0,
3600541937475,false,גרניה פיור גרגרים מסיכה לעור מעורב עד שמן,לוריאל ישראל קוסמטיקס בעמ,,PURE ACTIVE סבון פנים חימר 3 פעולות ב1,"מ""ל",150.00,100.00,false,1.00,19.90,0.00,true,0,
3600541940574,false,"גרנייה מים מיסלרים 700 מ""ל",קוסמופול,PL,MICELAR CLEANSING WATER מסיר איפור מים מיסלריים,,0.00,100.00,false,1.00,40.90,0.00,true,0,
3600541952720,false,ג'ל גרגירים עם פחם פעיל לטיפול בראשים שחורים,לוריאל ישראל קוסמטיקס בעמ,,PURE ACTIVE פחם ג'ל גרגירים,,0.00,100.00,false,1.00,35.90,0.00,true,0,
3600541956223,false,"גרנייה פיור לניקוי וטיפול בסימנים ופגעי עם מברשת 150 מ""ל",לוריאל ישראל קוסמטיקס בעמ,,PURE ACTIVE גל ניקוי לעור שומני,,0.00,100.00,false,1.00,39.90,0.00,true,0,
3600542050579,false,גרניה בוטניקל מי פנים ורדים 200 מל,קוסמופול,DE,BOTANICAL מי פנים - ורדים,,0.00,100.00,false,1.00,25.90,0.00,true,0,
3600542052788,false,גרנייה בוטניקל חלב פנים ורדים 200 מל,קוסמופול,DE,BOTANICAL חלב פנים - ורדים,,0.00,100.00,false,1.00,25.90,0.00,true,0,
3600542097239,false,גרנייה - מסכת טישו פחם תה שחור,ביוטיקוס אינטרנשיונאל,CN,PURE CHARCOAL מסכת פחם תה,,0.00,100.00,false,1.00,15.90,0.00,true,0,
3600542097253,false,גרנייה - מסכת טישו פחם אצות שחורות,ביוטיקוס אינטרנשיונאל,CN,PURE CHARCOAL מסכת פחם אצות,,0.00,100.00,false,1.00,15.90,0.00,true,0,
3600542154772,false,גרנייה מסכת טישו עיניים סקין אקטיב קוקוס,לוריאל,CN,SKIN ACTIVE מסכת טישו לעיניים - קוקוס,,0.00,0.00,false,1.00,12.90,0.00,true,0,
3600542154789,false,גרנייה מסכת טישו עיניים סקין אקטיב תפוז,לוריאל,CN,SKIN ACTIVE מסכת טישו לעיניים - תפוז,,0.00,0.00,false,1.00,12.90,0.00,true,0,
3600542184625,false,גרניה ביו קונגק ספוג ניקוי בוטני,לוריאל,FR,KONJAC ספוג ניקוי בוטני,,0.00,100.00,false,1.00,14.90,0.00,true,0,
3600542196895,false,גרניה ביו לבנדר שמן לעור הפנים 30 מל,לוריאל,FR,LAVANDIN שמן לעור הפנים,,0.00,100.00,false,1.00,54.90,0.01,true,0,
3600542196901,false,גרניה ביו לבנדר קרם פנים אנטי אייגינג,לוריאל,FR,LAVANDIN קרם פנים אנטי אייג'ינג,,0.00,100.00,false,1.00,54.90,0.01,true,0,
3600542211024,false,גרניה פיור אקטיב סטיק פחם לניקוי ראשים ש,סופרוקוס,IT,PURE ACTIVE CHARCOAL סטיק פחם לניקוי ראשים שחורים,,0.00,0.00,false,1.00,39.90,0.00,true,0,
3600542216623,false,"גרנייה - דאודורנט רול און לאישה אקשן קונטרול רול 96 שעות 50 מ""ל",סופרוקוס,PL,דאודורנט רול אקשן קונטרול 96 שעות,,0.00,100.00,false,1.00,16.90,0.00,true,0,
3600542216647,false,"גרנייה - דאודורנט ספריי לאישה 96 שעות אקשן קונטר 150 מ""ל",לוריאל,FR,דאודורנט ספריי אקשן קונטרול 96 שעות,,0.00,100.00,false,1.00,16.90,0.00,true,0,
3600542232036,false,גרניה סקין נט אלו גל אלוורה ללחות 50 מל,לוריאל,DE,HYALURONIC ALOE JELLY ג'ל אלוורה ללחות מרעננת,,0.00,100.00,false,1.00,47.90,0.00,true,0,
3600542232418,false,גרנייה פילינג סקראב משמש 50 מל,לוריאל ישראל קוסמטיקס בעמ,DE,SCRUB משמש פילינג לניקוי אינטנסיבי,,0.00,100.00,false,1.00,40.90,0.00,true,0,
3600542243803,false,גרנייה - אוליה מיני קיט10.21בלונד בהיר מאוד,לוריאל,PL,צבע שיער בלונד בהיר במיוחד פנינה 10.21,,0.00,0.00,false,1.00,29.90,0.00,true,0,
3600542244879,false,גרנייה - אוליה מיני קיט8.31 בלונד זהוב אפרפר,לוריאל,PL,צבע שיער בלונד זהוב אפרפר 8.31,,0.00,0.00,false,1.00,29.90,0.00,true,0,
3600542245340,false,גרנייה - אוליה מיני קיט 1 שחור עמוק,לוריאל,PL,צבע שיער שחור עמוק 1,,0.00,0.00,false,1.00,29.90,0.00,true,0,
3600542245357,false,גרנייה - אוליה מיני10.1בלונד אפרפר בהיר מאוד,לוריאל,PL,צבע שיער בלונד אפרפר 10.1,,0.00,0.00,false,1.00,29.90,0.00,true,0,
3600542245371,false,גרנייה - אוליה מיניקיט 110 בלונד אולטרה בהיר,לוריאל,PL,צבע שיער בלונד אולטרה בהיר טבעי 110,,0.00,0.00,false,1.00,29.90,0.00,true,0,
3600542245395,false,גרנייה - אוליה מיני קיט 3 חום שחור,לוריאל,PL,צבע שיער חום שחור 3,,0.00,0.00,false,1.00,29.90,0.00,true,0,
3600542245418,false,גרנייה - אוליה מיני קיט 4 חום כהה,לוריאל,PL,צבע שיער חום כהה 4,,0.00,0.00,false,1.00,29.90,0.00,true,0,
3600542245425,false,גרנייה - אוליה מיני קיט 4.15 חום שוקולד קרח,לוריאל,PL,צבע שיער חום שוקו 4.15,,0.00,0.00,false,1.00,29.90,0.00,true,0,
3600542245449,false,גרנייה - אוליה מיני קיט 5 חום טבעי,לוריאל,PL,צבע שיער חום טבעי 5.0,,0.00,0.00,false,1.00,29.90,0.00,true,0,
3600542245456,false,גרנייה - אוליה מיני קיט 5.3 חום זהוב,לוריאל,PL,צבע שיער חום זהוב 5.3,,0.00,0.00,false,1.00,29.90,0.00,true,0,
3600542245487,false,גרנייה - אוליה מיני קיט 6 חום בהיר,לוריאל,PL,צבע שיער חום בהיר 6.0,,0.00,0.00,false,1.00,29.90,0.00,true,0,
3600542245500,false,גרנייה - אוליה מיני קיט 6.3 חום זהוב בהיר,לוריאל,PL,צבע שיער חום זהוב בהיר 6.3,,0.00,0.00,false,1.00,29.90,0.00,true,0,
3600542245524,false,גרנייה - אוליה מיני קיט 6.60 אדום אינטנסיבי,לוריאל,PL,צבע שיער אדום אינטיסיבי 6.60,,0.00,0.00,false,1.00,29.90,0.00,true,0,
3600542245548,false,גרנייה - אוליה מיני קיט 7 בלונד כהה,לוריאל,PL,צבע שיער בלונד כהה 7,,0.00,0.00,false,1.00,29.90,0.00,true,0,
3600542245586,false,גרנייה - אוליה מיני קיט 7G בלונד בז' אפרפר,לוריאל,PL,צבע שיער בלונד בז' 7G,,0.00,0.00,false,1.00,29.90,0.00,true,0,
3600542245593,false,גרנייה - אוליה מיני קיט 8 בלונד,לוריאל,PL,צבע שיער בלונד 8,,0.00,0.00,false,1.00,29.90,0.00,true,0,
3600542245609,false,גרנייה - אוליה מיני קיט 8.13 בלונד זהוב,לוריאל,PL,צבע שיער בלונד זהוב 8.13,,0.00,0.00,false,1.00,29.90,0.00,true,0,
3600542245623,false,גרנייה - אוליה מיני קיט 9 בלונד בהיר,לוריאל,PL,צבע שיער בלונד בהיר 9,,0.00,0.00,false,1.00,29.90,0.00,true,0,
3600542245630,false,גרנייה - אוליה מיני קיט 9.1 בלונד אפרפר בהיר,לוריאל,PL,צבע שיער בלונד אפרפר 9.1,,0.00,0.00,false,1.00,29.90,0.00,true,0,
3600542245654,false,גרנייה - אוליה מיני קיט 9.3 בלונד זהוב בהיר,לוריאל,PL,צבע שיער בלונד זהוב בהיר 9.3,,0.00,0.00,false,1.00,29.90,0.00,true,0,
3600542258449,false,גרניה ביו ארגן תרסיס לחות 150 מל,לוריאל,FR,ARGAN תרסיס לחות,,0.00,100.00,false,1.00,34.90,0.00,true,0,
3600542258456,false,גרניה ביו לבנדר קרם עיניים אנטי אייגינג,לוריאל,FR,LAVANDIN קרם עיניים אנטי אייג'ינג,,0.00,100.00,false,1.00,54.90,0.03,true,0,
3600542258470,false,גרניה ביו ארגן קרם לחות 50 מל,לוריאל,FR,ARGAN קרם לחות,,0.00,100.00,false,1.00,49.90,0.00,true,0,
3600542258494,false,גרניה ביו למון גראס גל ניקוי 150 מל,לוריאל,FR,LEMONGRASS ג'ל ניקוי מטהר,,0.00,100.00,false,1.00,44.90,0.00,true,0,
3600542258500,false,גרניה ביו טימין מי פנים מטהרים 150 מל,לוריאל,FR,THYME מי פנים מטהרים,,0.00,100.00,false,1.00,34.90,0.00,true,0,
3600542258517,false,גרניה ביו דרדר מים מיסלריים 400 מל,לוריאל,FR,CORNFLOWER מים מיסלריים,,0.00,100.00,false,1.00,44.90,0.00,true,0,
3600542267953,false,גרנייה - פיור אקטיב מים מיסלריים 400,גרנייה-קוסמטיקה,PL,PURE מי מיסלר,,0.00,100.00,false,1.00,35.90,0.00,true,0,
3600542310444,false,"גרנייה - דאודורנט ספריי לאישה מגנזיום 150 מ""ל",סופרוקוס,PL,דאודורנט ספריי מגנזיום אולטרה יבש,,0.00,100.00,false,1.00,16.90,0.00,true,0,
3600542325738,false,גרניה ביו קרם לילה לבנדר 50 מל,לוריאל,DE,קרם לילה לבנדר,,0.00,100.00,false,1.00,54.90,0.01,true,0,
3600542328647,false,גרניה סקין נט קרם גל אלוורה 50 מל,לוריאל,PL,SKIN NATURALS קרם ג'ל אלוורה,,0.00,100.00,false,1.00,47.90,0.00,true,0,
3600542361101,false,גרניה ביו המפ שמן לילה לעור הפנים 30 מל,לוריאל,DE,HEMP שמן לילה לעור הפנים,,0.00,100.00,false,1.00,54.90,0.01,true,0,
3600542365710,false,פיור ג`ל ניקוי עור הפנים,לוריאל ישראל קוסמטיקס בעמ,,PURE ACTIVE סבון פנים לניקוי עור שומני,"מ""ל",200.00,100.00,false,1.00,35.90,0.00,true,0,
3600542365758,false,גרניה בוטניקל מי פנים ענבים 200 מל,"קוסמופול, פולין",DE,BOTANICAL מי פנים - ענבים,,0.00,100.00,false,1.00,25.90,0.00,true,0,
3600542365796,false,בוטניקל ג`ל ניקוי ענבים 200 מל גרניה,לוריאל ישראל קוסמטיקס בעמ,PL,PURE ACTIVE ג'ל ניקוי לפנים - ענבים,,0.00,100.00,false,1.00,25.90,0.00,true,0,
3600542366113,false,גרניה בוטניקל קרם לחות ענבים 50 מל,לוריאל ישראל קוסמטיקס בעמ,DE,BOTANICAL קרם לפנים לעור רגיל עד מעורב,,0.00,100.00,false,1.00,40.90,0.00,true,0,
3600542366151,false,גרנייה - קרם לחות בוטניקלס ורדים,לוריאל,DE,BOTANICAL קרם לחות ורד,,0.00,100.00,false,1.00,40.90,0.00,true,0,
3600542367936,false,גרניה סקין נט מי פנים אלוורה 200 מל,לוריאל ישראל קוסמטיקס בעמ,DE,SKIN NATURALS מי פנים אלוורה,,0.00,100.00,false,1.00,25.90,0.00,true,0,
3600542368896,false,גרניה טישו מסק פיור אקטיב מסכת טישו לעור,לוריאל,CN,PURE ACTIVE TISSUE MASK מסכת בד,,0.00,0.00,false,1.00,15.90,0.00,true,0,
3600542370516,false,גרניה ביו המפ קרם גל 50 מל,לוריאל,DE,HEMP קרם במרקם ג'ל מזין ומעניק לחות,,0.00,100.00,false,1.00,49.90,0.00,true,0,
<<<<<<< HEAD
3600542375801,false,גרניה פיור אקטיב 3ב1 פחם 150 מל,לוריאל,FR,PURE ACTIVE ניקוי פנים,,0.00,100.00,false,1.00,19.90,0.00,true,0,
=======
3600542375801,false,קרם גרנייה פיוראקטיב 3ב1 פחם 150 מל,לוריאל ישראל קוסמטיקס בעמ,FR,PURE ACTIVE ניקוי פנים,,0.00,100.00,false,1.00,19.90,0.00,true,0,
>>>>>>> d048ac2f4f281c9d788043ab4e81b61b0dbe3743
3600542380492,false,גרנייה - מסכת טישו ויטמין סי,לוריאל,CN,TISSUE MASK מסכת ויטמין C,,0.00,100.00,false,1.00,15.90,0.00,true,0,
3600542380607,false,גרניה מיסלר אקו פדס 3 יחידות,לוריאל,CN,MICELLAR ECO PADS פדים בעלי סיבי מיקרופייבר לשימוש רב פעמי,,0.00,0.00,false,1.00,29.90,0.00,true,0,
3600542385091,false,"גרנייה - דאודורנט רול און לאישה אקשן קונטרול 72 שעות 50 מ""ל",לוריאל ישראל קוסמטיקס בעמ,PL,דאודורנט רול אקשן קונטרול טרמיק 72 שעות,,0.00,100.00,false,1.00,16.90,0.00,true,0,
3600542385107,false,"גרנייה - דאודורנט רול און לאישה אינביזיבל BWC (ירוק) 50 מ""ל",לוריאל ישראל קוסמטיקס בעמ,,דאודורנט רול און אינביזיבל,,0.00,100.00,false,1.00,16.90,0.00,true,0,
3600542385220,false,"גרנייה - דאודורנט רול און לאישה פרוטקשן 6 פלורל (סגול) 50 מ""ל",לוריאל ישראל קוסמטיקס בעמ,FR,דאודורנט רול און פרוטקשן 6 פלורל,,0.00,100.00,false,1.00,16.90,0.00,true,0,
3600542385251,false,"גרנייה - דאודורנט רול און לאישה פרוטקשן 6 כותנה (ורוד) 50 מ""ל",לוריאל ישראל קוסמטיקס בעמ,FR,דאודורנט רול און פרוטקשן 6 כותנה,,0.00,100.00,false,1.00,16.90,0.00,true,0,
3600542385268,false,"גרנייה - דאודורנט רול און לאישה אינביזיבל BWC (ורוד) 50 מ""ל",לוריאל ישראל קוסמטיקס בעמ,,דאודורנט רול און אינביזיבל,,0.00,100.00,false,1.00,16.90,0.00,true,0,
3600542385275,false,"גרנייה - דאודורנט רול און לאישה פיור אקטיב 50 מ""ל",לוריאל ישראל קוסמטיקס בעמ,FR,דאודורנט רול פיור אקטיב שמן עץ התה,,0.00,100.00,false,1.00,16.90,0.00,true,0,
3600542385312,false,גרניה טישו מסק מסכת רימונים לעור יבש,לוריאל,CN,TISSUE MASK מסכת רימונים לעור יבש,,0.00,0.00,false,1.00,15.90,0.00,true,0,
3600542385329,false,גרניה טישו מסק מסכת תה ירוק לעור רגיל,לוריאל,CN,TISSUE MASK מסכת תה ירוק לעור רגיל עד מעורב,,0.00,0.00,false,1.00,15.90,0.00,true,0,
3600542385626,false,גרנייה - מסכת טישו עם אלוורה וחומצה הילאורונית,לוריאל,CN,TISSUE MASK מסכת אלוורה,,0.00,100.00,false,1.00,15.90,0.00,true,0,
3600542385657,false,גרניה מסכת טישו פנים ללילה-MOISTURE BOMB,לוריאל,CN,MOISTURE BOMB מסכת טישו פנים ללילה,,0.00,100.00,false,1.00,15.90,0.00,true,0,
3600542387156,false,גרניה מסכת טישו אמפולות קייל ירוק,לוריאל,CN,NIACINAMIDE מסכת טישו אמפולות קייל ירוק,,0.00,0.00,false,1.00,15.90,0.00,true,0,
3600542387217,false,גרניה מסכת טישו אמפולות אננס צהוב,לוריאל,CN,VITAMIN C מסכת טישו אמפולות אננס צהוב,,0.00,0.00,false,1.00,15.90,0.00,true,0,
3600542387279,false,גרניה מסכת טישו אמפולות אבטיח אדום,לוריאל,CN,HYLUARONIC מסכת טישו אמפולות אבטיח אדום,,0.00,0.00,false,1.00,15.90,0.00,true,0,
3600542397582,false,גרניה ביו רוזי גלואו קרם לחות 3ב-1 50 מל,לוריאל,DE,BIO ROSY GLOW קרם לחות 3 ב -1,,0.00,100.00,false,1.00,49.90,0.00,true,0,
3600542397926,false,"גרנייה - דאודורנט ספריי לאישה פרוטקשן 6 כותנה (ורוד) 150 מ""ל",לוריאל ישראל קוסמטיקס בעמ,FR,דאודורנט ספריי פרוטקשיין 6 כותנה,,0.00,100.00,false,1.00,16.90,0.00,true,0,
3600542398206,false,גרניה סקין נט תרחיץ אלוורה 200 מל,לוריאל ישראל קוסמטיקס בעמ,DE,SKIN NATURALS ג'ל ניקוי עם אלוורה,,0.00,100.00,false,1.00,25.90,0.00,true,0,
3600542412773,false,גרניה פיור אקטיב פיל אוף פחם מסכה 50 מל,סופרוריאל אולניי,FR,PURE ACTIVE CHARCOAL מסכת פחם לטיהור העור,,0.00,100.00,false,1.00,41.90,0.00,true,0,
3600542415071,false,גרניה סקין נטורלס קרם לחות BB גוון ללא ש,לוריאל,FR,SKIN NATURALS קרם לחות BB בתוספת גוון ללא שמן 01,,0.00,100.00,false,1.00,61.90,0.01,true,0,
3600542415194,false,גרניה סקין נטורלס קרם לחות BB גוון ללא ש,לוריאל,FR,SKIN NATURALS קרם לחות BB בתוספת גוון ללא שמן 02,,0.00,100.00,false,1.00,61.90,0.01,true,0,
3600542416405,false,גרניה סקין נטורלס קרם לחות BB גוון מדיום,לוריאל,FR,SKIN NATURALS קרם לחות BB בתוספת גוון מדיום,,0.00,100.00,false,1.00,61.90,0.01,true,0,
3600542416436,false,גרניה סקין נטורלס קרם לחות BB גוון בהיר,לוריאל,FR,SKIN NATURALS קרם לחות BB בתוספת גוון בהיר,,0.00,100.00,false,1.00,61.90,0.01,true,0,
3600542421638,false,"גרנייה - פרוקטיס היירפוד שמפו מקדמיה 350 מ""ל",לוריאל ישראל קוסמטיקס בעמ,IL,שמפו מקדמיה,,0.00,100.00,false,1.00,14.90,0.00,true,0,
3600542421645,false,"גרנייה - פרוקטיס היירפוד מרכך מקדמיה 350 מ""ל",לוריאל ישראל קוסמטיקס בעמ,IL,מרכך מקדמיה,,0.00,100.00,false,1.00,14.90,0.00,true,0,
3600542421652,false,גרניה פרוקטיס מרכך אלוורה 350 מל,לוריאל,IL,מרכך אלוורה,,0.00,100.00,false,1.00,14.90,0.00,true,0,
3600542421669,false,"גרנייה - פרוקטיס היירפוד מרכך פפאיה 350 מ""ל",לוריאל ישראל קוסמטיקס בעמ,IL,מרכך פפאיה,,0.00,100.00,false,1.00,14.90,0.00,true,0,
3600542421676,false,"גרנייה - פרוקטיס היירפוד מרכך בננה 350 מ""ל",לוריאל ישראל קוסמטיקס בעמ,IL,מרכך בננה,,0.00,100.00,false,1.00,14.90,0.00,true,0,
3600542421683,false,"גרנייה - פרוקטיס היירפוד שמפו בננה 350 מ""ל","אינטרביוטי קוסמטיק בע""\מ",IL,שמפו בננה,,0.00,100.00,false,1.00,14.90,0.00,true,0,
3600542421690,false,גרניה פרוקטיס שמפו אלוורה 350 מל,לוריאל,IL,שמפו אלוורה,,0.00,100.00,false,1.00,14.90,0.00,true,0,
3600542421706,false,"גרנייה - פרוקטיס היירפוד שמפו פפאיה 350 מ""ל",לוריאל ישראל קוסמטיקס בעמ,IL,שמפו פפאיה,,0.00,100.00,false,1.00,14.90,0.00,true,0,
3600542421713,false,גרניה פרוקטיס מסכה לשיער אלוורה 390 מל,לוריאל,IL,מסכה לשיער אלוורה,,0.00,100.00,false,1.00,39.90,0.00,true,0,
3600542421737,false,גרנייה פרוקטיס היפורד מסכה מקדמיה 390 גר,לוריאל ישראל קוסמטיקס בעמ,IL,מסכה לשיער מקדמיה,,0.00,100.00,false,1.00,39.90,0.00,true,0,
3600542431828,false,גרנייה - קולור נטורלס 1 שחור טבעי חדש,לוריאל ישראל קוסמטיקס בעמ,PL,צבע לשיער קולור נטורלס 1 שחור טבעי,,0.00,0.00,false,1.00,23.90,0.00,true,0,
3600542431835,false,גרנייה - קולור נטורלס 3 חום כהה מאוד חדש,לוריאל ישראל קוסמטיקס בעמ,PL,צבע לשיער קולור נטורלס 3 חום כהה מאוד,,0.00,0.00,false,1.00,23.90,0.00,true,0,
3600542431842,false,גרנייה - קולור נטורלס 4 חום כהה טבעי חדש,לוריאל ישראל קוסמטיקס בעמ,PL,צבע לשיער קולור נטורלס 4 חום כהה,,0.00,0.00,false,1.00,23.90,0.00,true,0,
3600542431859,false,גרנייה - קולור נטורלס 5 חום טבעי חדש,לוריאל ישראל קוסמטיקס בעמ,PL,צבע לשיער קולור נטורלס 5 חום טבעי,,0.00,0.00,false,1.00,23.90,0.00,true,0,
3600542431866,false,גרנייה קולור נטורלס צבע לשיער חום בהיר 6,לוריאל ישראל קוסמטיקס בעמ,PL,צבע לשיער קולור נטורלס 6 חום בהיר,,0.00,0.00,false,1.00,23.90,0.00,true,0,
3600542431873,false,גרנייה - קולור נטורלס 7 בלונד טבעי חדש,לוריאל ישראל קוסמטיקס בעמ,PL,צבע לשיער קולור נטורלס 7 בלונד טבעי,,0.00,0.00,false,1.00,23.90,0.00,true,0,
3600542431880,false,גרנייה - קולור נטורלס 8 בלונד בהיר חדש,לוריאל ישראל קוסמטיקס בעמ,PL,צבע לשיער קולור נטורלס 8 בלונד בהיר,,0.00,0.00,false,1.00,23.90,0.00,true,0,
3600542431897,false,גרנייה - קולור נטורלס 9 בלונד בהיר מאוד חדש,לוריאל ישראל קוסמטיקס בעמ,PL,צבע לשיער קולור נטורלס 9 בלונד בהיר מאוד,,0.00,0.00,false,1.00,23.90,0.00,true,0,
3600542431903,false,גרנייה - קולור נטורלס 10 בלונד סופר בהיר חדש,לוריאל ישראל קוסמטיקס בעמ,PL,צבע לשיער קולור נטורלס 10 בלונד סופר בהיר,,0.00,0.00,false,1.00,23.90,0.00,true,0,
3600542431910,false,גרנייה - קולור נטורלס 2.1 שחור כחול חדש,לוריאל ישראל קוסמטיקס בעמ,PL,צבע לשיער קולור נטורלס 2.1 שחור כחול,,0.00,0.00,false,1.00,23.90,0.00,true,0,
3600542431927,false,גרנייה - קולור נטורלס 8.1 בלונד אפרפר בהיר חדש,לוריאל ישראל קוסמטיקס בעמ,PL,צבע לשיער קולור נטורלס 8.1 בלונד אפרפר,,0.00,0.00,false,1.00,23.90,0.00,true,0,
3600542431934,false,גרנייה - קולור נטורלס 6.25 חום אגוז חדש,לוריאל ישראל קוסמטיקס בעמ,PL,צבע לשיער קולור נטורלס 6.25 חום אגוז,,0.00,0.00,false,1.00,23.90,0.00,true,0,
3600542431941,false,גרנייה - קולור נטורלס 5.3 חום זהוב חדש,לוריאל ישראל קוסמטיקס בעמ,PL,צבע לשיער קולור נטורלס 5.3 חום זהוב,,0.00,0.00,false,1.00,23.90,0.00,true,0,
3600542431958,false,גרנייה - קולור נטורלס 7.3 בלונד זהוב חדש,לוריאל ישראל קוסמטיקס בעמ,PL,צבע לשיער קולור נטורלס 7.3 בלונד זהוב,,0.00,0.00,false,1.00,23.90,0.00,true,0,
3600542431965,false,גרנייה - קולור נטורלס 5.52 חום דבש חדש,לוריאל ישראל קוסמטיקס בעמ,PL,צבע לשיער קולור נטורלס 5.52 חום מהגוני,,0.00,0.00,false,1.00,23.90,0.00,true,0,
3600542431972,false,צבע לשיער קולור נטורלס - 111 בלונד אולטרה בהיר אפור,לוריאל ישראל קוסמטיקס בעמ,PL,צבע לשיער קולור נטורלס 111 בלונד אולטרה בהיר אפור,,0.00,0.00,false,1.00,23.90,0.00,true,0,
3600542431989,false,גרנייה - קולור נטורלס 6.34 חום שוקולד חדש,לוריאל ישראל קוסמטיקס בעמ,PL,צבע לשיער קולור נטורלס 6.34 חום שוקולד,,0.00,0.00,false,1.00,23.90,0.00,true,0,
3600542431996,false,גרנייה - קולור נטורלס 5.15 חום שוקולד עשיר חדש,לוריאל ישראל קוסמטיקס בעמ,PL,צבע לשיער קולור נטורלס 5.15 חום שוקולד,,0.00,0.00,false,1.00,23.90,0.00,true,0,
3600542432009,false,גרנייה - קולור נטורלס 4.5 חום שוקולד כהה חדש,לוריאל ישראל קוסמטיקס בעמ,PL,צבע לשיער קולור נטורלס 4.5 חום שוקולד,,0.00,0.00,false,1.00,23.90,0.00,true,0,
3600542432016,false,צבע לשיער קולור נטורלס- 5.25 חום מהגוני פנינה בהיר,לוריאל ישראל קוסמטיקס בעמ,PL,צבע לשיער קולור נטורלס 5.25 חום מהגוני,,0.00,0.00,false,1.00,23.90,0.00,true,0,
3600542432023,false,גרנייה - קולור נטורלס 2 שחור מעודן חדש,לוריאל ישראל קוסמטיקס בעמ,PL,צבע לשיער קולור נטורלס 2 שחור מעודן,,0.00,0.00,false,1.00,23.90,0.00,true,0,
3600542432030,false,גרנייה - קולור נטורלס 7.40+ נחושת עוצמתית חדש,לוריאל ישראל קוסמטיקס בע,PL,צבע לשיער קולור נטורלס +7.40 נחושת עוצמתית,,0.00,0.00,false,1.00,23.90,0.00,true,0,
3600542432047,false,גרנייה - קולור נטורלס 10.1 בלונד סופר בהיר ב חדש,קוסמופול,PL,צבע לשיער קולור נטורלס 10.1 בלונד סופר בהיר בז',,0.00,0.00,false,1.00,23.90,0.00,true,0,
3600542432054,false,גרנייה - קולור נטורלס 9.1 בלונד בהיר מאוד א חדש,קוסמופול,PL,צבע לשיער קולור נטורלס 9.1 בלונד בהיר מאור אפרפר,,0.00,0.00,false,1.00,23.90,0.00,true,0,
3600542432061,false,גרנייה - קולור נטורלס 7.1 בלונד טבעי אפרפר חדש,קוסמופול,PL,צבע לשיער קולור נטורלס 7.1 בלונד טבעי אפרפר,,0.00,0.00,false,1.00,23.90,0.00,true,0,
3600542432078,false,גרנייה - קולור נטורלס 3.12 חום קפוא חדש,קוסמופול,PL,צבע לשיער קולור נטורלס 3.12 חום קפוא,,0.00,0.00,false,1.00,23.90,0.00,true,0,
3600542432085,false,גרנייה - קולור נטורלס 4.12 חום קרח חדש,לוריאל ישראל קוסמטיקס בע,PL,צבע לשיער קולור נטורלס 4.12 חום קרח,,0.00,0.00,false,1.00,23.90,0.00,true,0,
3600542432092,false,גרנייה - קולור נטורלס 5.12 חום שלג חדש,קוסמופול,PL,צבע לשיער קולור נטורלס 5.12 חום שלג,,0.00,0.00,false,1.00,23.90,0.00,true,0,
3600542432962,false,"גרנייה - סרום לפנים אלוורה 30 מ""ל",לוריאל ישראל קוסמטיקס בעמ,DE,SKIN NATURALS סרום לפנים אלוורה,,0.00,100.00,false,1.00,61.90,0.02,true,0,
3600542433266,false,גרנייה - סרום לפנים ויטמין C סקין אקטיב,לוריאל ישראל קוסמטיקס בעמ,DE,SKIN ACTIVE סרום לפנים ויטמין C,,0.00,100.00,false,1.00,61.90,0.02,true,0,
3600542449915,false,גרנייה - אוליה מיני קיט 5.12 חום קרח נוצץ,לוריאל,PL,צבע שיער חום נוצץ 5.12,,0.00,0.00,false,1.00,29.90,0.00,true,0,
3600542449922,false,צבע לשיער אוליה גוון6.12,לוריאל,PL,צבע שיער חום בהיר נוצץ 6.12,,0.00,0.00,false,1.00,29.90,0.00,true,0,
3600542450683,false,גרנייה אומברה סולייר ברונזר תחליב משזף,לוריאל,IL,AMBRE SOLAIRE תחליב משזף ברונזר,,0.00,0.00,false,1.00,49.00,0.00,true,0,
3600542456579,false,מים מיסלר ויטמין סי 400 מל גרנייה,לוריאל ישראל קוסמטיקס בעמ,DE,SKIN ACTIVE מיסלר ויטמין סי,,0.00,100.00,false,1.00,39.90,0.00,true,0,
3600542456586,false,גרניה מי מיסלר עם מי ורדים 400 מל,לוריאל,PL,MICELLAR מי מיסלר עם מי ורדים,,0.00,100.00,false,1.00,39.90,0.00,true,0,
3600542456593,false,גרנייה פיור אקטיב מי פנים 200 מל,General,,PURE מי פנים,,0.00,100.00,false,1.00,35.90,0.00,true,0,
3600542503235,false,"גרנייה - פרוקטיס היירפוד מרכך חמאת קקאו 350 מ""ל","אינטרביוטי קוסמטיק בע""\מ",IL,מרכך חמאת קקאו,,0.00,100.00,false,1.00,14.90,0.00,true,0,
3600542503242,false,"גרנייה - פרוקטיס היירפוד שמפו חמאת קקאו 350 מ""ל","אינטרביוטי קוסמטיק בע""\מ",IL,שמפו חמאת קקאו,,0.00,100.00,false,1.00,14.90,0.00,true,0,
<<<<<<< HEAD
3607340717635,false,אדידס גל רחצה לגבר אייס דייב 400 מל,קוטי ס.פ,ES,ג'ל רחצה לגבר אייס דייב,,0.00,100.00,false,1.00,16.90,0.00,true,0,
=======
3607340717635,false,אדידס גל רחצה לגבר אייס דייב 400 מל,דנשר (1963) בעמ,ES,ג'ל רחצה לגבר אייס דייב,,0.00,100.00,false,1.00,16.90,0.00,true,0,
>>>>>>> d048ac2f4f281c9d788043ab4e81b61b0dbe3743
3607345264356,false,"אדידס בודי ספריי לגבר דינמיק פולס, ללא אלומיניום, 150 מל",דנשר,,דאודורנט ספריי דינמיק פלוס לגבר,,0.00,100.00,false,1.00,24.90,0.00,true,0,
3607345264912,false,"אדידס בודי ספריי לגבר אייס דייב, ללא אלומיניום, 150 מל",אגריפק אס איי לגרדה,,דאודורנט ספריי אייס דייב,,0.00,100.00,false,1.00,24.90,0.00,true,0,
3607345265117,false,"אדידס - דאודורנט ספריי לגבר טים פורס 150 מ""ל",מיוצר עי קונדיטוריית,ES,דאודורנט ספריי גוף טים פורס,,0.00,100.00,false,1.00,24.90,0.00,true,0,
3607345722450,false,אדידס גל רחצה לנשים פרוטקט 400 מל,דנשר,ES,ג'ל רחצה לאשה פרוטקט,,0.00,100.00,false,1.00,8.00,0.00,true,0,
3607345724607,false,אדידס גל רחצה לנשים סמוט 400 מל,דנשר,ES,ג'ל רחצה לאשה סמוט',,0.00,100.00,false,1.00,16.90,0.00,true,0,
3607345887890,false,אדידס ספריי גוף לנשים פרוטי רידם 150 מל,דנשר,ES,דאודורנט ספריי גוף לנשים פרוטי רידם,,0.00,100.00,false,1.00,24.90,0.00,true,0,
3607345888040,false,אדידס ספריי גוף לנשים פיור לייטנס 150 מל,דנשר,ES,דאודורנט ספריי גוף לנשים פיור לייטנס,,0.00,100.00,false,1.00,24.90,0.00,true,0,
3607346373873,false,נאוטיקה וויאג בודי ספריי 150 מל,קוטי,PL,VOYAGE בודי ספריי לגבר,,0.00,100.00,false,1.00,19.90,0.00,true,0,
3607347415589,false,"אדידס - דאודורנט רול און לאישה פרש קול אנד קר 50 מ""ל",קוטדור,ES,דאודורנט רול און פרש קול אנד קר לאשה,,0.00,100.00,false,1.00,16.90,0.00,true,0,
3607347918981,false,"אדידס - דאודורנט רול און לאישה קול אנד קר 6 ב-1 50 מ""ל",דנשר,ES,דאודורנט רול און 6 ב 1 קול אנד קר לאשה,,0.00,100.00,false,1.00,16.90,0.00,true,0,
3614223736485,false,"אדידס דאודורנט ספריי לגבר אדיפיור 200מ""ל",דנשר (1963) בעמ,PT,דאודורנט ספריי לגבר אדיפיור,,0.00,100.00,false,1.00,24.90,0.00,true,0,
3614224051235,false,אדידס דאודורנט ספריי גברים אדיפוואר 200מל,דנשר (1963) בעמ,PT,דאודורנט ספריי לגבר אדיפאוור 72 שעות,,0.00,100.00,false,1.00,24.90,0.00,true,0,
3614225394560,false,צבע לשיער קולסטון קיט לשורשים 6/0 בלונד כהה,HFC פרסטיג',FR,ערכת צבע מכסה שורשים ב-10 דקות 6/0 בלונד כהה,,0.00,0.00,false,1.00,29.90,0.00,true,0,
3614225394584,false,צבע לשיער קולסטון קיט לשורשים 5/0 חום טבעי,וולה Wella,FR,ערכת צבע מכסה שורשים ב-10 דקות 5/0 חום טבעי,,0.00,0.00,false,1.00,29.90,0.00,true,0,
3614225394591,false,צבע לשיער קולסטון קיט לשורשים 4/0 חום כהה,HFC פרסטיג',FR,ערכת צבע מכסה שורשים ב-10 דקות 4/0 חום כהה,,0.00,0.00,false,1.00,29.90,0.00,true,0,
3614225394607,false,צבע לשיער קולסטון קיט לשורשים 7/0 בלונד טבעי,וולה Wella,FR,ערכת צבע מכסה שורשים ב-10 דקות 7/0 בלונד טבעי,,0.00,0.00,false,1.00,29.90,0.00,true,0,
3614225394638,false,קולסטון רוט טאצ אפ קיט 2/0 שחור/חום שחור,דיפלומט,FR,ערכת צבע מכסה שורשים ב-10 דקות 2/0 שחור/חום שחור,,0.00,0.00,false,1.00,29.90,0.00,true,0,
3614225394645,false,צבע לשיער קולסטון קיט לשורשים 3/0 חום כהה מאוד,דיפלומט מפיצים (1986) בע`מ,FR,ערכת צבע מכסה שורשים ב-10 דקות 3/0 חום כהה מאוד,,0.00,0.00,false,1.00,29.90,0.00,true,0,
3614226754196,false,"וולה פלקס ספריי לנפח והגנה וולה דלוקס 75 מ""ל","אינטרספריי, צרפת",FR,דלוקס ספריי לנפח והגנה,,0.00,100.00,false,1.00,16.90,0.00,true,0,
3614226754295,false,"וולה ספריי לנפח והגנה וולה דלוקס 250 מ""ל","אינטרספריי, צרפת",FR,דלוקס ספריי לנפח והגנה,,0.00,100.00,false,1.00,44.90,0.00,true,0,
3614226754301,false,"וולה מוס לנפח והגנה דלוקס 200 מ""ל",דיפלומט,FR,דלוקס מוס לנפח והגנה,,0.00,100.00,false,1.00,39.90,0.00,true,0,
3614226761613,false,תרסיס קולסטון רוט טאצ' אפ חום בינוני - כהה,וולה Wella,FR,תרסיס קונסילר זמני לשורשי השערות עמיד במים - חום בינוני- כהה,,0.00,100.00,false,1.00,39.90,0.00,true,0,
3614226761651,false,תרסיס קולסטון רוט טאצ' אפ בלונד בהיר - כהה,וולה Wella,FR,תרסיס קונסילר זמני לשורשי השערות עמיד במים - בלונד בהיר-כהה,,0.00,100.00,false,1.00,39.90,0.00,true,0,
3614226761675,false,קולסטון רוט טאצ אפ ספריי שורשים-שחור,וולה Wella,FR,תרסיס קונסילר זמני לשורשי השערות עמיד במים - שחור,,0.00,100.00,false,1.00,39.90,0.00,true,0,
3614226768292,false,צבע לשיער קולסטון קיט 6/3 - בלונד זהוב כהה,וולה Wella,DE,קרם לצביעה לשיער 6/3 בלונד זהוב כהה,,0.00,0.00,false,1.00,39.90,0.00,true,0,
3614226768308,false,צבע לשיער קולסטון קיט 7/2 - בלונד בינוני מאט,וולה Wella,DE,קרם לצביעה לשיער 7/2 בלונד בינוני מאט,,0.00,0.00,false,1.00,39.90,0.00,true,0,
3614226768315,false,צבע לשיער קולסטון קיט 7/7 - חום שטני,וולה Wella,DE,קרם לצביעה לשיער 7/7 חום שטני,,0.00,0.00,false,1.00,39.90,0.00,true,0,
3614228865746,false,סופט קולור 80 בלונד בהיר,"HFC פרסטיג,'\ שטיינברג,",DE,ערכת צבע לשיער ללא אמוניה 80 בלונד בהיר,,0.00,0.00,false,1.00,39.90,0.00,true,0,
3614228865753,false,סופט קולור 83 בלונד בהיר מוזהב,"HFC פרסטיג,'\ שטיינברג,",DE,ערכת צבע לשיער ללא אמוניה 83 בלונד בהיר מוזהב,,0.00,0.00,false,1.00,39.90,0.00,true,0,
3614228865777,false,סופט קולור 77 חום מוזהב,"HFC פרסטיג,'\ שטיינברג,",DE,ערכת צבע לשיער ללא אמוניה 77 חום מוזהב,,0.00,0.00,false,1.00,39.90,0.00,true,0,
3614228865784,false,סופט קולור 70 בלונד טבעי,"HFC פרסטיג,'\ שטיינברג,",DE,ערכת צבע לשיער ללא אמוניה 70 בלונד טבעי,,0.00,0.00,false,1.00,39.90,0.00,true,0,
3614228865791,false,סופט קולור 67 חום שוקולד,"HFC פרסטיג,'\ שטיינברג,",DE,ערכת צבע לשיער ללא אמוניה 67 חום שוקולד,,0.00,0.00,false,1.00,39.90,0.00,true,0,
3614228865807,false,סופט קולור 63 קרמל זהוב,"HFC פרסטיג,'\ שטיינברג,",DE,ערכת צבע לשיער ללא אמוניה 63 קרמל זהוב,,0.00,0.00,false,1.00,39.90,0.00,true,0,
3614228865814,false,סופט קולור 60 בלונד כהה,"HFC פרסטיג,'\ שטיינברג,",DE,ערכת צבע לשיער ללא אמוניה 60 בלונד כהה,,0.00,0.00,false,1.00,39.90,0.00,true,0,
3614228865821,false,סופט קולור 50 חום בהיר,"HFC פרסטיג,'\ שטיינברג,",DE,ערכת צבע לשיער ללא אמוניה 50 חום בהיר,,0.00,0.00,false,1.00,39.90,0.00,true,0,
3614228865852,false,סופט קולור 40 חום בינוני,"HFC פרסטיג,'\ שטיינברג,",DE,ערכת צבע לשיער ללא אמוניה 40 חום בינוני,,0.00,0.00,false,1.00,39.90,0.00,true,0,
3614228865869,false,סופט קולור 30 חום כהה,"HFC פרסטיג,'\ שטיינברג,",DE,ערכת צבע לשיער ללא אמוניה 30 חום כהה,,0.00,0.00,false,1.00,39.90,0.00,true,0,
3614228865883,false,וולה סופט קולור 2/0 שחור,"HFC פרסטיג,'\ שטיינברג,",DE,ערכת צבע לשיער ללא אמוניה 20 שחור,,0.00,0.00,false,1.00,39.90,0.00,true,0,
3614229717044,false,"שמן לשיער וולה דלוקס לשיער יבש 100 מ""ל",דיפלומט,FR,דלוקס שמן לשיער יבש,,0.00,0.00,false,1.00,39.90,0.39,true,0,
3614229717051,false,"וולה שמן לשיער וולה דלוקס 100 מ""ל",דיפלומט,FR,דלוקס שמן לשיער,,0.00,0.00,false,1.00,39.90,0.39,true,0,
3614229717082,false,וולה מוס לשיער וולה דלוקס למגע חלק כמשי 200 מ,אינטרספריי,FR,דלוקס מוס למגע חלק כמשי,,0.00,100.00,false,1.00,39.90,0.00,true,0,
3614229717099,false,וולה ספריי לשיער וולה דלוקס למגע חלק כמשי 250,אינטרספריי,FR,דלוקס ספריי למגע חלק כמשי,,0.00,100.00,false,1.00,44.90,0.00,true,0,
3614229717105,false,וולה ספריי לחות וולה דלוקס לטיפוח וריכוך 150,דיפלומט,FR,דלוקס ספריי לחות לטיפוח וריכוך,,0.00,100.00,false,1.00,25.90,0.00,true,0,
3616302076796,false,סופט קולור 10 אספרסו שחור,דיפלומט,DE,ערכת צבע לשיער ללא אמוניה 10 אספרסו שחור,,0.00,0.00,false,1.00,39.90,0.00,true,0,
3616302076819,false,סופט קולור 535 חום קפה ערביקה,דיפלומט,DE,ערכת צבע לשיער ללא אמוניה 535 חום קפה ערביקה,,0.00,0.00,false,1.00,39.90,0.00,true,0,
3616302076833,false,סופט קולור 323 קפה רובוסטה כהה,דיפלומט,DE,ערכת צבע לשיער ללא אמוניה 323 קפה רובוסטה כהה,,0.00,0.00,false,1.00,39.90,0.00,true,0,
3616302078622,false,קולסטון קיט 1/0 שחור לילה כהה במיוחד,MANUFACTURI PRESTIGE HFC,DE,קרם לצביעה לשיער 1/0 שחור לילה כהה במיוחד,,0.00,0.00,false,1.00,39.90,0.00,true,0,
3661163970448,false,"אדידס דאודורנט ספריי מקס פרש לגברים 200 מ""ל",מיוצר עי קונדיטוריית,,דאודורנט ספריי לגבר פרש,,0.00,100.00,false,1.00,24.90,0.00,true,0,
3661163990545,false,"אדידס דאודורנט ספריי לגברים אקשיין 200 מ""ל",מיוצר עי קונדיטוריית,PT,דאודורנט ספריי לגברים קליימקול,,0.00,100.00,false,1.00,24.90,0.00,true,0,
3661163991146,false,"אדידס - דאודורנט ספריי לאישה קול אנד קר פרש 150 מ""ל",מיוצר עי קונדיטוריית,,דאודורנט ספריי לאשה פרש,"מ""ל",200.00,100.00,false,1.00,24.90,0.00,true,0,
3661163991580,false,"אדידס - דאודורנט ספריי לאישה קול אנד קר 6 ב-1 150 מ""ל",מיוצר עי קונדיטוריית,PT,דאודורנט ספריי לאשה 6 ב-1 קול קר,"מ""ל",200.00,100.00,false,1.00,24.90,0.00,true,0,
3666057003417,false,קלרינס סופר- לחות באלם 50 מל לגבר,אלפא,FR,SUPER MOISTURE קרם לחות באלם לגבר,,0.00,100.00,false,1.00,185.00,0.03,true,0,
3666057006432,false,קלרינס קרם גוף פיט 200 מל,אלפא,FR,FIT MINCEUR SLEEVER קרם גוף,,0.00,100.00,false,1.00,299.00,0.01,true,0,
3666057008177,false,קלרינס קרם יום מולטי אקטיב 50 מל,אלפא,FR,קרם יום מולטי אקטיב,,0.00,100.00,false,1.00,399.00,0.07,true,0,
3666057014178,false,קלרינס הידרה אסנשיאל קרם יום כל סוגיהעור,אלפא,FR,HYDRA ESSENTIEL קרם יום לכל סוגי העור,,0.00,100.00,false,1.00,389.00,0.07,true,0,
3666057016035,false,קלרינס מולטי אקטיב קרם לילה 50 מל,אלפא,FR,MULTI-ACTIVE קרם לילה,,0.00,100.00,false,1.00,469.00,0.09,true,0,
3666057019050,false,קלרינס סופר- גל לחות 50 מל לגבר,אלפא,FR,SUPER MOISTURE ג'ל לחות לגבר,,0.00,100.00,false,1.00,195.00,0.03,true,0,
3666057020599,false,קלרנס אקסטרה פירמינג מסכה 75 מל,אלפא,FR,EXTRA FIRMING מסכה,,0.00,100.00,false,1.00,359.00,0.04,true,0,
3666057031076,false,קלרנס שמן טוניק לגוף,אלפא,,שמן טוניק לגוף,,0.00,0.00,false,1.00,279.00,2.79,true,0,
3666057058172,false,קלרינס מארז סופר רסטורייטיב ק.יום+ק.יד+ק,אלפא,FR,SUPER RESTORATIVE מארז קרם יום + קרם ידיים + קרם לילה,,0.00,0.00,false,1.00,639.00,0.00,true,0,
3701129800089,false,ביודרמה פיגמנטביו קרם לילה,כמיפל שיווק,FR,פיגמנטביו קרם לילה,,0.00,100.00,false,1.00,169.90,0.03,true,0,
3701129800102,false,ביודרמה פיגמנטביו H2O מים מיסלריים,כמיפל שיווק,FR,פיגמנטביו מים מיסלריים,,0.00,100.00,false,1.00,74.90,0.00,true,0,
3701129800119,false,ביודרמה פיגמנטביו ויטמין C לכתמים 15 מל,כמיפל שיווק,FR,פיגמנטביו ויטמין C לכתמים כהים בפנים,,0.00,100.00,false,1.00,249.90,0.16,true,0,
3701129800546,false,ביודרמה פיגמנטביו קרם קצף 200 מל,כמיפל שיווק,FR,פיגמנטביו קרם קצף,,0.00,100.00,false,1.00,89.90,0.00,true,0,
3701129801055,false,ביודרמה פוטודרם ילדים 200 מל +SPF50 ספרי,כמיפל שיווק,FR,פוטודרם ילדים +SPF50 ספריי,,0.00,100.00,false,1.00,139.90,0.00,true,0,
3701129801062,false,ביודרמה פוטודרם מקס 200 מל +SPF50 ספריי,כמיפל שיווק,FR,פוטודרם מקס +SPF50 ספריי,,0.00,100.00,false,1.00,129.90,0.00,true,0,
3701129801116,false,ביודרמה פוטודרם קרם הגנה AKN SPF30,כמיפל שיווק,FR,פוטודרם קרם הגנה AKN SPF30,,0.00,100.00,false,1.00,79.90,0.01,true,0,
3701129801178,false,ביודרמה פוטודרם ספוט 40מל +SPF50,כמיפל שיווק,FR,פוטודרם ספוט +SPF50,,0.00,100.00,false,1.00,79.90,0.02,true,0,
3701129803431,false,ביודרמה פוטודרם קאבר טאצ - צבע זהוב,כמיפל שיווק,FR,פוטודרם קאבר טאצ' - צבע זהוב,,0.00,100.00,false,1.00,99.90,0.02,true,0,
3701129803455,false,ביודרמה פוטודרם ניוד טאצ - צבע בהיר מאוד,כמיפל שיווק,FR,פוטודרם ניוד טאצ' - צבע בהיר מאוד,,0.00,100.00,false,1.00,99.90,0.02,true,0,
3800020403631,false,קיט קט וופל פריך עם קרם בוטנים (19%) בציפוי שוקולד חלב (61.8%),קבוצת אוסם סחר-שות.מוגבלת,,קיט קט צ'אנקי חמאת בוטנים,,0.00,100.00,false,1.00,4.90,0.00,true,0,
3800020423578,false,קיט קט שוקולד אצבעות צ'אנקי אדום 40ג',קבוצת אוסם סחר שותפות מוגבלת,BG,קיט קט צ'אנקי,,0.00,100.00,false,1.00,4.90,0.00,true,0,
3800020472712,false,חטיף קיט קאט צאנקי פופקורן 42 ג',קבוצת אוסם סחר שותפות מוגבלת,BG,קיט קט צ'אנקי פופקורן,,0.00,100.00,false,1.00,4.90,0.00,true,0,
3800038933656,false,דרמה גל היגייני לניקוי הידיים 50 מל 65%,זר הייטק,IL,ג'ל היגייני לניקוי הידיים 65% אלכוהול,,0.00,100.00,false,1.00,7.90,0.00,true,0,
3838824127149,false,צבע לשיער פלטה - 1-1 שחור כחול,שוורצקופף והנקל,,קרם צבע שיער שחור כחול 1-1,,0.00,0.00,false,1.00,29.90,0.00,true,0,
<<<<<<< HEAD
3838824127163,false,צבע לשיער פאלטה בלונד כסוף 1-10,שוורצקופף והנקל,,קרם צבע שיער בלונד כסוף 10-1,,0.00,0.00,false,1.00,29.90,0.00,true,0,
3838824127200,false,פלטה סמי קיט 5-68 ערמונים בינוני,שוורצקופף והנקל,,קרם צבע שיער חום כהה 3-0,,0.00,0.00,false,1.00,29.90,0.00,true,0,
3838824127224,false,פלטה סמי קיט חום בינוני 4-0 צבע שיער,שוורצקופף והנקל,,קרם צבע שיער חום בינוני 4-0,,0.00,0.00,false,1.00,29.90,0.00,true,0,
=======
3838824127163,false,צבע לשיער פאלטה סמי קיט 1-10 בלונד כסוף,שוורצקופף והנקל,,קרם צבע שיער בלונד כסוף 10-1,,0.00,0.00,false,1.00,29.90,0.00,true,0,
3838824127200,false,צבע לשיער פאלטה סמי קיט 3-0 חום כהה,שוורצקופף והנקל,,קרם צבע שיער חום כהה 3-0,,0.00,0.00,false,1.00,29.90,0.00,true,0,
3838824127224,false,צבע לשיער פאלטה סמי קיט חום בינוני 4-0,שוורצקופף והנקל,,קרם צבע שיער חום בינוני 4-0,,0.00,0.00,false,1.00,29.90,0.00,true,0,
>>>>>>> d048ac2f4f281c9d788043ab4e81b61b0dbe3743
3838824127248,false,פלטה סמי קיט חום בהיר 5-0 צבע שיער,שוורצקופף והנקל,,קרם צבע שיער חום בהיר 5-0,,0.00,0.00,false,1.00,29.90,0.00,true,0,
3838824127262,false,פלטה סמי קיט בלונד כהה 6-0 צבע שיער,שוורצקופף והנקל,,קרם צבע שיער בלונד כהה 6-0,,0.00,0.00,false,1.00,29.90,0.00,true,0,
3838824127286,false,צבע לשיער פלטה - 7-0 בלונד בינוני,שוורצקופף והנקל,,קרם צבע שיער בלונד בינוני 7-0,,0.00,0.00,false,1.00,29.90,0.00,true,0,
3838824127309,false,צבע לשיער פאלטה סמי קיט בלונד בהיר 8-0,שוורצקופף והנקל,,קרם צבע שיער בלונד בהיר 8-0,,0.00,0.00,false,1.00,29.90,0.00,true,0,
3838824127361,false,צבע לשיער פאלטה סמי קיט ערמונים בינוני 5,שוורצקופף והנקל,,קרם צבע שיער ערמונים בינוני 5-68,,0.00,0.00,false,1.00,29.90,0.00,true,0,
3838824127507,false,צבע לשיער פאלטה סמי קיט חום קטיפתי 4-60,שוורצקופף והנקל,,קרם צבע שיער חום קטיפתי 4-60,,0.00,0.00,false,1.00,29.90,0.00,true,0,
3838824127583,false,צבע לשיער פלטה - 6-88 אדום בוער,שוורצקופף והנקל,,קרם צבע שיער אדום בוער 6-88,,0.00,0.00,false,1.00,29.90,0.00,true,0,
3838824127644,false,צבע לשיער פלטה - 4-89 חציל זוהר,שוורצקופף והנקל,,קרם צבע שיער חציל זוהר 4.89,,0.00,0.00,false,1.00,29.90,0.00,true,0,
3838824128726,false,פלטה דלוקס קיט 10-5 בלונד זהוב מבריק,שוורצקופף & הנקל דיסלדור,,DELUXE צבע שיער 10-5 בלונד זהוב מבריק,,0.00,0.00,false,1.00,39.90,0.00,true,0,
3838824128788,false,פאלטה - דלוקס שמני הזנה אדום לוהט 6-888,שוורצקוף Schwarzkopf,,קרם צבע שיער אדום עמוק 6-888,,0.00,0.00,false,1.00,39.90,0.00,true,0,
3838824128849,false,פאלטה - דלוקס שמני הזנה ערמונים 5-68,שוורצקוף Schwarzkopf,,קרם צבע שיער ערמונים בינוני 5-68,,0.00,0.00,false,1.00,39.90,0.00,true,0,
3838824128887,false,פאלטה - דלוקס שמני הזנה שוקולטה 3-65,הנקל סוד,,קרם צבע שיער שוקולטה 3-65,,0.00,0.00,false,1.00,39.90,0.00,true,0,
3838824128948,false,פאלטה - דלוקס שמני הזנה חום כהה 3-0,הנקל סוד בעמ,,קרם צבע שיער חום כהה 3-0,,0.00,0.00,false,1.00,39.90,0.00,true,0,
3838824129020,false,פאלטה - דלוקס שמני הזנה שחור 1-0,שוורצקוף Schwarzkopf,,קרם צבע שיער שחור 1,,0.00,0.00,false,1.00,39.90,0.00,true,0,
3838824129068,false,פאלטה - דלוקס שמני הזנה חום קפה 4-68,הנקל סוד,,קרם צבע לשיער חום קפה 4-68,,0.00,0.00,false,1.00,39.90,0.00,true,0,
3838824129105,false,פאלטה - דלוקס שמני הזנה בלונד שמש 9-0,שוורצקוף Schwarzkopf,DE,DELUXE צבע שיער 9-0 בלונד שמש,,0.00,0.00,false,1.00,39.90,0.00,true,0,
3838824167145,false,פאלטה - דלוקס שמני הזנה קינמון 7-65,שוורצקוף Schwarzkopf,,קרם צבע שיער חום זהב בהיר 7-65,,0.00,0.00,false,1.00,39.90,0.00,true,0,
3838824193915,false,צבע לשיער פאלטה סמי קיט שחור 0-1,שוורצקופף והנקל,,קרם צבע שיער שחור 1-0,,0.00,0.00,false,1.00,29.90,0.00,true,0,
3838824193939,false,פאלטה - דלוקס שמני הזנה סגול אצילי 4-99,שוורצקוף Schwarzkopf,,קרם צבע שיער סגול עמוק 4-99,,0.00,0.00,false,1.00,39.90,0.00,true,0,
3838824214320,false,פאלטה - דלוקס שמני הזנה שחור כחול 1-1,שוורצקוף Schwarzkopf,,קרם צבע שיער שחור כחול 1-1,,0.00,0.00,false,1.00,39.90,0.00,true,0,
<<<<<<< HEAD
3838824240275,false,פלטה סמי קיט 8-0 בלונד בהיר,שוורצקופף והנקל,,קרם צבע שיער נוגט 6-65,,0.00,0.00,false,1.00,29.90,0.00,true,0,
=======
3838824240275,false,צבע לשיער פאלטה סמי קיט 6-65 נוגט,שוורצקופף והנקל,,קרם צבע שיער נוגט 6-65,,0.00,0.00,false,1.00,29.90,0.00,true,0,
>>>>>>> d048ac2f4f281c9d788043ab4e81b61b0dbe3743
3838824276007,false,צבע לשיער פאלטה בלונד בהיר מאוד 0-9,שוורצקופף והנקל,,צבע שיער 9-0 בלונד בהיר מאוד,,0.00,0.00,false,1.00,29.90,0.00,true,0,
3838824327099,false,פאלטה בלונד פודרה 10-46 סמי קיט,שוורצקופף והנקל,DE,קרם צבע שיער בלונד פודרה 10-46,,0.00,0.00,false,1.00,29.90,0.00,true,0,
3838824327112,false,פאלטה בלונד בז' אפרפר 12-46 סמי קיט,הנקל סוד בעמ,DE,קרם צבע שיער בלונד בז' אפרפר 12-46,,0.00,0.00,false,1.00,29.90,0.00,true,0,
3838824332130,false,צבע שיער פאלטה סמי קיט 3-68 מהגוני כהה,שוורצקופף והנקל,DE,קרם צבע שיער מהגוני כהה 3-68,,0.00,0.00,false,1.00,29.90,0.00,true,0,
3838824332178,false,פאלטה ברוז' חום אדום יין 6-80 סמי קיט,שוורצקופף והנקל,DE,קרם צבע שיער חום אדום יין 6-80,,0.00,0.00,false,1.00,29.90,0.00,true,0,
3838824355856,false,רוט ריטצר בלונד בהיר ספריי לכיסוי שורשים,הנקל סוד,HU,ספריי לכיסוי מיידי של שורשי השיער- בלונד בהיר,,0.00,100.00,false,1.00,44.90,0.00,true,0,
3838824355887,false,רוט ריטצר בלונד כהה ספריי לכיסוי שורשים,הנקל סוד,HU,ספריי לכיסוי מיידי של שורשי השיער- בלונד כהה,,0.00,100.00,false,1.00,44.90,0.00,true,0,
3838824355917,false,רוט ריטצר חום ספריי לכיסוי שורשים,הנקל סוד,HU,ספריי לכיסוי מיידי של שורשי השיער - חום,,0.00,100.00,false,1.00,44.90,0.00,true,0,
3838824355948,false,רוט ריטצר חום כהה ספריי לכיסוי שורשים,הנקל סוד,HU,ספריי לכיסוי מיידי של שורשי השיער - חום כהה,,0.00,100.00,false,1.00,44.90,0.00,true,0,
3838824355979,false,רוט ריטצר שחור ספריי לכיסוי שורשים,הנקל סוד,HU,ספריי לכיסוי מיידי של שורשי השיער - שחור,,0.00,100.00,false,1.00,44.90,0.00,true,0,
3838824367682,false,"גליס מסכת פרוטאין 4ב1 400מ""ל חמאת קקאו",שוורצקופף והנקל,DE,מסכת לחות פרוטאין 4 ב-1 - חמאת קקאו,,0.00,100.00,false,1.00,49.90,0.00,true,0,
3838824367743,false,"גליס מסכת פרוטאין 4ב1 400מ""ל חמאת שיאה",שוורצקופף והנקל,DE,מסכת לחות פרוטאין 4 ב-1 - חמאת שיאה,,0.00,100.00,false,1.00,49.90,0.00,true,0,
3838824367781,false,גליס מסכה פרוטאין 4 ב-1 שמן אגוז בבאסו,שוורצקופף והנקל,DE,מסכת לחות פרוטאין 4 ב-1 - שמן אגוז בבאסו,,0.00,100.00,false,1.00,49.90,0.00,true,0,
3838824371146,false,גליס פילינג עדין לאיזון והזנת הקרקרפת150,הנקל שוורצקוף,TR,פילינג עדין לאיזון והזנת הקרקפת,,0.00,100.00,false,1.00,32.90,0.00,true,0,
3838824380827,false,צבעי שיער בלונד כהה אפרפר 6-1 סמי קיט פאלטה,שוורצקופף והנקל,DE,קרם צבע שיער 6-1 בלונד כהה אפרפר,,0.00,0.00,false,1.00,29.90,0.00,true,0,
3838824380902,false,צבעי שיער בלונד סופר בהיר 10-0 סמי קיט פאלטה,שוורצקופף והנקל,DE,קרם צבע שיער 10-0 בלונד סופר בהיר,,0.00,0.00,false,1.00,29.90,0.00,true,0,
3838824380940,false,צבעי שיער בלונד בהיר אפרפר 8-1 סמי קיט פאלט,שוורצקופף והנקל,DE,קרם צבע שיער 8-1 בלונד בהיר אפרפר,,0.00,0.00,false,1.00,29.90,0.00,true,0,
3838824380988,false,צבעי שיער בלונד כסוף אפרפר 12-21 סמי קיט פאלטה,שוורצקופף והנקל,DE,קרם צבע שיער 12-21 בלונד כסוף אפרפר,,0.00,0.00,false,1.00,29.90,0.00,true,0,
3838824381022,false,צבעי שיער חום שוקולד כהה 3-65 סמי קיט פאלטה,שוורצקופף והנקל,DE,קרם צבע שיער 3-65 חום שוקולד כהה,,0.00,0.00,false,1.00,29.90,0.00,true,0,
4000388563803,false,"תחליב גוף דאב לעור רגיל עד יבש 400 מ""ל",יוניליוור ישראל שיווק בעמ,DE,תחליב גוף לעור רגיל עד יבש,,0.00,100.00,false,1.00,25.90,0.00,true,0,
4000417022004,false,ריטר ספורט שוקולד חלב מעולה עם צימוקים ואגוזי לוז 100 גרם,ריטר ספורט Ritter sport,,שוקולד צימוקים ואגוזים,,0.00,0.00,false,1.00,10.90,0.10,true,0,
4000417025005,false,שוקולד מריר במילוי מרציפן ריטר ספורט 100 גרם,ריטר ספורט Ritter sport,,שוקולד מרציפן,,0.00,0.00,false,1.00,10.90,0.10,true,0,
4001638080040,false,וולדה סרום הזנה רימונים 30 מל,סמואלוב,FR,סרום הזנה רימונים,,0.00,100.00,false,1.00,149.90,0.04,true,0,
4001638081863,false,"וולדה משחת שיניים לילדים, 50 מ""ל",S.L.A (DR.SAMUELOV,,משחת שיניים לילדים,,0.00,100.00,false,1.00,36.90,0.00,true,0,
4001638081900,false,וולדה אמפולות הזנה ורד הבר,סמואלוב,DE,אמפולות הזנה ורד הבר,,0.00,1.00,false,1.00,99.90,17.83,true,0,
4001638088039,false,וולדה שמן לעיסוי צלוליט,סמואלוב,DE,שמן לעיסוי צלוליט,,0.00,0.00,false,1.00,99.90,0.99,true,0,
4001638088138,false,"וולדה קרם קלנדולה לאזור החיתול, 75 מ""ל",S.L.A (DR.SAMUELOV,,קרם קלנדולה לאזור החיתול,,0.00,100.00,false,1.00,52.90,0.00,true,0,
4001638088381,false,שפתון להגנת השפתיים ולהפגת היובש,S.L.A (DR.SAMUELOV,,שפתון EVERON,,0.00,100.00,false,1.00,37.90,0.07,true,0,
4001638090889,false,וולדה קרם יום רימונים 30 מל,סמואלוב,DE,קרם יום רימונים,,0.00,100.00,false,1.00,159.90,0.05,true,0,
4001638095228,false,"וולדה - דאודורנט רול און לגבר 50 מ""ל",S.L.A (DR.SAMUELOV,DE,דאודורנט רול און לגבר,,0.00,100.00,false,1.00,43.90,0.00,true,0,
4001638095235,false,"וולדה - דאודורנט רול און לימון 50 מ""ל",S.L.A (DR.SAMUELOV,DE,דאודורנט רול און לימון,,0.00,100.00,false,1.00,43.90,0.00,true,0,
4001638096515,false,"וולדה - תחליב רחצה ושמפו קלנדולה לתינוק 200 מ""ל",S.L.A (DR.SAMUELOV,,קלנדולה תחליב רחצה ושמפו לתינוק,"מ""ל",200.00,100.00,false,1.00,52.90,0.00,true,0,
4001638096522,false,וולדה קרם לחות קלנדולה לגוף 75 מל,סמואלוב,,קרם לחות קלנדולה לגוף,,0.00,100.00,false,1.00,54.90,0.00,true,0,
4001638096539,false,וולדה חלב גוף קלנדולה לתינוק 200 מל,S.L.A (DR.SAMUELOV,,חלב גוף קלנדולה לתינוק,"מ""ל",200.00,100.00,false,1.00,74.90,0.00,true,0,
4001638096553,false,וולדה שמן קלנדולה לתינוק 200 מל,S.L.A (DR.SAMUELOV,,שמן קלנדולה לתינוק,"מ""ל",200.00,100.00,false,1.00,74.90,0.00,true,0,
4001638096591,false,וולדה קרם אמבט קלנדולה לתינוק 200 מל,S.L.A (DR.SAMUELOV,,קרם אמבט קלנדולה לתינוק,"מ""ל",200.00,100.00,false,1.00,79.90,0.00,true,0,
4001638096614,false,וולדה קרם לחות קלנדולה לפנים 50 מל,S.L.A (DR.SAMUELOV,,קרם לחות קלנדולה לפנים,,0.00,100.00,false,1.00,49.90,0.00,true,0,
4001638096652,false,וולדה בייבי דרמה קרם החתלה נטופית לבנה,S.L.A (DR.SAMUELOV,DE,בייבי דרמה קרם נטופית לבנה לאזור החיתול,,0.00,100.00,false,1.00,69.90,0.01,true,0,
4001638096669,false,וולדה בייבי דרמה קרם פנים נטופית לבנה,S.L.A (DR.SAMUELOV,DE,בייבי דרמה קרם פנים נטופית לבנה,,0.00,100.00,false,1.00,79.90,0.01,true,0,
4001638098014,false,וולדה משחת שיניים קלנדולה,S.L.A (DR.SAMUELOV,,משחת שיניים קלנדולה,,0.00,100.00,false,1.00,37.90,0.00,true,0,
4001638098045,false,וולדה משחת שיניים צמחית,S.L.A (DR.SAMUELOV,,משחת שיניים צמחית להגנה צמחית ולהרגעת החניכיים,,0.00,100.00,false,1.00,37.90,0.00,true,0,
4001638098069,false,וולדה מי פה רטניה,S.L.A (DR.SAMUELOV,,מי פה רטניה לרענון הפה והנשימה,,0.00,100.00,false,1.00,59.90,0.01,true,0,
4001638098083,false,וולדה משחת שיניים רטניה,S.L.A (DR.SAMUELOV,,להגנה ולמראה בריא של השיניים והחניכיים,,0.00,100.00,false,1.00,37.90,0.00,true,0,
4001638098090,false,"וולדה משחת שיניים מלחית, 75 מ""ל",S.L.A (DR.SAMUELOV,,משחת שיניים מלחית,,0.00,100.00,false,1.00,37.90,0.00,true,0,
4001638098595,false,"וולדה סקין פוד קרם, 75 מ""ל",סמואלוב,DE,"סקין פוד קרם הזנה,טיפוח וריכוך לעור יבש",,0.00,100.00,false,1.00,64.90,0.00,true,0,
4001638098946,false,"וולדה סבון קלנדולה, 100 גרם",S.L.A (DR.SAMUELOV,,סבון קלנדולה,,0.00,0.00,false,1.00,36.90,0.36,true,0,
4001638500029,false,וולדה קרם לחות 24 שעות,סמואלוב,DE,קרם לחות 24 שעות,,0.00,100.00,false,1.00,79.90,0.02,true,0,
4001638500050,false,וולדה קצף לניקוי עור הפנים 150 מל,סמואלוב,DE,קצף לניקוי עור הפנים,,0.00,100.00,false,1.00,69.90,0.00,true,0,
4001638500203,false,וולדה דאודורנט רול און רימונים,S.L.A (DR.SAMUELOV,DE,דאודורנט רול און רימונים,,0.00,100.00,false,1.00,43.90,0.00,true,0,
4001638500210,false,וולדה גל ניקוי מטהר לעור הנוטה לפצעונים,סמואלוב,DE,ג'ל ניקוי מטהר לעור הנוטה לפצעונים,,0.00,0.00,false,1.00,59.90,0.59,true,0,
4001638500227,false,וולדה קרם לחות לעור הנוטה לפצעונים,סמואלוב,DE,קרם לחות לעור הנוטה לפצעונים,,0.00,100.00,false,1.00,69.90,0.02,true,0,
4001638500234,false,וולדה טיפול נקודתי ומיידי לעור הנוטה לפצ,סמואלוב,DE,טיפול נקודתי ומיידי לעור הנוטה לפצעונים,,0.00,100.00,false,1.00,69.90,0.06,true,0,
4001638500258,false,וולדה תחליב להגנה מהשמש SPF30 לתינוק ולי,S.L.A (DR.SAMUELOV,CH,תחליב להגנה מהשמש SPF30 לתינוק ולילד,,0.00,100.00,false,1.00,109.90,0.00,true,0,
4001638500265,false,וולדה קרם פנים להגנה מהשמש SPF50 לתינוק,S.L.A (DR.SAMUELOV,CH,קרם פנים להגנה מהשמש SPF50 לתינוק ולילד,,0.00,100.00,false,1.00,64.90,0.01,true,0,
4001638501491,false,"וולדה סקין פוד לייט, 75 מ""ל",S.L.A (DR.SAMUELOV,DE,סקין פוד לייט לחות והזנה לעור יבש,,0.00,100.00,false,1.00,64.90,0.00,true,0,
4001638501989,false,וולדה סקין פוד חמאת שפתיים,S.L.A (DR.SAMUELOV,DE,סקין פוד חמאת שפתיים,,0.00,0.00,false,1.00,42.90,0.00,true,0,
4001638502368,false,וולדה שמן רימונים ממצק 30 מל,סמואלוב,DE,שמן רימונים ממצק,,0.00,100.00,false,1.00,149.90,0.04,true,0,
4001638523219,false,וולדה קרם הזנה 24 שעות,סמואלוב,DE,קרם הזנה 24 שעות,,0.00,100.00,false,1.00,79.90,0.02,true,0,
4001638526456,false,וולדה גל לחות לעיניים,סמואלוב,DE,ג'ל לחות לעיניים,,0.00,100.00,false,1.00,79.90,0.07,true,0,
4001638526708,false,"וולדה סקין פוד חמאת גוף 15, 150 מ""ל חדש",סמואלוב,DE,סקין פוד חמאת גוף,,0.00,100.00,false,1.00,89.90,0.00,true,0,
4001638530088,false,וולדה חמאת גוף לסימני מתיחה בהריון,סמואלוב,DE,חמאת גוף לסימני מתיחה בהריון,,0.00,100.00,false,1.00,109.90,0.00,true,0,
<<<<<<< HEAD
4002448017684,false,"סיליט באנג ספריי ניקוי כללי מסיר אבנית 750 מ""ל",הדקלאים אגודת שיתופי,,באנג ניקוי כללי מסיר אבנית,"מ""ל",750.00,100.00,false,1.00,16.90,0.00,true,0,
=======
4002448017684,false,"סיליט באנג ספריי ניקוי כללי מסיר אבנית 750 מ""ל",רקיט בנקיזר (ניר איסט) בעמ,,באנג ניקוי כללי מסיר אבנית,"מ""ל",750.00,100.00,false,1.00,16.90,0.00,true,0,
>>>>>>> d048ac2f4f281c9d788043ab4e81b61b0dbe3743
4005808148837,false,ניוואה יאנג גל גרגירים לשימוש יום יומי,ביירסדורץ,,יאנג ג'ל גרגירים,"מ""ל",150.00,100.00,false,1.00,39.00,0.00,true,0,
4005808185542,false,ניוואה רצועות לניקוי והסרת נקודות שחורות,ניוואה,DE,רצועות לניקוי והסרת נקודות שחורות,,0.00,0.00,false,1.00,39.00,0.00,true,0,
4005808222698,false,ניוואה לגבר- קצף גילוח לבעלי עור רגיש,ביירסדורץ,,קצף גילוח לעור רגיש,,0.00,100.00,false,1.00,24.90,0.00,true,0,
4005808260706,false,"ניוואה ספריי הגנה מהשמש מעניק תחושת קרירות 50 SPF, 200 מ""ל",ביירסדורף,DE,SUN ספריי הגנה 50 SPF לתחושת קרירות,,0.00,100.00,false,1.00,44.90,0.00,true,0,
4005808293469,false,"ניוואה - דאודורנט ספריי לגבר יבש 150 מ""ל",אלפא- ב.ד.ף בעמ,,דאודורנט ספריי דריי אימפקט לגבר,,0.00,100.00,false,1.00,19.90,0.00,true,0,
4005808360413,false,ניוואה משחת החתלה 100 מל,אלפא,DE,משחת החתלה לתינוק,,0.00,0.00,false,1.00,24.90,0.24,true,0,
4005808361915,false,ניוואה בייבי קרם סופט לתינוק 200 מל,אלפא,DE,BABY קרם סופט לתינוק,,0.00,100.00,false,1.00,29.90,0.00,true,0,
4005808366392,false,שפתון ליובש כחול קלאסי לבלו 48 גרם,טרופיקל דגיל תעשיות,,שפתון לחות כחול קלאסי באריזה סגורה,,0.00,100.00,false,1.00,13.90,0.02,true,0,
4005808368280,false,שפתון ליובש דובדבן לבלו 48 גרם,טרופיקל דגיל תעשיות,,שפתון לחות לשפתיים בטעם דובדבן,,0.00,100.00,false,1.00,15.90,0.03,true,0,
4005808400348,false,"קרם רב שימושי מיוחד לתינוק 150מ""ל",אלפא ב.ד.ף בעמ,DE,BABY סנסיטיב SOS קרם לתינוק,,0.00,100.00,false,1.00,29.90,0.00,true,0,
4005808406029,false,"ניוואה - תחליב רחצה סופט 750 מ""ל",ביירסדורף,DE,תחליב רחצה סופט,"מ""ל",750.00,100.00,false,1.00,21.90,0.00,true,0,
4005808429882,false,ניוואה תחליב הגנה 200 מל SPF50,ביירסדורץ,DE,SUN פרוטקט &מויסט תחליב 50 SPF,,0.00,100.00,false,1.00,69.90,0.00,true,0,
<<<<<<< HEAD
4005808502004,false,לבלו שפתון סופט ורוד בליסטר 5.5מל,ביירסדורף,,שפתון לחות רוז ורוד בליסטר,,0.00,100.00,false,1.00,15.90,0.03,true,0,
4005808571246,false,ניוואה מסיר איפור לעיניים דאבל אפקט,HELLAS BEIERSDORF,,מסיר איפור עיניים דו פאזי,,0.00,100.00,false,1.00,39.00,0.00,true,0,
4005808588640,false,"ניוואה קרם גילוח לעור רגיש 100 מ""ל",ביירסדורף,,סנסטיב משחת גילוח לעור רגיש,,0.00,0.00,false,1.00,19.90,0.19,true,0,
4005808650002,false,שפתון לבלו כחול,ביירסדורץ,,שפתון לחות כחול קלאסי,,0.00,100.00,false,1.00,13.90,0.02,true,0,
=======
4005808502004,false,לבלו שפתון סופט ורוד בליסטר 5.5מל,אלפא- ב.ד.ף בעמ,,שפתון לחות רוז ורוד בליסטר,,0.00,100.00,false,1.00,15.90,0.03,true,0,
4005808571246,false,ניוואה מסיר איפור עיניים דו פאזי 125 מל,אלפא- ב.ד.ף בעמ,,מסיר איפור עיניים דו פאזי,,0.00,100.00,false,1.00,39.00,0.00,true,0,
4005808588640,false,"ניוואה קרם גילוח לעור רגיש 100 מ""ל",אלפא ב.ד.ף בעמ,,סנסטיב משחת גילוח לעור רגיש,,0.00,0.00,false,1.00,19.90,0.19,true,0,
4005808650002,false,לבלו שפתון ליובש כחול,לפ מאי ביוטי - גבריאל אפנג`ר,,שפתון לחות כחול קלאסי,,0.00,100.00,false,1.00,13.90,0.02,true,0,
>>>>>>> d048ac2f4f281c9d788043ab4e81b61b0dbe3743
4005808650200,false,לבלו שפתון סופט ורוד בודד 4.8גר,אלפא,,שפתון לחות סופט רוז,,0.00,100.00,false,1.00,15.90,0.03,true,0,
4005808650712,false,לבלו שפתון לחות דובדבן,HELLAS BEIERSDORF,,שפתון לחות דובדבן,,0.00,100.00,false,1.00,15.90,0.03,true,0,
4005808650729,false,לבלו שפתון תות שדה,ביירסדורף,,שפתון לחות לשפתיים בטעם תות,,0.00,100.00,false,1.00,15.90,0.03,true,0,
4005808650903,false,לבלו הידרו קר,ביירסדורף,,שפתון לחות הידרו קר בודד,,0.00,100.00,false,1.00,15.90,0.03,true,0,
4005808698103,false,ניוואה תחליב גוף סמוד לעור יבש 500 מל,בטר אנד דיפרנט,DE,תחליב גוף סמוד לעור יבש,,0.00,100.00,false,1.00,29.90,0.00,true,0,
4005808702107,false,ניוואה תחליב גוף לעור יבש מאד 500 מל,בטר אנד דיפרנט,DE,תחליב גוף לעור יבש מאד,,0.00,100.00,false,1.00,29.90,0.00,true,0,
4005808746996,false,"ניוואה - סאן פרוטקט אנד ריפרש 200 מ""ל 30SPF",ביירסדורף,DE,SUN ספריי הגנה SPF30,,0.00,100.00,false,1.00,49.90,0.00,true,0,
4005808812875,false,"ניוואה קרם Q יום נגד קמטים 50 מ""ל",ביירסדורץ,,Q10 POWER קרם יום SPF15,,0.00,100.00,false,1.00,125.00,0.02,true,0,
4005808813001,false,תחליב לחות לאחר גילוח ניוואה,ביירסדורץ,,תחליב לחות לגבר לאחר גילוח לעור רגיל,,0.00,0.00,false,1.00,49.90,0.49,true,0,
4005808813063,false,תחליב לחות לעור רגיש לאחר גילוח,בטר אנד דיפרנט,,פוסט שייבינג באלם תחליב לחות לאחר גילוח לעור רגיש,"מ""ל",200.00,0.00,false,1.00,49.90,0.49,true,0,
4005808817405,false,"ג'ל גילוח לעור רגיש ניוואה 200 מ""ל",פרוטרופיק סיה.,,ג'ל גילוח לעור רגיש,"מ""ל",200.00,100.00,false,1.00,28.90,0.00,true,0,
<<<<<<< HEAD
4005808828838,false,"ניוואה - דאודורנט ספריי לגבר קול קיק 150 מ""ל",ניוואה Nivea,,דאודורנט ספריי קול קיק לגבר,"מ""ל",150.00,100.00,false,1.00,19.90,0.00,true,0,
4005808837359,false,"ניוואה - דאודורנט רול און לאישה פרל אנד ביוטי 50 מ""ל",ביירסדורף AG,,דאודורנט רול און פרל אנד ביוטי לאישה,,0.00,100.00,false,1.00,19.90,0.00,true,0,
4005808850723,false,לבלו שפתון תות בליסטר,טרופיקל דגיל תעשיות,,שפתון לחות לשפתיים בטעם תות,,0.00,100.00,false,1.00,15.90,0.03,true,0,
4005808850907,false,לבלו הידרו קר בליסטר 5.5מל,ביירסדורף,,שפתון לחות לשפתיים הידרו קר,,0.00,100.00,false,1.00,15.90,0.03,true,0,
4005808851515,false,שפתון לבלו גבר בליסט,אלפא,,שפתון לחות לשפתיים מן אקטיב,,0.00,100.00,false,1.00,15.90,0.03,true,0,
4005808856671,false,ניוואה תרסיס הגנה SPF50 לילדים 200מל,ביירסדורף,DE,SUN קידס תרסיס הגנה לילדים 50 SPF,,0.00,100.00,false,1.00,59.90,0.00,true,0,
4005808890507,false,קרם ניוואה סופט צנצנת 200 מל,ניוואה Nivea,,סופט קרם לחות רב שימושי,"מ""ל",200.00,100.00,false,1.00,34.90,0.00,true,0,
4005808890576,false,"קרם ידיים סופט ניוואה 75 מ""ל",ניוואה Nivea,,סופט קרם לחות רב שימושי שפורפרת,,0.00,100.00,false,1.00,20.90,0.00,true,0,
4005808908585,false,"ניוואה - דאודורנט ספריי לאישה פאודר טאץ 150 מ""ל",ביירסדורץ,DE,דאודורנט ספריי טלק סנסיישן לאשה,,0.00,100.00,false,1.00,19.90,0.00,true,0,
4005900036445,false,"ניוואה - דאודורנט רול און לאישה בלק&וויט פיור 50 מ""ל",ביירסדורץ,DE,דאודורנט רול און בלאק אנד וויט פיור לאישה,,0.00,100.00,false,1.00,19.90,0.00,true,0,
=======
4005808828838,false,"ניוואה - דאודורנט ספריי לגבר קול קיק 150 מ""ל",אלפא ב.ד.ף בעמ,,דאודורנט ספריי קול קיק לגבר,"מ""ל",150.00,100.00,false,1.00,19.90,0.00,true,0,
4005808837359,false,"ניוואה - דאודורנט רול און לאישה פרל אנד ביוטי 50 מ""ל",אלפא- ב.ד.ף בעמ,,דאודורנט רול און פרל אנד ביוטי לאישה,,0.00,100.00,false,1.00,19.90,0.00,true,0,
4005808850723,false,שפתון ליובש תות שדה לבלו,טרופיקל דגיל תעשיות,,שפתון לחות לשפתיים בטעם תות,,0.00,100.00,false,1.00,15.90,0.03,true,0,
4005808850907,false,שפתון ליובש הידרו קייר בליסטר,אלפא- ב.ד.ף בעמ,,שפתון לחות לשפתיים הידרו קר,,0.00,100.00,false,1.00,15.90,0.03,true,0,
4005808851515,false,שפתון לבלו גבר בליסט,אלפא,,שפתון לחות לשפתיים מן אקטיב,,0.00,100.00,false,1.00,15.90,0.03,true,0,
4005808856671,false,ניוואה תרסיס הגנה SPF50 לילדים 200מל,ביירסדורף,DE,SUN קידס תרסיס הגנה לילדים 50 SPF,,0.00,100.00,false,1.00,59.90,0.00,true,0,
4005808890507,false,ניוואה קרם סופט רב שימושי 200 מל יבוא,פארמה דיל (פ.א.ב.) שיווק והפצה,,סופט קרם לחות רב שימושי,"מ""ל",200.00,100.00,false,1.00,34.90,0.00,true,0,
4005808890576,false,"קרם ידיים סופט ניוואה 75 מ""ל",אלפא ב.ד.ף בעמ,,סופט קרם לחות רב שימושי שפורפרת,,0.00,100.00,false,1.00,20.90,0.00,true,0,
4005808908585,false,"ניוואה - דאודורנט ספריי לאישה פאודר טאץ 150 מ""ל",אלפא ב.ד.ף בעמ,DE,דאודורנט ספריי טלק סנסיישן לאשה,,0.00,100.00,false,1.00,19.90,0.00,true,0,
4005900036445,false,"ניוואה - דאודורנט רול און לאישה בלק&וויט פיור 50 מ""ל",אלפא ב.ד.ף בעמ,DE,דאודורנט רול און בלאק אנד וויט פיור לאישה,,0.00,100.00,false,1.00,19.90,0.00,true,0,
>>>>>>> d048ac2f4f281c9d788043ab4e81b61b0dbe3743
4005900036476,false,"ניוואה - דאודורנט רול און לאישה בלק אנד וויט קליר 50 מ""ל",טרופיקל דגיל תעשיות,,דאודורנט רול און בלאק אנד וויט קליר לאישה,,0.00,100.00,false,1.00,19.90,0.00,true,0,
4005900036483,false,"ניוואה - דאודורנט ספריי לגבר שקוף בלק וווי 150 מ""ל",בטר אנד דיפרנט,,דאודורנט ספריי בלאק אנד וויט לגבר,,0.00,100.00,false,1.00,19.90,0.00,true,0,
4005900036506,false,"ניוואה - דאודורנט רול און לגבר שקוף בלק 50 מ""ל",טרופיקל דגיל תעשיות,,דאודורנט רול און בלאק אנד וויט לגבר,,0.00,100.00,false,1.00,19.90,0.00,true,0,
4005900036568,false,ניוואה דאודורנט רולאון ספריי לאישה בלק אנד וויט 150 מ''ל,אלפא- ב.ד.ף בעמ,,דאודורנט ספריי בלאק אנד וויט לאישה,,0.00,100.00,false,1.00,19.90,0.00,true,0,
4005900037909,false,"ניוואה - דאודורנט ספריי לאישה אינויזיבל פיור 150 מ""ל",אלפא ב.ד.ף בעמ,DE,דאודורנט ספריי בלאק אנד וויט פיור לאישה,,0.00,100.00,false,1.00,19.90,0.00,true,0,
4005900111449,false,"ניוואה קרם רב שימושי לגבר 150 מ""ל",HELLAS BEIERSDORF,DE,קרם רב שימושי לידיים ולגוף לגבר,,0.00,100.00,false,1.00,46.90,0.00,true,0,
4005900273482,false,שפתון ליובש כחול אוכמניות בליסטר לבלו,אלפא- ב.ד.ף בעמ,DE,שפתון לחות לשפתיים בטעם פטל שחור,,0.00,100.00,false,1.00,15.90,0.03,true,0,
4005900274304,false,"ניוואה - דאודורנט ספריי לגבר פרש אושן 150 מ""ל",פרוטרופיק סיה.,DE,דאודורנט ספריי פרש אוושן לגבר,,0.00,100.00,false,1.00,19.90,0.00,true,0,
4005900431776,false,לבלו שפתון וניל בליסטר,ביירסדורף,DE,שפתון לחות לשפתיים בטעם וניל,,0.00,0.00,false,1.00,15.90,0.00,true,0,
4005900475220,false,"ניוואה סאן קרם פנים שיין קונטרול שיזוף 200מ""ל SPF50",ביירסדורץ,DE,SUN קרם הגנה לפנים SPF50 קונטרול שיין,,0.00,100.00,false,1.00,49.00,0.00,true,0,
<<<<<<< HEAD
4005900485243,false,"ניוואה - דאודורנט רול און לגבר דריי פרש 50 מ""ל",ביירסדורף,DE,דאודורנט רול און דריי פרש לגבר,,0.00,100.00,false,1.00,19.90,0.00,true,0,
4005900488459,false,"ניוואה - דאודורנט רול און לאישה דריי פרש 50 מ""ל",ביירסדורץ,DE,דאודורנט רול און דריי פרש לאישה,,0.00,100.00,false,1.00,19.90,0.00,true,0,
4005900494900,false,"ניוואה - דאודורנט ספריי לגבר דריי פרש 150 מ""ל",ניואה,DE,דאודורנט ספריי דריי פרש לגבר,,0.00,100.00,false,1.00,19.90,0.00,true,0,
4005900494924,false,"ניוואה - דאודורנט ספריי לאישה דריי פרש אישה 150 מ""ל",ביירסדורף,DE,דאודורנט ספריי דריי פרש לאישה,,0.00,100.00,false,1.00,19.90,0.00,true,0,
4005900496331,false,מים מיסלריים אקספרט מים מיסלריים אקספרט,אלפא קוסמטיקה,DE,MICELLAR SKIN BREATHE מים מיסלריים להסרת איפור מהפנים והעיניים,,0.00,100.00,false,1.00,35.90,0.00,true,0,
4005900496461,false,"ניוואה תחליב לחות אפטר שייב דיפ לאחרי, 100 מ""ל",beiersdorf,DE,אפטר שייב ספלאש דיפ,,0.00,0.00,false,1.00,49.90,0.49,true,0,
4005900513045,false,"ניוואה - דאודורנט ספריי לגבר דיפ 150 מ""ל",ביירסדורף,DE,דאודורנט ספריי דיפ לגבר,,0.00,100.00,false,1.00,19.90,0.00,true,0,
4005900513069,false,"ניוואה - דאודורנט רול און לגבר דיפ 50 מ""ל",ביירסדורף,DE,דאודורנט רול און דיפ לגבר,,0.00,100.00,false,1.00,19.90,0.00,true,0,
4005900542557,false,"ניוואה - דאודורנט רול און לאישה בלק אנד וויט 50 מ""ל",ניואה,DE,דאודורנט רול און בלק אנד ווייט סילקי סמוד לאישה,,0.00,100.00,false,1.00,19.90,0.00,true,0,
=======
4005900485243,false,"ניוואה - דאודורנט רול און לגבר דריי פרש 50 מ""ל",אלפא- ב.ד.ף בעמ,DE,דאודורנט רול און דריי פרש לגבר,,0.00,100.00,false,1.00,19.90,0.00,true,0,
4005900488459,false,"ניוואה - דאודורנט רול און לאישה דריי פרש 50 מ""ל",אלפא ב.ד.ף בעמ,DE,דאודורנט רול און דריי פרש לאישה,,0.00,100.00,false,1.00,19.90,0.00,true,0,
4005900494900,false,"ניוואה - דאודורנט ספריי לגבר דריי פרש 150 מ""ל",ניואה,DE,דאודורנט ספריי דריי פרש לגבר,,0.00,100.00,false,1.00,19.90,0.00,true,0,
4005900494924,false,"ניוואה - דאודורנט ספריי לאישה דריי פרש אישה 150 מ""ל",אלפא ב.ד.ף בעמ,DE,דאודורנט ספריי דריי פרש לאישה,,0.00,100.00,false,1.00,19.90,0.00,true,0,
4005900496331,false,מים מיסלריים אקספרט מים מיסלריים אקספרט,אלפא- ב.ד.ף בעמ,DE,MICELLAR SKIN BREATHE מים מיסלריים להסרת איפור מהפנים והעיניים,,0.00,100.00,false,1.00,35.90,0.00,true,0,
4005900496461,false,"ניוואה תחליב לחות אפטר שייב דיפ לאחרי, 100 מ""ל",beiersdorf,DE,אפטר שייב ספלאש דיפ,,0.00,0.00,false,1.00,49.90,0.49,true,0,
4005900513045,false,"ניוואה - דאודורנט ספריי לגבר דיפ 150 מ""ל",אלפא- ב.ד.ף בעמ,DE,דאודורנט ספריי דיפ לגבר,,0.00,100.00,false,1.00,19.90,0.00,true,0,
4005900513069,false,"ניוואה - דאודורנט רול און לגבר דיפ 50 מ""ל",אלפא- ב.ד.ף בעמ,DE,דאודורנט רול און דיפ לגבר,,0.00,100.00,false,1.00,19.90,0.00,true,0,
4005900542557,false,"ניוואה - דאודורנט רול און לאישה בלק אנד וויט 50 מ""ל",אלפא- ב.ד.ף בעמ,DE,דאודורנט רול און בלק אנד ווייט סילקי סמוד לאישה,,0.00,100.00,false,1.00,19.90,0.00,true,0,
>>>>>>> d048ac2f4f281c9d788043ab4e81b61b0dbe3743
4005900547316,false,"ניוואה - דאודורנט ספריי לאישה שקוף בלק וווי 150 מ""ל",בטר אנד דיפרנט,DE,דאודורנט ספריי בלאק אנד ווייט סילקי סמוד לאישה,,0.00,100.00,false,1.00,19.90,0.00,true,0,
4005900551412,false,לבלו שפתון לחות SPF30 להגנה מפני השמש,אלפא ב.ד.ף בעמ,DE,שפתון לחות SPF30 להגנה מפני השמש,,0.00,100.00,false,1.00,15.90,0.03,true,0,
4005900555915,false,"ניוואה - תחליב רחצה קוקוס וחוחובה 750 מ""ל",אלפא- ב.ד.ף בעמ,DE,תחליב רחצה קוקוס וחוחובה,,0.00,100.00,false,1.00,21.90,0.00,true,0,
4005900562029,false,ניוואה מים מיסלריים בתוספת מי ורדים,אלפא- ב.ד.ף בעמ,TR,מים מיסלריים בתוספת מי ורדים,,0.00,100.00,false,1.00,35.90,0.00,true,0,
4005900583079,false,לבלו KISS שפתון צבעוני ניוד ורדרד,ביירסדורץ,DE,קריון שפתון לחות צבעוני בגוון ניוד ורדרד,,0.00,100.00,false,1.00,24.90,0.08,true,0,
4005900583093,false,לבלו KISS שפתון צבעוני קורל,ביירסדורץ,DE,קריון שפתון לחות צבעוני בגוון קורל,,0.00,100.00,false,1.00,24.90,0.08,true,0,
4005900583116,false,לבלו KISS שפתון צבעוני אדום פרג,ביירסדורץ,DE,קריון שפתון לחות צבעוני בגוון אדום פרג,,0.00,100.00,false,1.00,24.90,0.08,true,0,
4005900583130,false,לבלו KISS שפתון צבעוני דובדבן שחור,ביירסדורץ,DE,קריון שפתון לחות צבעוני בגוון דובדבן שחור,,0.00,100.00,false,1.00,24.90,0.08,true,0,
4005900639554,false,"ניוואה - דאודורנט רול און לאישה פרש נטורל לאישה ללא אלומיניום 50 מ""ל",ביירסדורף AG,,ניוואה דאודורנט רול און פרש נטורל לאישה,,0.00,100.00,false,1.00,19.90,0.00,true,0,
4005900683878,false,שפתון ליובש לבלו סקראב אלוה ורה בליסטר,אלפא- ב.ד.ף בעמ,DE,שפתון לחות סקראב לשפתיים אלוורה,,0.00,100.00,false,1.00,14.90,0.03,true,0,
4005900683908,false,לבלו סקראב שפתון פילינג רוז היפ בליסטר,אלפא- ב.ד.ף בעמ,DE,שפתון לחות סקראב לשפתיים רוז היפ,,0.00,100.00,false,1.00,14.90,0.03,true,0,
4005900701053,false,ניוואה נטורלי גוד קרם יום בתוספת אלוורה,אלפא,PL,NATURALLY GOOD קרם יום בתוספת אלוורה אורגנית למראה עור קורן וזוהר,,0.00,100.00,false,1.00,49.90,0.00,true,0,
4005900701077,false,ניוואה נטורלי גוד קרם לילה המסייע להתחדש,אלפא,PL,NATURALLY GOOD קרם לילה המסייע להתחדשות העור בתוספת שמן ארגן אורגני,,0.00,100.00,false,1.00,49.90,0.00,true,0,
4005900730275,false,"ניוואה דאו ספריי לאשה בלק אנד וויט אימפקט 150 מ""ל",ביירסדורף AG,,דאודורנט ספריי בלק אנד ווייט אולטימייט אימפקט לאישה,,0.00,100.00,false,1.00,19.90,0.00,true,0,
4005900730299,false,"ניוואה דאו רול און לאשה בלק אנד וויט אימפקט 50 מ""ל",אלפא ב.ד.ף בעמ,,דאודורנט רול אוןבלק אנד ווייט אולטימייט אימפקט לאישה,,0.00,100.00,false,1.00,19.90,0.00,true,0,
4005900730336,false,"ניוואה דאו רול און לגבר בלק אנד וויט אימפקט 50 מ""ל",אלפא ב.ד.ף בעמ,,דאודורנט רול און לגבר שקוף בלק&וויט אולטימייט אימפקט,,0.00,100.00,false,1.00,19.90,0.00,true,0,
4005900756152,false,ניוואה קרם רב שימושי 250 מל מהדורת גאווה,HELLAS BEIERSDORF,DE,קרם רב שימושי - מהדורה מיוחדת בעיצוב דגל הגאווה,,0.00,100.00,false,1.00,34.90,0.00,true,0,
4005900759016,false,ניוואה דאו רול און לאשה נטורלי גוד 50 מל,אלפא,DE,דאודורנט רול און נטורלי גוד לאישה,,0.00,100.00,false,1.00,19.90,0.00,true,0,
4005900768926,false,ניוואה נטורלי גוד מים מיסלריים עם אלוורה,אלפא,PL,NATURALLY GOOD מים מיסלריים עם אלוורה אורגנית מסיר איפור,,0.00,100.00,false,1.00,35.90,0.00,true,0,
4005900777263,false,ניוואה Q10 קרם לילה אנטי אייגינג בתוספת,אלפא,PL,Q10 ENERGY RECHARGING קרם לילה אנטי אייג'ינג בתוספת ויטמין C,,0.00,100.00,false,1.00,110.00,0.02,true,0,
4005900785381,false,ניוואה נטורלי גוד קרם גוף-אלוורה אורגנית,אלפא,DE,נטורלי גוד קרם גוף מועשר באלוורה אורגנית,,0.00,100.00,false,1.00,24.90,0.00,true,0,
4005900785404,false,ניוואה נטורלי גוד קרם גוף-אבוקדו,אלפא,DE,נטורלי גוד קרם גוף מועשר באבוקדו,,0.00,100.00,false,1.00,24.90,0.00,true,0,
4005900803283,false,ניוואה רוז קר קרם לחות במרקם גל בתוספת,אלפא- ב.ד.ף בעמ,PL,ROSE CARE קרם לחות במרקם ג'ל בתוספת מי ורדים וחומצה היאלורונית,,0.00,100.00,false,1.00,79.90,0.01,true,0,
4005900816009,false,ניוואה דאודורנט ספריי לגבר פרש 150מל,אלפא- ב.ד.ף בעמ,,דאודורנט ספריי פרש אקטיב לגבר,"מ""ל",150.00,100.00,false,1.00,19.90,0.00,true,0,
4005900816016,false,"ניוואה - דאודורנט ספריי לאישה פרש טבעי לאישה 150 מ""ל",טרופיקל דגיל תעשיות,,דאודורנט ספריי פרש נטורל לאישה,"מ""ל",150.00,100.00,false,1.00,19.90,0.00,true,0,
4005900816023,false,"ניוואה - דאודורנט ספריי לגבר יבש 150 מ""ל",BEIERSDORF MANUFACTU,,דאודורנט ספריי דריי אימפקט לגבר,"מ""ל",150.00,100.00,false,1.00,19.90,0.00,true,0,
4005900816108,false,"דאודורנט רול און לגבר אפקט היובש ניוואה 50 מ""ל",טרופיקל דגיל תעשיות,,דאודורנט רול און דריי אימפקט לגבר,,0.00,100.00,false,1.00,19.90,0.00,true,0,
<<<<<<< HEAD
4005900816115,false,"ניוואה - דאודורנט רול און לאישה יבש 50 מ""ל",ניוואה Nivea,,ניוואה דאודורנט רול און דריי קומפורט לאישה,,0.00,100.00,false,1.00,19.90,0.00,true,0,
4005900823489,false,ניוואה היידרה סקין אפקט קרם לחות במרקם ג'ל ללילה,ניואה,PL,HYDRA SKIN EFFECT קרם לחות במרקם ג'ל ללילה,,0.00,100.00,false,1.00,74.90,0.01,true,0,
4005900825278,false,ניוואה היידרה סקין אפקט מסכת 20 שניות עם חומצה היאלורונית,אלפא,PL,HYDRA SKIN EFFECT מסכת 20 שניות עם חומצה היאלורונית,,0.00,0.00,false,1.00,74.90,0.74,true,0,
=======
4005900816115,false,"ניוואה - דאודורנט רול און לאישה יבש 50 מ""ל",אלפא- ב.ד.ף בעמ,,ניוואה דאודורנט רול און דריי קומפורט לאישה,,0.00,100.00,false,1.00,19.90,0.00,true,0,
4005900823489,false,ניוואה היידרה סקין אפקט קרם לחות במרקם ג'ל ללילה,אלפא ב.ד.ף בעמ,PL,HYDRA SKIN EFFECT קרם לחות במרקם ג'ל ללילה,,0.00,100.00,false,1.00,74.90,0.01,true,0,
4005900825278,false,ניוואה היידרה סקין אפקט מסכת 20 שניות עם חומצה היאלורונית,אלפא ב.ד.ף בעמ,PL,HYDRA SKIN EFFECT מסכת 20 שניות עם חומצה היאלורונית,,0.00,0.00,false,1.00,74.90,0.74,true,0,
>>>>>>> d048ac2f4f281c9d788043ab4e81b61b0dbe3743
4005900827852,false,ניוואה דאו רול און מגנזיום פרש לגבר,אלפא,,MEN דאודורנט רול און מגנזיום פרש לגבר,,0.00,100.00,false,1.00,29.90,0.00,true,0,
4005900827876,false,ניוואה דאו רול און מגנזיום פרש לאשה,אלפא,,דאודורנט רול און מגנזיום פרש לאשה,,0.00,100.00,false,1.00,29.90,0.00,true,0,
4005900827890,false,ניוואה דאו רול און מגנזיום אוריגינל לאשה,אלפא,,דאודורנט רול און מגנזיום אוריגינל לאשה,,0.00,100.00,false,1.00,29.90,0.00,true,0,
4005900828088,false,"ניוואה - דאודורנט רול און לגבר פרש 50 מ""ל",טרופיקל דגיל תעשיות,,דאודורנט רול און פרש אקטיב לגבר,,0.00,100.00,false,1.00,19.90,0.00,true,0,
4005900833723,false,"ניוואה - פאוור פרש ג'ל רחצה לגבר 500 מ""ל",אלפא- ב.ד.ף בעמ,,POWER FRESH ג'ל רחצה לגבר,,0.00,100.00,false,1.00,16.90,0.00,true,0,
4005900835642,false,"ניקוי פילינג מסכה לפנים 3 ב 1 150 מ""ל ניוואה",אלפא- ב.ד.ף בעמ,FR,"3 ב-1 ניקוי, פילינג, מסכה לפנים",,0.00,100.00,false,1.00,39.90,0.00,true,0,
4005900845702,false,"ניוואה - דאודורנט רול און לגבר קול קיק פרש 50 מ""ל",אלפא ב.ד.ף בעמ,DE,דאודורנט רול און קול קיק פרש לגבר,,0.00,100.00,false,1.00,19.90,0.00,true,0,
4005900845733,false,"דאודורנט ספריי קול קיק פרש לגבר ניוואה מן 150 מ""ל",אלפא ב.ד.ף בעמ,,דאודורנט ספריי קול קיק פרש לגבר,,0.00,100.00,false,1.00,19.90,0.00,true,0,
4005900874931,false,"דאודורנט ספריי דיפ ביט לגבר 150 מ""ל ניוויה",אלפא ב.ד.ף בעמ,DE,דאודורנט ספריי לגבר דיפ ביט,,0.00,100.00,false,1.00,19.90,0.00,true,0,
4005900874962,false,"ניוואה - דאודורנט רול און לגבר דיפ בלק 50 מ""ל",אלפא- ב.ד.ף בעמ,DE,דאודורנט רול און לגבר דיפ ביט,,0.00,100.00,false,1.00,19.90,0.00,true,0,
4005900904065,false,לבלו נטורלי ויגן שפתון לחות -זרעי אסאי,אלפא,DE,NATURALLY VEGAN שפתון לחות טבעוני עם שמן זרעי אסאי וחמאת שיאה,,0.00,100.00,false,1.00,18.90,0.03,true,0,
4005900904089,false,לבלו נטורלי ויגן שפתון לחות -זרעי קנאביס,אלפא,DE,NATURALLY VEGAN שפתון לחות טבעוני עם שמן זרעי קנאביס וחמאת שיאה,,0.00,100.00,false,1.00,18.90,0.03,true,0,
4005900978950,false,לבלו - דובדבן שפתון לחות מטפח מהדורת נסיכות דיסני,אלפא- ב.ד.ף בעמ,DE,דובדבן - שפתון לחות מטפח מהדורת נסיכות דיסני,,0.00,100.00,false,1.00,15.90,0.03,true,0,
4005900978967,false,לבלו - וניל שפתון לחות מטפח מהדורת נסיכות דיסני,אלפא- ב.ד.ף בעמ,DE,וניל - שפתון לחות מטפח מהדורת נסיכות דיסני,,0.00,100.00,false,1.00,15.90,0.03,true,0,
4006000002576,false,ניוואה מארז טיפוח 4 פריטים לגבר COOL FRESH,אלפא ב.ד.ף בעמ,DE,מארז טיפוח לגבר COOL FRESH - תיק רחצה המכיל: ג'ל רחצה + דאו ספריי + אפטר שייב + לבלו שפתון,,0.00,0.00,false,1.00,89.90,0.00,true,0,
4006000002583,false,ניוואה מארז טיפוח 4 פריטים לגבר POWER FRESH,ביירסדורץ,DE,מארז טיפוח לגבר POWER FRESH - תיק רחצה המכיל: ג'ל רחצה + דאו ספריי + תחליב לחות לאחר גילוח + לבלו שפתון,,0.00,0.00,false,1.00,89.90,0.00,true,0,
4008500006337,false,"אוטן פמילי קייר סטיק 50מ""ל",אס.סי.ג'ונסון מידרכט,,הגנה מלאה מיתושים מכיל אלוורה,,0.00,0.00,false,1.00,19.90,0.00,true,0,
4008600284871,false,נוק זוג מוצצי סיליקון מיקי 6-18 שחור,פרומדיקו,DE,זוג מוצצים מיקי מאוס לגילאי 6-18 חודשים,,0.00,0.00,false,1.00,39.90,19.95,true,0,
4008600284895,false,נוק זוג מוצץ סיליקון זוהר בחושך 6-18 כחו,פרומדיקו,DE,זוג מוצצים זוהרים בחושך לגילאי 6-18 חודשים,,0.00,0.00,false,1.00,39.90,19.95,true,0,
4008600284901,false,נוק זוג מוצצי סיליקון פו הדב 6-18 ירוק-א,פרומדיקו,DE,זוג מוצצים פו הדב לגילאי 6-18 חודשים,,0.00,0.00,false,1.00,39.90,19.95,true,0,
4008600284918,false,נוק זוג מוצץ סיליקון דיסני מיקי 0-6 שחור,פרומדיקו,DE,זוג מוצצים מיקי מאוס לגילאי 0-6 חודשים,,0.00,0.00,false,1.00,39.90,19.95,true,0,
4008600284925,false,נוק זוג מוצצי סיליקון זוהר בחושך 0-6 כחו,פרומדיקו,DE,זוג מוצצים זוהרים בחושך לגילאי 0-6 חודשים,,0.00,0.00,false,1.00,39.90,19.95,true,0,
4008600284932,false,נוק זוג מוצצי סיליקון פו הדב 0,פרומדיקו,DE,זוג מוצצים פו הדב לגילאי 0-6 חודשים,,0.00,0.00,false,1.00,39.90,19.95,true,0,
4008600284956,false,נוק זוג מוצצי סיליקון אדור 6-18 כחול,פרומדיקו,DE,זוג מוצצים אדור לגילאי 6-18 חודשים,,0.00,0.00,false,1.00,39.90,19.95,true,0,
4008600284963,false,נוק זוג מוצצי סיליקון אדור 0-6 כחול,פרומדיקו,DE,זוג מוצצים אדור לגילאי 0-6 חודשים,,0.00,0.00,false,1.00,39.90,19.95,true,0,
4008600292456,false,נוק זוג מוצצי סיליקון הפי דייז 0-6 כחול,פרומדיקו,DE,זוג מוצצים הפי דייז לגילאי 0-6 חודשים,,0.00,0.00,false,1.00,39.90,19.95,true,0,
4008600314141,false,נוק זוג מוצץ סיליקון זוהר בחושך 6-18 ורו,פרומדיקו,DE,זוג מוצצים זוהרים בחושך לגילאי 6-18 חודשים,,0.00,0.00,false,1.00,39.90,19.95,true,0,
4008600314189,false,נוק זוג מוצצי סיליקון אדור 6-18 ורוד,פרומדיקו,DE,זוג מוצצים אדור לגילאי 6-18 חודשים,,0.00,0.00,false,1.00,39.90,19.95,true,0,
4008600314226,false,נוק זוג מוצצי סיליקון מיקי 6-18 אדום,פרומדיקו,DE,זוג מוצצים מיני מאוס לגילאי 6-18 חודשים,,0.00,0.00,false,1.00,39.90,19.95,true,0,
4008600314264,false,נוק זוג מוצצי סיליקון פו הדב 6-18 ירוק-כ,פרומדיקו,DE,זוג מוצצים פו הדב לגילאי 6-18 חודשים,,0.00,0.00,false,1.00,39.90,19.95,true,0,
4008600314349,false,נוק זוג מוצצי סיליקון אדור 0-6 ורוד,פרומדיקו,DE,זוג מוצצים אדור לגילאי 0-6 חודשים,,0.00,0.00,false,1.00,39.90,19.95,true,0,
4008600314387,false,נוק זוג מוצצי סיליקון פו הדב 0-6 ירוק-כת,פרומדיקו,DE,זוג מוצצים פו הדב לגילאי 0-6 חודשים,,0.00,0.00,false,1.00,39.90,19.95,true,0,
4008600314462,false,נוק זוג מוצצי סיליקון זוהר בחושך 0-6 ורו,פרומדיקו,DE,זוג מוצצים זוהרים בחושך לגילאי 0-6 חודשים,,0.00,0.00,false,1.00,39.90,19.95,true,0,
4008600314509,false,נוק זוג מוצץ סיליקון דיסני מיקי 0-6 אדום,פרומדיקו,DE,זוג מוצצים מיני מאוס לגילאי 0-6 חודשים,,0.00,0.00,false,1.00,39.90,19.95,true,0,
4008600314547,false,נוק זוג מוצצי סיליקון הפי דייז 0-6 ורוד,פרומדיקו,DE,זוג מוצצים הפי דייז לגילאי 0-6 חודשים,,0.00,0.00,false,1.00,39.90,19.95,true,0,
4008600336327,false,נוק זוג מוצצי סיליקון ספייס6-18 ירוקכחול,פרומדיקו,DE,מוצצים ספייס לגילאי 6-18 חודשים,,0.00,0.00,false,1.00,39.90,0.00,true,0,
4008600336365,false,נוק זוג מוצצי סיליקון ספייס 0-6 ירוקכחול,פרומדיקו,DE,מוצצים ספייס לגילאי 0-6 חודשים,,0.00,0.00,false,1.00,39.90,0.00,true,0,
4008600336402,false,נוק זוג מוצצי סיליקון ספייס6-18 אפורכחול,פרומדיקו,DE,מוצצים ספייס לגילאי 6-18 חודשים,,0.00,0.00,false,1.00,39.90,0.00,true,0,
4008600336440,false,נוק זוג מוצצי סיליקון ספייס 0-6 אפורכחול,פרומדיקו,DE,מוצצים ספייס לגילאי 0-6 חודשים,,0.00,0.00,false,1.00,39.90,0.00,true,0,
4008600353768,false,נוק זוג מוצצי סיליקון הפי נייטס 0-6 כחול,פרומדיקו,DE,זוג מוצצים הפי נייטס לגילאי 0-6 חודשים,,0.00,0.00,false,1.00,39.90,19.95,true,0,
4008600353775,false,נוק זוג מוצצי סיליקון הפי נייטס 0-6 ורוד,פרומדיקו,DE,זוג מוצצים הפי נייטס לגילאי 0-6 חודשים,,0.00,0.00,false,1.00,39.90,19.95,true,0,
4008600353799,false,נוק זוג מוצצי סיליקון הפי נייטס 6-18 ורו,פרומדיקו,DE,זוג מוצצים הפי נייטס לגילאי 6-18 חודשים,,0.00,0.00,false,1.00,39.90,19.95,true,0,
4008600358954,false,נוק אקטיב קאפ כוס מעבר ורוד 300 מל,ניאופארם,DE,אקטיב קאפ כוס מעבר +12 חודשים - ורוד,,0.00,0.00,false,1.00,49.90,0.00,true,0,
4008600362050,false,נוק מגיק קאפ 360 כוס מעבר כחול 230 מל,ניאופארם,DE,מג'יק קאפ כוס מעבר +8 חודשים,,0.00,0.00,false,1.00,49.90,0.00,true,0,
4008600362067,false,נוק מגיק קאפ 360 כוס מעבר סגול 230 מל,ניאופארם,DE,מג'יק קאפ כוס מעבר +8 חודשים,,0.00,0.00,false,1.00,49.90,0.00,true,0,
4008600372363,false,נוק אקטיב קאפ כוס מעבר פו הדב בלונים 300,ניאופארם,DE,אקטיב קאפ כוס מעבר פו הדב בלונים +12 חודשים,,0.00,0.00,false,1.00,49.90,0.00,true,0,
4008600372370,false,נוק אקטיב קאפ כוס מעבר פו הדב 300 מל,ניאופארם,DE,אקטיב קאפ כוס מעבר פו הדב +12 חודשים,,0.00,0.00,false,1.00,49.90,0.00,true,0,
4008600378754,false,נוק אקטיב קאפ כוס מעבר ורוד 300 מל,ניאופארם,DE,אקטיב קאפ כוס מעבר +12 חודשים - ורוד,,0.00,0.00,false,1.00,49.90,0.00,true,0,
4008600384380,false,נוק זוג מוצצים סיגנטור נייט 6-18 חו כחול,פרומדיקו,DE,מוצצים סיגנטור נייט 6-18 חודשים כחול,,0.00,0.00,false,1.00,39.90,19.95,true,0,
4008600384427,false,נוק זוג מוצצים סיגנטור 6-18 חודשים ורוד,פרומדיקו,DE,מוצצים סיגנטור 6-18 חודשים ורוד,,0.00,0.00,false,1.00,39.90,19.95,true,0,
4008600384434,false,נוק זוג מוצצים סיגנטור 0-6 חודשים ורוד,פרומדיקו,DE,מוצצים סיגנטור 0-6 חודשים ורוד,,0.00,0.00,false,1.00,39.90,19.95,true,0,
4008600384441,false,נוק זוג מוצצים סיגנטור נייט 0-6 חוד סגול,פרומדיקו,DE,מוצצים סיגנטור נייט 0-6 חודשים סגול,,0.00,0.00,false,1.00,39.90,19.95,true,0,
4008600384458,false,נוק זוג מוצצים סיגנטור 0-6 חודשים כחול,פרומדיקו,DE,מוצצים סיגנטור 0-6 חודשים כחול,,0.00,0.00,false,1.00,39.90,19.95,true,0,
4008600384465,false,נוק זוג מוצצים סיגנטור נייט 0-6 חוד כחול,פרומדיקו,DE,מוצצים סיגנטור נייט 0-6 חודשים כחול,,0.00,0.00,false,1.00,39.90,19.95,true,0,
4008600384472,false,נוק זוג מוצצים סיגנטור נייט 6-18 חו סגול,פרומדיקו,DE,מוצצים סיגנטור נייט 6-18 חודשים סגול,,0.00,0.00,false,1.00,39.90,19.95,true,0,
4008600384489,false,נוק זוג מוצצי סיליקון סיגנטור 6-18 כחול,פרומדיקו,DE,זוג מוצצים סיגנטור לגילאי 6-18 חודשים,,0.00,0.00,false,1.00,39.90,19.95,true,0,
4008600387169,false,נוק בקבוק אימון 150 מל חדש,General,DE,בקבוק אימון לשתיה עצמאית 6-18 חודשים,,0.00,0.00,false,1.00,44.90,0.00,true,0,
4008600387374,false,נוק בקבוק אימון דיסני אדום 150 מל 6-18 ח,ניאופארם,DE,בקבוק אימון לשתיה עצמאית דיסני אדום 6-18 חודשים,,0.00,0.00,false,1.00,44.90,0.00,true,0,
4008600387381,false,נוק בקבוק אימון דיסני אפור 150 מל 6-18 ח,General,DE,בקבוק אימון לשתיה עצמאית דיסני אפור 6-18 חודשים,,0.00,0.00,false,1.00,44.90,0.00,true,0,
4008600404279,false,נוק זוג מוצצים ספייס מיקי 6-18 חודשים אד,פרומדיקו,DE,מוצצים ספייס מיקי 6-18 חודשים,,0.00,0.00,false,1.00,39.90,19.95,true,0,
4008600404286,false,נוק זוג מוצצים ספייס מיקי 0-6 חודשים אפו,פרומדיקו,DE,מוצצים ספייס מיקי 0-6 חודשים,,0.00,0.00,false,1.00,39.90,19.95,true,0,
4008600404477,false,נוק זוג מוצצים ספייס מיקי 6-18 חודשים אפ,פרומדיקו,DE,מוצצים ספייס מיקי 6-18 חודשים,,0.00,0.00,false,1.00,39.90,19.95,true,0,
4008600404507,false,נוק זוג מוצצים ספייס מיקי 0-6 חודשים אדו,פרומדיקו,DE,מוצצים ספייס מיקי 0-6 חודשים,,0.00,0.00,false,1.00,39.90,19.95,true,0,
4008666210142,false,אלפסין שמפו קפאין כהה,S.L.A (DR.SAMUELOV,DE,שמפו קפאין כהה שומר על הגוון הכהה של השיער מחזק את סיב השיער,,0.00,100.00,false,1.00,49.90,0.00,true,0,
4008666214829,false,"אלפסין נוזל קפאין לשיער, 200 מ""ל",אלפסין Alpecin,,נוזל קפאין,,0.00,100.00,false,1.00,59.90,0.00,true,0,
4008666215079,false,שמפו קפאין לחיזוק סיב השיערה,אלפסין Alpecin,,שמפו קפאין C1,,0.00,100.00,false,1.00,53.90,0.00,true,0,
4008666215178,false,"אלפסין שמפו לפעילות כפול קפאין, 200 מ""ל",אלפסין Alpecin,,שמפו קפאין פעולה כפולה,,0.00,100.00,false,1.00,49.90,0.00,true,0,
4008666219954,false,אלפסין שמפו קפאין היברידי 250 מל,סמואלוב,DE,שמפו קפאין היברידי,,0.00,100.00,false,1.00,49.90,0.00,true,0,
4008666701442,false,פלנטור 39 טוניק - נוזל ללא חפיפה,S.L.A (DR.SAMUELOV,DE,פלנטור 39 טוניק - נוזל ללא חפיפה,,0.00,100.00,false,1.00,64.90,0.00,true,0,
4008666701466,false,פלנטור 39 שמפו לשעיר דק ושביר,S.L.A (DR.SAMUELOV,DE,פלנטור 39 שמפו לשעיר דק ושביר,,0.00,100.00,false,1.00,64.90,0.00,true,0,
4008666701473,false,פלנטור 39 שמפו לשיער צבוע או ניזוק,S.L.A (DR.SAMUELOV,DE,פלנטור 39 שמפו לשיער צבוע או ניזוק,,0.00,100.00,false,1.00,64.90,0.00,true,0,
4008666705938,false,פלנטור 39 מרכך לשיער צבוע או ניזוק,סמואלוב,DE,פלנטור 39 מרכך לשיער צבוע או ניזוק,,0.00,100.00,false,1.00,59.90,0.00,true,0,
4008666705945,false,פלנטור 39 מרכך לשיער דק ושביר,סמואלוב,DE,פלנטור 39 מרכך לשיער דק ושביר,,0.00,100.00,false,1.00,59.90,0.00,true,0,
4008666705952,false,פלנטור 39 שמפו שיער בתוספת צבע חום,סמואלוב,DE,פלנטור 39 שמפו לשיער בתוספת צבע חום,,0.00,100.00,false,1.00,69.90,0.00,true,0,
4008666705969,false,פלנטור 39 מרכך בתוספת צבע חום,סמואלוב,DE,פלנטור 39 מרכך בתוספת צבע חום,,0.00,100.00,false,1.00,62.90,0.00,true,0,
4009900013581,false,מסטיק אורביט ספרמינט סטיקס משפחתי-חמישיות,"מרס ריגלי ישראל בע""מ",,מסטיק אורביט סטיקס באריזה משפחתית בטעם מנטה עדינה ללא סוכר,,0.00,0.00,false,1.00,9.90,1.98,true,0,
4009900379564,false,מסטיק טייפ בטעם פירות הובה בובה (56 גרם),מרס ריגלי קונפקשונרי,,מסטיק הובה בובה טייפ בטעם פירות,,0.00,0.00,false,1.00,6.90,0.00,true,0,
4009900385824,false,מסטיק אורביט פפרמינט סטיקס משפחתי-חמישיות,"מרס ריגלי ישראל בע""מ",,מסטיק אורביט סטיקס באריזה משפחתית בטעם מנטה חזקה ללא סוכר,,0.00,0.00,false,1.00,9.90,1.98,true,0,
4009900402965,false,אורביט וויט בטעם פירות בקבוקון 46מלבניות,"מרס ריגלי ישראל בע""מ",,מסטיק אורביט וויט בטעם פירות ללא סוכר,,0.00,100.00,false,1.00,10.90,0.00,true,0,
4009900403023,false,אורביט וויט בטעם מנטה בקבוקון 46 מלבניות,"מרס ריגלי ישראל בע""מ",,מסטיק אורביט וויט בטעם מנטה ללא סוכר,,0.00,100.00,false,1.00,10.90,0.00,true,0,
4009900406918,false,מסטיק הובה בובה טייפ טריפל מיקס 56ג',מרס ריגלי קונפקשונרי,,מסטיק הובה בובה טייפ בטעם תות אוכמניות ואבטיח,,0.00,0.00,false,1.00,6.90,0.00,true,0,
<<<<<<< HEAD
4009900420129,false,מסטיק אורביט פרופשנל פפרמינט בקבוקון 64 גר',מרס נדרלנד,PL,מסטיק אורביט פרופשיונל מנטה חזקה ללא סוכר,,0.00,100.00,false,1.00,10.90,0.00,true,0,
4009900426121,false,מסטיק אורביט איירוויז בקבוקון אוכמניות 64ג',איירוויבס Airwaves,PL,מסטיק איירוויבז בטעם מנטה אוכמניות ללא סוכר,,0.00,100.00,false,1.00,10.90,0.00,true,0,
4009900455299,false,"סוכרית ג'לי אדומה 174 גרם ""סקיטלס""",ריגלי ממתקים,CZ,סוכריות סקיטלס בטעם פירות,,0.00,100.00,false,1.00,8.90,0.00,true,0,
4009900465304,false,סוכריות סקיטלס פירות חמוצים 174 גרם,ריגלי ממתקים,CZ,סוכריות סקיטלס בטעם פירות חמוצים,,0.00,100.00,false,1.00,8.90,0.00,true,0,
4009900479998,false,אורביט וויט אוכמניות בקבוקון 46 מלבניות,ריגלי פולין,PL,מסטיק אורביט בטעם אוכמניות ללא סוכר,,0.00,100.00,false,1.00,10.90,0.00,true,0,
4009900482417,false,מסטיק אורביט פירות מנטה בקבוקון באבל מינט 45יח,ריגלי פולין,,גומי לעיסה בטעם פירות מרענן בקבוקון,,0.00,100.00,false,1.00,10.90,0.00,true,0,
4009900500166,false,סוכריות פירות אדום סקיטלס בקבוקון 125ג',ריגלי ממתקים,CZ,סוכריות סקיטלס בטעם פירות,,0.00,100.00,false,1.00,9.90,0.00,true,0,
4009900531122,false,"מסטיק בטעם מנטה ספירמינט, 64 ג' פרופשיונל אורפיט",מרס נדרלנד,PL,מסטיק אורביט פרופשיונל מנטה עדינה ללא סוכר,,0.00,100.00,false,1.00,10.90,0.00,true,0,
=======
4009900420129,false,מסטיק אורביט פרופשנל פפרמינט בקבוקון 64 גר',"מרס ריגלי ישראל בע""מ",PL,מסטיק אורביט פרופשיונל מנטה חזקה ללא סוכר,,0.00,100.00,false,1.00,10.90,0.00,true,0,
4009900426121,false,מסטיק אורביט איירוויז בקבוקון אוכמניות 64ג',"מרס ריגלי ישראל בע""מ",PL,מסטיק איירוויבז בטעם מנטה אוכמניות ללא סוכר,,0.00,100.00,false,1.00,10.90,0.00,true,0,
4009900455299,false,"סוכרית ג'לי אדומה 174 גרם ""סקיטלס""","מרס ריגלי ישראל בע""מ",CZ,סוכריות סקיטלס בטעם פירות,,0.00,100.00,false,1.00,8.90,0.00,true,0,
4009900465304,false,סוכריות סקיטלס פירות חמוצים 174 גרם,"מרס ריגלי ישראל בע""מ",CZ,סוכריות סקיטלס בטעם פירות חמוצים,,0.00,100.00,false,1.00,8.90,0.00,true,0,
4009900479998,false,אורביט וויט אוכמניות בקבוקון 46 מלבניות,"מרס ריגלי ישראל בע""מ",PL,מסטיק אורביט בטעם אוכמניות ללא סוכר,,0.00,100.00,false,1.00,10.90,0.00,true,0,
4009900482417,false,מסטיק אורביט פירות מנטה בקבוקון באבל מינט 45יח,"מרס ריגלי ישראל בע""מ",,גומי לעיסה בטעם פירות מרענן בקבוקון,,0.00,100.00,false,1.00,10.90,0.00,true,0,
4009900500166,false,סוכריות פירות אדום סקיטלס בקבוקון 125ג',"מרס ריגלי ישראל בע""מ",CZ,סוכריות סקיטלס בטעם פירות,,0.00,100.00,false,1.00,9.90,0.00,true,0,
4009900531122,false,"מסטיק בטעם מנטה ספירמינט, 64 ג' פרופשיונל אורפיט","מרס ריגלי ישראל בע""מ",PL,מסטיק אורביט פרופשיונל מנטה עדינה ללא סוכר,,0.00,100.00,false,1.00,10.90,0.00,true,0,
>>>>>>> d048ac2f4f281c9d788043ab4e81b61b0dbe3743
4009900536257,false,מסטיק אורביט רפרשרס ספירמינט בקבוקון ללא סוכר 67 גר',מרס ריגלי קונפקשונרי,PL,רפרשרס גומי לעיסה ללא סוכר בטעם מנטה בקבוקון,,0.00,100.00,false,1.00,11.90,0.00,true,0,
4009900536288,false,מסטיק אורביט רפרשרס פפרמינט בקבוקון ללא סוכר 67 גר',מרס ריגלי קונפקשונרי,PL,רפרשרס גומי לעיסה לא סוכר בטעם מנטה בקבוקון,,0.00,100.00,false,1.00,11.90,0.00,true,0,
4009900536486,false,מסטיק אורביט רפרשרס באבלמינט בקבוקון ללא סוכר 67 גר',מרס ריגלי קונפקשונרי,PL,רפרשרס גומי לעיסה ללא סוכר בטעם פירות ומנטה בקבוקון,,0.00,100.00,false,1.00,11.90,0.00,true,0,
4009900539340,false,סוכריות ג`יינט פירות סקיטלס סאוור (141 ג,מרס ריגלי קונפקשונרי,CZ,סוכריות גדולות בטעמי פירות חמוצים,,0.00,100.00,false,1.00,8.90,0.00,true,0,
4009900539685,false,"מסטיק פייב באונס בטעם מנטה בקבוקון, 61.8 גרם","מרס ריגלי ישראל בע""מ",PL,גומי לעיסה בטעם מנטה ללא סוכר,,0.00,0.00,false,1.00,11.90,0.00,true,0,
4009900539746,false,"מסטיק פייב באונס בטעם אבטיח בקבוקון, 61.8 גרם","מרס ריגלי ישראל בע""מ",PL,גומי לעיסה בטעם אבטיח ללא סוכר,,0.00,0.00,false,1.00,11.90,0.00,true,0,
4011800290030,false,חטיף חלבון עם שוקולד חלב ללא תוספת סוכר,מ.סידס ובנו בעמ,DE,חטיף חלבון שוקולד חלב,,0.00,100.00,false,1.00,9.90,0.00,true,0,
4011800290054,false,חטיף חלבון עם קוקוס ושוקולד חלב ללא תוספת סוכר,משה סידס ובנו בעמ,DE,חטיף חלבון קוקוס,,0.00,100.00,false,1.00,9.90,0.00,true,0,
4011800567613,false,מאגדת קורני מילק דרק & ואיט 120 גרם,מיוצר עי קונדיטוריית,,שחור ולבן חטיף דגנים בטעם שוקולד עם 30% מילוי קרם חלב,,0.00,0.00,false,1.00,15.90,3.97,true,0,
4011800617615,false,קורני ביג שוקולד 50 גר`,משה סידס ובנו בעמ,DE,BIG חטיף שוקולד,,0.00,100.00,false,1.00,5.90,0.00,true,0,
4011800617714,false,"""קורני"" ביג שוקו בננה50 גרם",מיוצר עי קונדיטוריית,DE,BIG חטיף שוקו בננה,,0.00,100.00,false,1.00,5.90,0.00,true,0,
4011800628512,false,חטיף קורני שוקולד חלב 6 יח 150 גר,מיוצר עי קונדיטוריית,,חטיף דגנים עם שוקולד חלב,,0.00,0.00,false,1.00,15.90,2.65,true,0,
4011800630515,false,חטיף קורני שוקולד חלב ובננה 6 יח 150 גר,מיוצר עי קונדיטוריית,,חטיף דגנים עם שוקולד חלב ובננה,,0.00,0.00,false,1.00,15.90,2.65,true,0,
4011800636517,false,קורני פרי שוקולד חלב מעולה ללא סוכר 6*1,מיוצר עי קונדיטוריית,,פרי חטיף דגנים עם שוקולד חלב ללא תוספת סוכר,,0.00,0.00,false,1.00,15.90,2.65,true,0,
4012273123009,false,נטרוגינה קרם ידיים 50 מל הסדרה הנורבגית,גונסון אנד גונסון,FR,קרם ידיים הסדרה הנורבגית,,0.00,100.00,false,1.00,29.90,0.00,true,0,
4014400907902,false,"וורטרס אורגינל סוכריות חמאה ללא סוכר בקופסה
<<<<<<< HEAD
42 גרם",תות ממתקי איכות,,סוכריות חמאה ללא סוכר,,0.00,100.00,false,1.00,7.90,0.00,true,0,
=======
42 גרם",ליימן שליסל בע`מ,,סוכריות חמאה ללא סוכר,,0.00,100.00,false,1.00,7.90,0.00,true,0,
>>>>>>> d048ac2f4f281c9d788043ab4e81b61b0dbe3743
4015000280211,false,"פה - דאודורנט רול און לאישה קאריביין לימון 50 מ""ל",שוורצקוף& הנקל דיסלד,,דאודורנט רול און קאריביאן לימון לאישה 48 שעות,,0.00,100.00,false,1.00,10.90,0.00,true,0,
4015000280372,false,"דאודורנט רול און בניחוח לימון פה 50 מ""ל",שוורצקופף והנקל,,דאודורנט רול און לגבר 48 שעות,,0.00,100.00,false,1.00,14.90,0.00,true,0,
4015000500838,false,טאפט גל למראה רטוב 150 מל,הנקל סוד,DE,ג'ל למראה רטוב  אחיזה 3,,0.00,100.00,false,1.00,19.90,0.00,true,0,
4015000519915,false,"פה - דאודורנט ספריי לאישה פינק פרדייס 200 מ""ל",שוורצקופף והנקל,,דאודורנט ספריי לאשה פינק,"מ""ל",200.00,100.00,false,1.00,14.90,0.00,true,0,
4015000535953,false,טאפט ווקס פאוור 75 מל,הנקל סוד,DE,"ווקס פאוור  לאחיזה חזקה במיוחד, אחיזה 5+",,0.00,100.00,false,1.00,29.90,0.00,true,0,
4015000535977,false,טאפט ספריי קפאין 250 מל,הנקל סוד,DE,"ספריי פאוור  למראה שיער חזק מהשורש ועד הקצוות, אחיזה 5",,0.00,100.00,false,1.00,29.90,0.00,true,0,
4015000536073,false,טאפט גל טיטניום 150 מל,הנקל סוד,DE,ג'ל טיטניום  לאחיזה יסודית לאורך זמן דרגת חוזק 6,,0.00,100.00,false,1.00,19.90,0.00,true,0,
4015000537049,false,"גליס מרכך ומשקם לשיער אקספרס שוורצקוף 200 מ""ל",שוורצקוף,,קונדישינר משקם אקספרס לשיער יבש ופגום,,0.00,100.00,false,1.00,35.90,0.00,true,0,
4015000548847,false,טאפט גל סטנד אפ 150 מל,הנקל סוד,DE,ג'ל סטנד אפ  אחיזה 5,,0.00,100.00,false,1.00,19.90,0.00,true,0,
4015000615884,false,"פה - דאודורנט ספריי לאישה קריביין לימון 200 מ""ל",שוורצקופף והנקל,,דאודורנט ספריי ירוק לאישה,,0.00,100.00,false,1.00,14.90,0.00,true,0,
4015000615891,false,"פה - דאודורנט ספריי לאישה אקווה 200 מ""ל",שוורצקופף והנקל,,דאודורנט ספריי כחול לאישה,"מ""ל",200.00,100.00,false,1.00,14.90,0.00,true,0,
4015000615921,false,"פה - דאודורנט ספריי לגבר ספורט 200 מ""ל",שוורצקופף והנקל,,דאודורנט ספריי לגבר,"מ""ל",200.00,100.00,false,1.00,14.90,0.00,true,0,
4015000923880,false,דיאדרמין ליפט+ קרם לחות נגד קמטים 50 מל,הנקל סוד,SI,+LIFT קרם יום נגד קמטים,,0.00,100.00,false,1.00,59.90,0.01,true,0,
4015000923989,false,דיאדרמין ליפט+ קרם הזנה ללילה נגד קמטים,הנקל סוד,SI,+LIFT קרם הזנה ללילה נגד קמטים,,0.00,100.00,false,1.00,59.90,0.01,true,0,
4015000950510,false,טאפט ספריי קרטין 250 מל,הנקל סוד,DE,"ספריי פיטו קרטין לעיצוב וחיזוק סיב השערה, אחיזה 4",,0.00,100.00,false,1.00,29.90,0.00,true,0,
4015000975421,false,סאיוס משחה לעיצוב השיער אינביזיבל 100 מל,הנקל סוד,,אינביזיבל משחה לעיצוב שיער,,0.00,0.00,false,1.00,39.90,0.39,true,0,
4015000995122,false,"דאודורנט פה ספריי כח המשיכה 200 מ""ל",שוורצקופף והנקל,,דאודורנט ספריי כח המשיכה,,0.00,100.00,false,1.00,14.90,0.00,true,0,
4015000996273,false,"גליס מרכך אולטימטיב שמן אלקסייר 400 מ""ל","הובי קוסמטיק, חברת ייצור",,מרכך אולטימטיב שמן אלקסייר,,0.00,100.00,false,1.00,18.90,0.00,true,0,
4015000997430,false,פה דאודורנט ספריי אינויזיבל פאוור 200 מל,שוורצקופף והנקל,,דאודורנט ספריי אינויזיבל פאוור,,0.00,100.00,false,1.00,10.90,0.00,true,0,
4015001004168,false,"גליס - מרכך משקם אקספרס סרום שיקות עמוק 200 מ""ל",שוורצקוף,SK,סרום שיקום עמוק קונדישינר משקם אקספרס,,0.00,100.00,false,1.00,35.90,0.00,true,0,
4015100190793,false,גליס מסכה לשיער יבש ופגום במיוחד Ultimate Repair,שוורצקופף והנקל,SK,מסכה שיקום אולטימטיבי,,0.00,100.00,false,1.00,39.90,0.00,true,0,
4015100190892,false,דיאדרמין ליפט + סופר פילר קרם עיניים,הנקל סוד,SI,LIFT+ סופר פילר קרם עיניים,,0.00,100.00,false,1.00,69.90,0.04,true,0,
4015100202205,false,טאפט מוס מתולתל 150 מל,הנקל סוד,DE,"מוס תלתלים - לתלתלים מוגדרים וגמישים, אחיזה 3",,0.00,100.00,false,1.00,24.90,0.00,true,0,
4015100203523,false,דיאדרמין ליפט+ קפסולות לעור הפנים והצווא,הנקל סוד,DE,LIFT+ קפסולות לעור פנים והצוואר,,0.00,0.00,false,1.00,79.90,0.00,true,0,
<<<<<<< HEAD
4015100204087,false,סאיוס ספריי לשיער סלון פלאקס 250מל,הנקל סוד,DE,ספריי לשיער סלון פלקס,,0.00,100.00,false,1.00,47.90,0.00,true,0,
=======
4015100204087,false,סאיוס ספריי לשיער סלון פלאקס 250מל,הנקל סוד בעמ,DE,ספריי לשיער סלון פלקס,,0.00,100.00,false,1.00,47.90,0.00,true,0,
>>>>>>> d048ac2f4f281c9d788043ab4e81b61b0dbe3743
4015100298000,false,גליס מסכה ביו-טק 2ב-1 300 מל,שוורצקופף והנקל,TR,ביו-טק מסכה עשירה 2 ב-1,,0.00,100.00,false,1.00,20.00,0.00,true,0,
4015100302059,false,גליס תחליב לשיער מאולף,הנקל סוד,HU,תחליב לשיער מאולף,,0.00,100.00,false,1.00,39.90,0.00,true,0,
4015100302134,false,גליס ספריי מעצב ומטפח,הנקל סוד,HU,ספריי מעצב ומטפח,,0.00,100.00,false,1.00,39.90,0.00,true,0,
4015100302219,false,גליס מוס למראה שיער מלא,הנקל סוד,HU,מוס למראה שיער מלא,,0.00,100.00,false,1.00,39.90,0.00,true,0,
4015100325294,false,פלטה דלוקס קיט 4-65 חום מהפנט,שוורצקופף & הנקל דיסלדור,DE,DELUXE צבע שיער 4-65 חום מהפנט,,0.00,0.00,false,1.00,39.90,0.00,true,0,
4015100325324,false,פאלטה דלוקס קיט 6-0 בלונד כהה,שוורצקופף & הנקל דיסלדור,DE,DELUXE צבע שיער 6-0 בלונד כהה,,0.00,0.00,false,1.00,39.90,0.00,true,0,
4015100325355,false,פלטה דלוקס קיט 4-0 חום בינוני עדין,שוורצקופף & הנקל דיסלדור,DE,DELUXE צבע שיער 4-0 חום בינוני עדין,,0.00,0.00,false,1.00,39.90,0.00,true,0,
4015100326949,false,גליס קרם לתלתלים,הנקל סוד,SI,קרם לתלתלים מוגדרים,,0.00,100.00,false,1.00,39.90,0.00,true,0,
4015100432534,false,דיאדרמין פיטו רטינול אמפולות להפחתת קמטי,הנקל סוד,SI,PHYTO RETINOL אמפולות להפחתת קמטים,,0.00,0.00,false,1.00,59.90,0.00,true,0,
4015100438055,false,פאלטה - דלוקס קיט בלונד בינוני 7-0,שוורצקופף & הנקל דיסלדור,DE,DELUXE צבע שיער 7-0 בלונד בינוני,,0.00,0.00,false,1.00,39.90,0.00,true,0,
4015100438079,false,פאלטה - דלוקס קיט בלונד בהיר 8-0,שוורצקופף & הנקל דיסלדור,DE,DELUXE צבע שיער 8-0 בלונד בהיר,,0.00,0.00,false,1.00,39.90,0.00,true,0,
4015100438154,false,פאלטה - דלוקס קיט בלונד טיטניום 12-2,שוורצקופף & הנקל דיסלדור,DE,DELUXE צבע שיער 10-1 בלונד כסוף,,0.00,0.00,false,1.00,39.90,0.00,true,0,
4015100438192,false,פאלטה - דלוקס קיט בלונד זהוב חם 8-65,שוורצקופף & הנקל דיסלדור,DE,DELUXE צבע שיער 8-65 בלונד זהוב חם,,0.00,0.00,false,1.00,39.90,0.00,true,0,
4015100438239,false,פאלטה - דלוקס קיט חום בהיר זהוב 5-5,שוורצקופף & הנקל דיסלדור,DE,DELUXE צבע שיער 5-5 קרמל,,0.00,0.00,false,1.00,39.90,0.00,true,0,
4015100438314,false,פלטה דלוקס קיט צבעי שיער 12.2 בלונד טיטנ,שוורצקופף & הנקל דיסלדור,DE,DELUXE צבע שיער 12-2 בלונד טיטניום,,0.00,0.00,false,1.00,39.90,0.00,true,0,
4015100709889,false,צבע לשער פאלטה דלוקס שחור בורדו קיט,הנקל סוד,DE,DELUXE צבע שיער 1-08 שחור בורדו,,0.00,0.00,false,1.00,39.90,0.00,true,0,
4015100709964,false,צבע לשער פאלטה דלוקס בלונד אולטרה טיטניום,הנקל סוד,DE,DELUXE צבע שיער 11-11 בלונד אולטרה טיטניום,,0.00,0.00,false,1.00,39.90,0.00,true,0,
4015100710021,false,צבע לשער פאלטה דלוקס חום בהיר קר 5-1 קיט,הנקל סוד,DE,DELUXE צבע שיער 5-1 חום בהיר קר,,0.00,0.00,false,1.00,39.90,0.00,true,0,
4015400269762,false,טמפונים פרל רגולר טמפקס) (20,דיפלומט מפיצים (1968) בעמ,,פרל עם מוליך רגולר,,0.00,0.00,false,1.00,23.90,1.19,true,0,
4015400269793,false,טמפקס פרל סופר 18 יחידות,תות ממתקי איכות,,פרל סופר עם מוליך,,0.00,0.00,false,1.00,23.90,1.32,true,0,
4015400434788,false,טמפקס פרל סופר-פלוס 18 יחידות,פרוקטר & גמבל,,פרל עם מוליך סופר פלוס,,0.00,0.00,false,1.00,23.90,1.32,true,0,
4015400536857,false,פמפרס פרימיום חיתולים שלב 0 א.נשיאה 30יח,פרוקטר & גמבל,PL,"חיתולים ניו בייבי שלב 0 - 3 ק""ג ומעלה, אריזת נשיאה",,0.00,0.00,false,1.00,21.90,0.73,true,0,
4015400562818,false,אולוויז מגן תחתון פלקסי סטייל סינגל 40 י,דיפלומט,DE,מגני תחתון פלקסי סטייל סלים מבושם,,0.00,0.00,false,1.00,16.90,0.42,true,0,
4015400562849,false,אולוויז מגן תחתון פלקסי סטייל דואו 60 יח,פרוקטר אנד גמבל,,מגני תחתון פלקסי סטייל,,0.00,0.00,false,1.00,19.90,0.33,true,0,
4015400563747,false,אולוויז מגן תחתון דואו נורמל 60 יח,פרוקטר אנד גמבל,UA,מגני תחתון נורמל,,0.00,0.00,false,1.00,19.90,0.33,true,0,
4015400563846,false,אולוויז - מגן תחתון לונג פלוס 44 יח',פרוקטר אנד גמבל,DE,מגיני תחתון לונג פלוס,,0.00,0.00,false,1.00,19.90,0.45,true,0,
4015400564034,false,מגן תחתון אולוויז מגה פק לונג פלוס 58 יחידות,דיפלומט מפיצים (1986) בע`מ,DE,מגני תחתון לונג' פלוס,,0.00,0.00,false,1.00,32.90,0.56,true,0,
4015400564324,false,אולוויז מגן תחתון וליו פק לארג 52 יח,פרוקטר אנד גמבל,DE,מגיני תחתון לארג',,0.00,0.00,false,1.00,19.90,0.38,true,0,
4015400564454,false,מגני תחתון אולוויז לארג' עם ניחוח מגה פק,דיפלומט מפיצים (1986) בע`מ,DE,מגני תחתון לארג',,0.00,0.00,false,1.00,32.90,0.48,true,0,
4015400565574,false,אולוויז מגן תחתון וליו פק נורמל פרש58 יח,דיפלומט,,מגני תחתון פרש נורמל,,0.00,0.00,false,1.00,19.90,0.34,true,0,
4015400598329,false,תחבושות אולוויז קוואטרו נורמל פלוס 56 יחידות,דיפלומט מפיצים (1968) בעמ,DE,תחבושות קווטרו נורמל פלוס עם כנפיים,,0.00,0.00,false,1.00,39.90,0.71,true,0,
4015400598381,false,תחבושות היגייניות אולטרה לונג - מארז קוואטרו 48 יח',דיפלומט מפיצים (1968) בעמ,DE,תחבושות קווטרו אולטרה לונג פלוס עם כנפיים,,0.00,0.00,false,1.00,39.90,0.83,true,0,
4015400598411,false,תחבושות היגייניות יום ולילה Day & Night - מארז 40 יח',דיפלומט מפיצים (1968) בעמ,DE,תחבושות קוואטרו לילה עם כנפיים,,0.00,0.00,false,1.00,39.90,0.99,true,0,
4015400623663,false,מגבונים לחים ניו בייבי רביעייה ללא בישום,דיפלומט מפיצים 1968 בעמ,DE,מגבונים לחים לרך הנולד,,0.00,0.00,false,1.00,28.90,7.22,true,0,
4015400629368,false,תחבושות אולוויז דיסקרט סמול פלוס 16 יח לבריחת שתן,דיפלומט מפיצים {1968}בעמ,DE,דיסקרט תחבושות לבריחת שתן סמול פלוס,,0.00,0.00,false,1.00,24.90,1.55,true,0,
4015400675464,false,אולוויז דיסקרט מגן תחתון 28 יח,דיפלומט,DE,דיסקריט מגן תחתון לבריחת שתן,,0.00,0.00,false,1.00,24.90,0.88,true,0,
4015400681670,false,תחבושות אולוויז וליו פק לילה בטוח 18 יחידות,דיפלומט מפיצים (1986) בע`מ,HU,תחבושות אולטרה עם כנפיים לילה בטוח אריזת דואו,,0.00,0.00,false,1.00,19.90,1.10,true,0,
4015400684428,false,אולוויז אינפיניטי נורמל 12 יח,General,HU,אינפיניטי עם כנפיים נורמל פלוס,,0.00,0.00,false,1.00,23.90,2.39,true,0,
4015400684480,false,אולוויז אינפיניטי לונג פלוס 11 יח,General,HU,אינפיניטי עם כנפיים לונג פלוס,,0.00,0.00,false,1.00,23.90,2.17,true,0,
4015400684534,false,אולוויז אינפיניטי לילה 10 יח,General,HU,אינפיניטי עם כנפיים לילה,,0.00,0.00,false,1.00,23.90,2.39,true,0,
4015400690313,false,טמפונים פרל רגולר טמפקס קומפאק 18 יח,דיפלומט מפיצים (1968) בעמ,HU,קומפאק פרל עם מוליך רגולר,,0.00,0.00,false,1.00,24.90,1.38,true,0,
4015400690405,false,טמפונים פרל סופר טמפקס קומפאק 18 יח,דיפלומט מפיצים (1968) בעמ,HU,קומפאק פרל עם מוליך סופר,,0.00,0.00,false,1.00,24.90,1.38,true,0,
4015400690498,false,טמפונים פרל סופר פלוס טמפקס קומפאק 18 יח,דיפלומט מפיצים (1968) בעמ,HU,קומפאק פרל עם מוליך סופר פלוס,,0.00,0.00,false,1.00,24.90,1.38,true,0,
4015400731719,false,תחבושות היגייניות אולוויז יום ולילה Day & Night,דיפלומט מפיצים (1986) בע`מ,DE,תחבושות אולטרה עם כנפיים נייט אריזת דואו,,0.00,0.00,false,1.00,19.90,0.99,true,0,
4015400746812,false,מגני תחתון אולוויז נורמל עם ניחוח מגה פק,דיפלומט מפיצים (1986) בע`מ,DE,מגני תחתון נורמל,,0.00,0.00,false,1.00,32.90,0.41,true,0,
4015400755241,false,תחבושות היגייניות אולוויז אולטרה נורמל - 28 יח',דיפלומט מפיצים (1986) בע`מ,DE,תחבושות אולטרה עם כנפיים נורמל אריזת דואו,,0.00,0.00,false,1.00,19.90,0.71,true,0,
4015400755487,false,תחבושות היגייניות אולוויז אולטרה לונג - 24 יח',דיפלומט מפיצים (1986) בע`מ,DE,תחבושות אולטרה עם כנפיים לונג אריזת דואו,,0.00,0.00,false,1.00,19.90,0.82,true,0,
4015400844570,false,אולוויז דיסקרט מגן תחתון פלוס 24 יח,דיפלומט,DE,דיסקריט מגן תחתון פלוס לבריחת שתן,,0.00,0.00,false,1.00,24.90,1.03,true,0,
4015600592431,false,פנטן אמפולות לשיקום אינטנסיבי 3 יחידות,דיפלומט,GB,REPAIR&PROTECT אמפולות להצלת השיער תוך דקה,,0.00,0.00,false,1.00,24.90,0.00,true,0,
4015600763251,false,שמפו הד&שולדרס קלאסי 600 מל,דיפלומט מפיצים (1968) בעמ,,שמפו למניעת קשקשים לשיער רגיל,,0.00,100.00,false,1.00,26.90,0.00,true,0,
4015600763299,false,"הד שולדרס שמפו קלאסי 2ב1 600מ""ל",דיפלומט מפיצים (1968) בעמ,,שמפו למניעת קשקשים 2 ב-1 לשיער רגיל,,0.00,100.00,false,1.00,26.90,0.00,true,0,
4015600763411,false,שמפו הד&שולדרס מנטול 600 מל,דיפלומט מפיצים (1968) בעמ,,שמפו יומיומי למניעת קשקשים מנטול,,0.00,100.00,false,1.00,26.90,0.00,true,0,
4015600763459,false,שמפו הד&שולדרס תפוח 600 מל,דיפלומט מפיצים (1968) בעמ,,שמפו יומיומי למניעת קשקשים תפוח,,0.00,100.00,false,1.00,26.90,0.00,true,0,
4015600763534,false,שמפו הד&שולדרס מגע משי 600 מל,דיפלומט מפיצים (1968) בעמ,,שמפו יומיומי למניעת קשקשים מגע משי,,0.00,100.00,false,1.00,26.90,0.00,true,0,
4015600766658,false,"הד אנד שולדרס שמפו2 ב 1 מנטול 600 מ""ל",דיפלומט מפיצים (1968) בעמ,,שמפו וקונדישנר 2ב1 למניעת קשקשים מנטול,,0.00,100.00,false,1.00,26.90,0.00,true,0,
4015600807436,false,"ג'ילט - דאודורנט ג'ל לגבר כדוריות קול וויב 75 מ""ל",פארמה דיל (פ.א.ב.) שיווק והפצה,GB,דאודורנט ג'ל פאוור בידס Cool Wave,,0.00,100.00,false,1.00,33.90,0.00,true,0,
4015600807573,false,"ג'ילט - דאודורנט ג'ל לגבר כדוריות פאוור ראש 75 מ""ל",פארמה דיל (פ.א.ב.) שיווק והפצה,GB,דאודורנט ג'ל פאוור בידס Power Rush,,0.00,100.00,false,1.00,33.90,0.00,true,0,
4015600810849,false,גילט דאו קליר גל 70 מל פאוור ראש,פרוקטר אנד גמבל,CZ,דאודורנט קליר ג'ל POWER RUSH,,0.00,100.00,false,1.00,22.90,0.00,true,0,
4015600862718,false,אולד ספייס דאו סטיק LIONPRIDE,דיפלומט,PL,דאודורנט סטיק LIONPRIDE,,0.00,100.00,false,1.00,19.90,0.00,true,0,
4015600969578,false,אוליי רגנריסט לומינוס אנטי אייגינג קרם,דיפלומט,PL,REGENERIST LUMINOUS אנטי אייג'ינג קרם יום,,0.00,100.00,false,1.00,139.90,0.02,true,0,
4017100219900,false,בלזן וופלטן וופל מגולגל מצופה שוקולד חלב 100 גרם,הדקלאים אגודת שיתופי,DE,וופלטן חלב,,0.00,0.00,false,1.00,12.90,0.12,true,0,
4045787068221,false,"אינדולה - פרוטאין צבע 1 שחור 60 מ""ל",שוורצקופף והנקל,,קרם צבע שיער שחור 1,,0.00,100.00,false,1.00,24.90,0.00,true,0,
4045787068238,false,צבע לשיער פרוטאין קולור- 10 בלונד בהיר מאוד,שוורצקופף והנקל,,קרם צבע שיער בלונד סופר בהיר 10,,0.00,100.00,false,1.00,24.90,0.00,true,0,
4045787068245,false,צבע לשיער פרוטאין קולור- 1000.0 אקסטרה בלונד,שוורצקופף והנקל,,קרם צבע שיער אקסטרה בלונד פנינה 1000,,0.00,100.00,false,1.00,24.90,0.00,true,0,
4045787068252,false,צבע לשיער פרוטאין קולור- 1000.1 אקסטרה בלונד אפרפר,שוורצקופף והנקל,,קרם צבע שיער אקסטרה בלונד 1000.1,,0.00,100.00,false,1.00,24.90,0.00,true,0,
<<<<<<< HEAD
4045787068283,false,"אינדולה - פרוטאין צבע 1-1 שחור כחול 60 מ""ל",אינדולה Indola,,קרם צבע שיער שחור כחול 1.1,,0.00,100.00,false,1.00,24.90,0.00,true,0,
=======
4045787068283,false,"אינדולה - פרוטאין צבע 1-1 שחור כחול 60 מ""ל",הנקל סוד בעמ,,קרם צבע שיער שחור כחול 1.1,,0.00,100.00,false,1.00,24.90,0.00,true,0,
>>>>>>> d048ac2f4f281c9d788043ab4e81b61b0dbe3743
4045787068290,false,"צבע לשיער אינדולה פרוטאין חום שחור 3 60 מ""ל",שוורצקופף והנקל,,קרם צבע שיער חום שחור 3,,0.00,100.00,false,1.00,24.90,0.00,true,0,
4045787068306,false,"אינדולה - פרוטאין צבע 4 חום כהה 60 מ""ל",שוורצקופף והנקל,,קרם צבע שיער חום כהה 4,,0.00,100.00,false,1.00,24.90,0.00,true,0,
4045787068313,false,"אינדולה - פרוטאין צבע 4-37 שוקולד כהה 60 מ""ל",אינדולה Indola,,קרם צבע שיער שוקולד כהה 4.37,,0.00,100.00,false,1.00,24.90,0.00,true,0,
4045787068320,false,"אינדולה - פרוטאין צבע 5 חום 60 מ""ל",שוורצקופף והנקל,,קרם צבע שיער חום 5,,0.00,100.00,false,1.00,24.90,0.00,true,0,
4045787068337,false,"אינדולה - פרוטאין 5-35 חום שקד 60 מ""ל",אינדולה Indola,,קרם צבע שיער אגוז 5.35,,0.00,100.00,false,1.00,24.90,0.00,true,0,
4045787068344,false,"אינדולה - פרוטאין צבע 5-4 ערמונים 60 מ""ל",אינדולה Indola,,קרם צבע שיער ערמונים 5.4,,0.00,100.00,false,1.00,24.90,0.00,true,0,
4045787068351,false,צבע לשיער פרוטאין קולור- 5.56 בורדו קטיפה,אינדולה Indola,,קרם צבע לשיער בורדו קטיפה 5.56,,0.00,100.00,false,1.00,24.90,0.00,true,0,
4045787068368,false,"אינדולה - פרוטאין צבע 5-66 שזיף 60 מ""ל",אינדולה Indola,,קרם צבע שיער שזיף 5.66,,0.00,100.00,false,1.00,24.90,0.00,true,0,
4045787068375,false,"אינדולה - פרוטאין צבע 6 בלונד כהה 60 מ""ל",שוורצקופף והנקל,,קרם צבע שיער בלונד כהה 6,,0.00,100.00,false,1.00,24.90,0.00,true,0,
4045787068382,false,צבע לשיער פרוטאין קולור- 6.03 חום זהבהב,שוורצקופף והנקל,,קרם צבע שיער חום זהבהב 6.03,,0.00,100.00,false,1.00,24.90,0.00,true,0,
4045787068405,false,"צבע לשיער אינדולה פרוטאין חום שקד 6-23 60 מ""ל",אינדולה Indola,,קרם צבע שיער חום שקד 6.23,,0.00,100.00,false,1.00,24.90,0.00,true,0,
4045787068412,false,"אינדולה - פרוטאין צבע 6-37 שוקולד 60 מ""ל",אינדולה Indola,,קרם צבע שיער שוקולד 6.37,,0.00,100.00,false,1.00,24.90,0.00,true,0,
4045787068429,false,"אינדולה - פרוטאין צבע 6-4 אגוז 60 מ""ל",שוורצקופף והנקל,,קרם צבע לשיער אגוז ברזיל 6.4,,0.00,100.00,false,1.00,24.90,0.00,true,0,
4045787068436,false,צבע לשיער פרוטאין קולור- 6.46 נחושת אדומה,אינדולה Indola,,קרם צבע לשיער נחושת אדומה 6.46,,0.00,100.00,false,1.00,24.90,0.00,true,0,
4045787068467,false,"אינדולה - פרוטאין צבע 7 בלונד בינוני 60 מ""ל",שוורצקופף והנקל,,קרם צבע שיער בלונד בינוני 7,,0.00,100.00,false,1.00,24.90,0.00,true,0,
4045787068498,false,"אינדולה - פרוטאין צבע 7-3 דבש 60 מ""ל",שוורצקופף והנקל,,קרם צבע שיער דבש 7.3,,0.00,100.00,false,1.00,24.90,0.00,true,0,
4045787068504,false,"אינדולה - פרוטאין צבע 7-35 פקאן 60 מ""ל",שוורצקופף והנקל,,קרם צבע שיער פקאן 7.35,,0.00,100.00,false,1.00,24.90,0.00,true,0,
4045787068511,false,צבע לשיער פרוטאין קולור- 7.44 דבש נחושתי,אינדולה Indola,,קרם צבע לשיער דבש נחושתי 7.44,,0.00,100.00,false,1.00,24.90,0.00,true,0,
4045787068535,false,צבע לשיער פרוטאין קולור- 7.66 אדום זוהר,אינדולה Indola,,קרם צבע שיער אדום זוהר 7.66,,0.00,100.00,false,1.00,24.90,0.00,true,0,
4045787068542,false,"אינדולה - פרוטאין צבע 8 בלונד בהיר 60 מ""ל",שוורצקופף והנקל,,קרם צבע שיער בלונד בהיר 8,,0.00,100.00,false,1.00,24.90,0.00,true,0,
4045787068566,false,"אינדולה - פרוטאין צבע 8-3 בלונד שמש 60 מ""ל",אינדולה Indola,,קרם צבע שיער בלונד שמש 8.3,,0.00,100.00,false,1.00,24.90,0.00,true,0,
4045787068610,false,"אינדולה - פרוטאין צבע 9 בלונד טבעי 60 מ""ל",שוורצקופף והנקל,,קרם צבע שיער בלונד טבעי 9,,0.00,100.00,false,1.00,24.90,0.00,true,0,
4045787068634,false,"אינדולה - פרוטאין צבע 9-3 בלונד חיטה 60 מ""ל",הנקל סוד,,קרם צבע שיער בלונד חיטה 9.3,,0.00,100.00,false,1.00,24.90,0.00,true,0,
4048882682477,false,קרם לחות ואגינלי ללא הורמונים,ואגיזן Vagisan,DE,ואגיזן קרם לחות ואגינלי,,0.00,100.00,false,1.00,64.90,0.01,true,0,
4048882682545,false,ואגיזן חומצה לקטית 7 טבליות,סמואלוב,DE,חומצה לקטית,,0.00,0.00,false,1.00,64.90,0.00,true,0,
4053700288205,false,"וייט קרם להסרת שיער לעור רגיש 100 מ""ל",רקיט בנקיזר (ניר איסט) בעמ,,קרם להסרת שיער לעור רגיש,,0.00,0.00,false,1.00,39.90,0.39,true,0,
4053700292455,false,ויט רצועות שעווה מוכנות להסרת שיער לעור רגיל 12 יחידות,רקיט בנקיזר (ניר איסט) בעמ,,רצועות שעווה מוכנות לשימוש לעור רגיל,,0.00,0.00,false,1.00,39.90,3.32,true,0,
4056800100002,false,שוקוויבס ספריי לשיער אולטרה סטרונג 250 מ,דיפלומט,FR,ספריי לשיער אולטרה סטרונג לייצוב חזק לזמן ממושך,,0.00,100.00,false,1.00,37.90,0.00,true,0,
4056800600380,false,צבע לשיער קולסטון - 8/3 בלונד קוניאק,HFC פרסטיג',,קרם צבע שיער בלונד קוניאק 8/3,,0.00,100.00,false,1.00,26.90,0.00,true,0,
4056800649884,false,"וולה - פלקס ספריי לנפח ליומיים 250 מ""ל",פרוקטר אנד גמבל,BE,ספריי לנפח ליומיים,,0.00,100.00,false,1.00,39.90,0.00,true,0,
4056800693061,false,וולהפלקס ג'ל חזק במיוחד 150 מל,פרוקטר אנד גמבל,FR,ג'ל חזק במיוחד,,0.00,100.00,false,1.00,15.90,0.00,true,0,
4056800739448,false,שוקוויבס חימר לעיצוב השיער מסי 75 מל,דיפלומט,FR,חימר לעיצוב השיער MESSY,,0.00,100.00,false,1.00,37.90,0.00,true,0,
4056800762699,false,צבע לשיער קולסטון מיני קיט בלונד בינוני 7/0,HFC פרסטיג',DE,קרם צבע לשיער 7/0 בלונד בינוני,,0.00,0.00,false,1.00,27.90,0.00,true,0,
4056800762750,false,קולסטון נטורלס מיני קיט 6/0 בלונד כהה,HFC פרסטיג',DE,קרם צבע לשיער 6/0 בלונד כהה,,0.00,0.00,false,1.00,27.90,0.00,true,0,
4056800762842,false,צבע לשיער קולסטון מיני קיט חום בהיר 5/0,HFC פרסטיג',DE,קרם צבע לשיער 5/0 חום בהיר,,0.00,0.00,false,1.00,27.90,0.00,true,0,
4056800762873,false,צבע לשיער קולסטון מיני קיט חום בינוני 4/0,HFC פרסטיג',DE,קרם צבע לשיער 4/0 חום בינוני,,0.00,0.00,false,1.00,27.90,0.00,true,0,
4056800762903,false,צבע לשיער קולסטון מיני קיט חום כהה 3/0,HFC פרסטיג',DE,קרם צבע לשיער 3/0 חום כהה,,0.00,0.00,false,1.00,27.90,0.00,true,0,
4056800762934,false,צבע לשיער קולסטון מיני קיט שחור 2/0,HFC פרסטיג',DE,קרם צבע לשיער 2/0 שחור,,0.00,0.00,false,1.00,27.90,0.00,true,0,
4056800762965,false,קולסטון נטורלס מיני קיט 2/8 שחור כחול,HFC פרסטיג',DE,קרם צבע לשיער 2/8 שחור כחול,,0.00,0.00,false,1.00,27.90,0.00,true,0,
4056800777709,false,קולסטון קיט 12/0 בלונד אקסטרא בהיר מאוד,דיפלומט מפיצים (1986) בע`מ,DE,קרם לצביעה לשיער 12/0 בלונד בהיר במיוחד,,0.00,0.00,false,1.00,39.90,0.00,true,0,
4056800777730,false,קולסטון קיט 12/1 בלונד אפר בהיר מאוד,פרוקטר אנד גמבל,DE,קרם לצביעה לשיער 12/1 בלונד אפור מאוד,,0.00,0.00,false,1.00,39.90,0.00,true,0,
4056800777761,false,צבע לשיער קולסטון קיט 2/0 שחור,פרוקטר & גמבל,DE,קרם לצביעה לשיער 2/0 שחור,,0.00,0.00,false,1.00,39.90,0.00,true,0,
4056800777792,false,צבע לשיער קולסטון קיט 2/8 שחור כחול,פרוקטר אנד גמבל,DE,קרם לצביעה לשיער 2/8 שחור כחול,,0.00,0.00,false,1.00,39.90,0.00,true,0,
4056800777822,false,צבע לשיער קולסטון קיט 3/0 חום כהה,פרוקטר אנד גמבל,DE,קרם לצביעה לשיער 3/0 חום כהה,,0.00,0.00,false,1.00,39.90,0.00,true,0,
4056800777853,false,צבע לשיער קולסטון קיט 4/0 חום בינוני,פרוקטר אנד גמבל,DE,קרם לצביעה לשיער 4/0 חום בינוני,,0.00,0.00,false,1.00,39.90,0.00,true,0,
4056800777952,false,צבע לשיער קולסטון קיט 5/0 חום,פרוקטר אנד גמבל,DE,קרם לצביעה לשיער 5/0 חום בהיר,,0.00,0.00,false,1.00,39.90,0.00,true,0,
4056800778003,false,צבע לשיער קולסטון קיט 5/37 חום חושני,HFC פרסטיג',DE,קרם לצביעה לשיער 5/37 חום מבריק,,0.00,0.00,false,1.00,39.90,0.00,true,0,
4056800778171,false,צבע לשיער קולסטון קיט 5/5 מהגוני,פרוקטר אנד גמבל,DE,קרם לצביעה לשיער 5/5 חום מהגוני,,0.00,0.00,false,1.00,39.90,0.00,true,0,
4056800778287,false,צבע לשיער קולסטון קיט 6/0 בלונד כהה,פרוקטר אנד גמבל,,קרם צבע שיער בלונד כהה 6/0,,0.00,0.00,false,1.00,39.90,0.00,true,0,
4056800778317,false,צבע לשיער קולסטון קיט 6/1 בלונד אפר כהה,פרוקטר & גמבל,DE,קרם לצביעה לשיער 6/1 בלונד אפור כהה,,0.00,0.00,false,1.00,39.90,0.00,true,0,
4056800778409,false,צבע לשיער קולסטון קיט 6/7 חום שוקולד,פרוקטר אנד גמבל,,קרם צבע שיער חום שוקולד 6/7,,0.00,0.00,false,1.00,39.90,0.00,true,0,
4056800778430,false,צבע לשיער קולסטון קיט 6/73 חום זהוב,פרוקטר אנד גמבל,DE,קרם לצביעה לשיער 6/73 בלונד זהוב כהה,,0.00,0.00,false,1.00,39.90,0.00,true,0,
4056800778706,false,קולסטון קיט 7/0 בלונד בינוני,פרוקטר אנד גמבל,,קרם לצביעה לשיער 7/0 בלונד בינוני,,0.00,0.00,false,1.00,39.90,0.00,true,0,
4056800778911,false,קולסטון קיט 7/1 בלונד אפרפר צבע שיער,דיפלומט מפיצים (1986) בע`מ,DE,קרם לצביעה לשיער 7/1 בלונד אפור בינוני,,0.00,0.00,false,1.00,39.90,0.00,true,0,
4056800778973,false,צבע לשיער קולסטון קיט 7/3 - חום אגוז,וולה Wella,DE,קרם לצביעה לשיער 7/3 חום אגוז,,0.00,0.00,false,1.00,39.90,0.00,true,0,
4056800779123,false,קולסטון קיט 7/77 חום מפתה,דיפלומט,DE,קרם לצביעה לשיער 7/77 חום מפתה,,0.00,0.00,false,1.00,39.90,0.00,true,0,
4056800779208,false,צבע לשיער קולסטון קיט 8/0 בלונד בהיר,HFC פרסטיג',DE,קרם לצביעה לשיער 8/0 בלונד בהיר,,0.00,0.00,false,1.00,39.90,0.00,true,0,
4056800779352,false,צבע לשיער קולסטון קיט 8/1 בלונד אפור בהיר,HFC פרסטיג',DE,קרם לצביעה לשיער 8/1 בלונד אפרפר בהיר,,0.00,0.00,false,1.00,39.90,0.00,true,0,
4056800779413,false,צבע לשיער קולסטון קיט 8/74 אגוז חושני,פרוקטר אנד גמבל,DE,קרם לצביעה לשיער 8/74 חום אגוז מפתה,,0.00,0.00,false,1.00,39.90,0.00,true,0,
4056800779444,false,קולסטון קיט 9/0 בלונד פלטינה,פרוקטר אנד גמבל,DE,קרם לצביעה לשיער 9/0 בלונד פלטינה,,0.00,0.00,false,1.00,39.90,0.00,true,0,
4056800779475,false,קולסטון קיט 9/1 בלונד אפרפר בהיר במיוחד,HFC פרסטיג',DE,קרם לצביעה לשיער 9/1 בלונד אפרפר בהיר במיוחד,,0.00,0.00,false,1.00,39.90,0.00,true,0,
4056800854059,false,שוקוויבס גל לעיצוב שיער 200 מל,דיפלומט,FR,ג'ל לעיצוב השיער,,0.00,100.00,false,1.00,29.90,0.00,true,0,
4056800943739,false,קרם חמצן וולוקסון Welloxon 6%,דיפלומט מפיצים (1986) בע`מ,,קרם חמצן 6%,,0.00,100.00,false,1.00,5.90,0.00,true,0,
4056800943791,false,קרם חמצן וולוקסון Welloxon 9%,דיפלומט מפיצים (1986) בע`מ,,קרם חמצן 9%,,0.00,100.00,false,1.00,5.90,0.00,true,0,
4056800956869,false,"שוקוויבס וקס לפיסול שיער קלין קאט, 75 מ""ל",דיפלומט,FR,וקס לפיסול השיער CLEAN CUT,,0.00,100.00,false,1.00,37.90,0.00,true,0,
4056800980567,false,קולסטון נטורלס מיני קיט 6/7 חום שוקולד,דיפלומט,DE,קרם צבע לשיער 6/7 חום שוקולד,,0.00,0.00,false,1.00,27.90,0.00,true,0,
4084500065536,false,פנטן קרם לחות מוגברת לעיצוב שיער 300 מל,דיפלומט מפיצים (1968) בעמ,,קרם לחות עשיר מוגברת לשיער חלש ופגום,,0.00,100.00,false,1.00,23.90,0.00,true,0,
4084500065598,false,"קרם לחות פנטן לתלתלים מושלמים 300 מ""ל",דיפלומט מפיצים (1968) בעמ,,קרם לחות עשיר תלתלים מושלמים לשיער סורר ומקורזל,,0.00,100.00,false,1.00,23.90,0.00,true,0,
4084500081314,false,משחת שיניים פרו אקספרט לניקוי עמוק בטעם מנטה,דיפלומט מפיצים (1968) בעמ,DE,פרו אקספרט משחת שיניים לניקוי עמוק,,0.00,100.00,false,1.00,15.90,0.00,true,0,
4084500088917,false,נוזל לניקוי כלים לימון פיירי (650 מל),דיפלומט מפיצים (1986) בע`מ,US,נוזל כלים בניחוח לימון,,0.00,100.00,false,1.00,13.90,0.00,true,0,
4084500149526,false,טייד גל כביסה 2.48 ליטר אלפים רענן,דיפלומט מפיצים (1986) בע`מ,FR,ג'ל כביסה ניחוח אלפים רענן,,0.00,1.00,false,1.00,31.90,12.86,true,0,
4084500311015,false,אוליי רגנריסט לומינוס אנטי אייגינג סרום,דיפלומט,PL,REGENERIST LUMINOUS אנטי אייג'ינג סרום,,0.00,100.00,false,1.00,139.90,0.03,true,0,
4084500311213,false,אוליי רגנריסט לומינוס אנטי אייגינג קרם י,דיפלומט,PL,REGENERIST LUMINOUS אנטי אייג'ינג קרם יום SPF 20,,0.00,100.00,false,1.00,139.90,0.02,true,0,
4084500488465,false,אולד ספייס דאו סטיק WOLFTHORN,דיפלומט,PL,דאודורנט סטיק WOLFTHORN,,0.00,100.00,false,1.00,19.90,0.00,true,0,
4084500606487,false,אוליי רגנריסט אנטי אייגינג קרם לילה 50,דיפלומט,PL,REGENERIST אנטי אייג'ינג קרם לילה,,0.00,100.00,false,1.00,139.90,0.02,true,0,
4084500618008,false,אוזי HYDRATE מרכך הקסם 250 מל,דיפלומט,BE,HYDRATE מרכך הקסם ב- 3 דקות ללחות וטיפול עמוק,,0.00,100.00,false,1.00,31.90,0.00,true,0,
4084500654860,false,אוזי REPAIR MIRACLE שמפו 300 מל,דיפלומט,BE,שמפו REPAIR MIRACLE,,0.00,100.00,false,1.00,20.90,0.00,true,0,
4084500739253,false,"אוראל בי משחת שיניים- להלבנה לובן מהודר 75 מ""ל",דיפלומט מפיצים (1968) בעמ,DE,3D White - משחת שיניים להלבנה מושלמת,,0.00,100.00,false,1.00,29.90,0.00,true,0,
4084500853836,false,"נוזל כלים פיירי ורדים ומשי 515 מ""ל בד""צ",דיפלומט מפיצים (1986) בע`מ,GB,נוזל לניקוי כלים ורדים וסאטן,,0.00,100.00,false,1.00,13.90,0.00,true,0,
4084500940413,false,אולד ספייס דאו סטיק CITRON,דיפלומט,GB,דאודורנט סטיק CITRON,,0.00,100.00,false,1.00,19.90,0.00,true,0,
4084500978911,false,אולד ספייס גל רחצה WHITEWATER,דיפלומט,FR,ג'ל רחצה WHITEWATER,,0.00,100.00,false,1.00,21.90,0.00,true,0,
4103040000422,false,סבה מד סבון מוצק על בסיס שמן זית,מדיטרנד,DE,אל סבון מוצק על בסיס שמן זית,,0.00,100.00,false,1.00,34.90,0.00,true,0,
4103040040992,false,סבה מד שמפו לשיער דליל,מדיטרנד,DE,שמפו לשיער דליל,,0.00,100.00,false,1.00,49.90,0.00,true,0,
4103040111180,false,סבה מד סבון מוצק,מדיטרנד,DE,אל סבון מוצק,,0.00,0.00,false,1.00,29.90,0.29,true,0,
4103040112439,false,סבה מד תחליב גוף 200 מל,מדיטרנד,DE,תחליב גוף,,0.00,100.00,false,1.00,49.90,0.00,true,0,
4103040117250,false,סבה מד שמפו נגד קשקשים,מדיטרנד,DE,שמפו נגד קשקשים,,0.00,0.00,false,1.00,49.90,0.00,true,0,
4103040901491,false,סבה מד תרחיץ נוזלי לפנים ולגוף - שמן זית,מדיטרנד,DE,תרחיץ נוזלי לעור הפנים והגוף על בסיס שמן זית,,0.00,100.00,false,1.00,49.90,0.00,true,0,
4103040906892,false,סבה מד תרחיץ נוזלי לפנים ולגוף,מדיטרנד,DE,תרחיץ נוזלי לעור הפנים והגוף,,0.00,100.00,false,1.00,49.90,0.00,true,0,
4210201049661,false,אורל בי מברשת חשמלית 500 PRO לתליה D3,דיפלומט,DE,PRO 500 מברשת שיניים חשמלית 3D,,0.00,0.00,false,1.00,249.90,0.00,true,0,
4210201078128,false,מברשת שיניים חשמלית נטענת 800 סנסיטיבD16,דיפלומט,DE,Sensi UltraThin מברשת שיניים חשמלית נטענת 800,,0.00,0.00,false,1.00,239.90,0.00,true,0,
4210201163367,false,בראון מכונת גילוח סדרה 3,דיפלומט,DE,בראון מכונת גילוח סדרה 3,,0.00,0.00,false,1.00,269.90,0.00,true,0,
<<<<<<< HEAD
4210201176688,false,אורל בי ראש חשמלי סנסיטיב 4 יחידות,פרוקטר אנד גמבל,DE,SENSITIVE CLEAN ראשים למברשת חשמלית,,0.00,0.00,false,1.00,115.90,28.97,true,0,
4210201176718,false,אורל בי ראש חשמלי סנסיטיב רביעייה,פרוקטר & גמבל,DE,Sensitive clean ראש למברשת חשמלית לניקוי עמוק,,0.00,0.00,false,1.00,115.90,28.97,true,0,
=======
4210201176688,false,אורל בי ראש חשמלי סנסיטיב רביעייה,דיפלומט מפיצים (1968) בעמ,DE,SENSITIVE CLEAN ראשים למברשת חשמלית,,0.00,0.00,false,1.00,115.90,28.97,true,0,
4210201176718,false,אורל בי ראש חשמלי סנסיטיב רביעייה,דיפלומט מפיצים (1968) בעמ,DE,Sensitive clean ראש למברשת חשמלית לניקוי עמוק,,0.00,0.00,false,1.00,115.90,28.97,true,0,
>>>>>>> d048ac2f4f281c9d788043ab4e81b61b0dbe3743
4210201176831,false,8 ראשים למברשת שיניים חשמלית סנסטיב אורל בי,דיפלומט,DE,ראש למברשת שיניים חשמלית Sensi UltraThin,,0.00,0.00,false,1.00,219.90,0.00,true,0,
4210201181477,false,אורל בי ראש חשמלי לילדים פרוזן 4 יחידות,פרוקטר אנד גמבל,DE,ראשי מילוי למברשת שיניים חשמלית לילדים פרוזן,,0.00,0.00,false,1.00,115.90,28.97,true,0,
4210201181538,false,אורל בי ראש חשמלי לילדים קארס 4 יחידות,דיפלומט מפיצים (1968) בעמ,DE,ראשי מברשת להחלפה לניקוי עמוק לילדים - קארס,,0.00,0.00,false,1.00,115.90,28.97,true,0,
4210201199816,false,בראון מכונת גילוח סדרה 9,דיפלומט,DE,בראון מכונת גילוח סדרה 9,,0.00,0.00,false,1.00,1399.90,0.00,true,0,
4210201203858,false,בראון מברשת שיניים חשמלית 4000S,דיפלומט,DE,4000N מברשת שיניים חשמלית Smart4,,0.00,0.00,false,1.00,479.90,0.00,true,0,
4210201241119,false,בראון מכונת גילוח סדרה 6,דיפלומט,DE,בראון מכונת גילוח סדרה 6,,0.00,0.00,false,1.00,649.90,0.00,true,0,
4210201242123,false,בראון מכונת גילוח סדרה 5,דיפלומט,DE,בראון מכונת גילוח סדרה 5,,0.00,0.00,false,1.00,379.90,0.00,true,0,
4210201245193,false,אורל בי מברשת שיניים חשמלית נטענת לילדים פרוזן,דיפלומט מפיצים (1968) בעמ,DE,מברשת שיניים חשמלית נטענת לילדים-פרוזן,,0.00,0.00,false,1.00,139.90,0.00,true,0,
4210201248064,false,אורל בי ג'יניוס X מברשת חשמלית,דיפלומט,DE,אורל בי ג'יניוס 20000X מברשת חשמלית,,0.00,0.00,false,1.00,999.00,999.00,true,0,
4210201262183,false,מברשת שיניים חשמלית ויטליטי Vitality נטענת,דיפלומט מפיצים (1968) בעמ,DE,VITALITY מברשת שיניים חשמלית נטענת D100,,0.00,0.00,false,1.00,119.90,0.00,true,0,
4210201277026,false,אורל בי גיניוס 10000N מברשת חשמלית נטענת,דיפלומט,DE,GENIUS 10000N מברשת שיניים חשמלית,,0.00,0.00,false,1.00,799.00,0.00,true,0,
4210201282136,false,בראון מכשיר לעיצוב זקן 6 ב-1,דיפלומט,DE,מכשיר לעיצוב זקן 6 ב-1,,0.00,0.00,false,1.00,189.90,0.00,true,0,
4210201282150,false,בראון מכשיר לעיצוב זקן 39 הגדרות אורך,דיפלומט,DE,מכשיר לעיצוב זקן 39 הגדרות אורך,,0.00,0.00,false,1.00,209.90,0.00,true,0,
4210201295440,false,אורל בי ג'יניוס X רוז גולד מברשת חשמלית,דיפלומט,DE,אורל בי ג'יניוס X רוז גולד מברשת חשמלית,,0.00,0.00,false,1.00,999.00,999.00,true,0,
4210201303015,false,אורל בי iO9 מברשת שיניים חשמלית (שחור),דיפלומט,DE,iO9 מברשת שיניים חשמלית - שחור,,0.00,0.00,false,1.00,1500.00,0.00,true,0,
4210201313908,false,בראון מסיר שיער קומפקטי לפנים,דיפלומט,CN,מסיר שיער קומפקטי לפנים,,0.00,0.00,false,1.00,149.90,0.00,true,0,
4210201320111,false,אורל בי מברשת שיניים חשמלית נטענת לילדים,"מיוצר עבור בראון, גרמניה",DE,מברשת שיניים חשמלית נטענת לילדים-ספיידרמן,,0.00,0.00,false,1.00,139.90,0.00,true,0,
4210201320210,false,אורל בי ראש חשמלי לילדים ספיידרמן 4 יחיד,פרוקטר אנד גמבל,DE,ראשי מברשת להחלפה לניקוי עמוק לילדים - ספיידרמן,,0.00,0.00,false,1.00,115.90,28.97,true,0,
4210201342809,false,אורל בי 4 ראש מילוי iO לניקוי אולט(שחור),דיפלומט,DE,ראש מילוי iO לניקוי אולטימטיבי (שחור),,0.00,0.00,false,1.00,150.00,37.50,true,0,
4210201343684,false,אורל בי 4 ראש מילוי iO לניקוי עדין (לבן),דיפלומט,DE,ראש מילוי iO לניקוי עדין (לבן),,0.00,0.00,false,1.00,150.00,37.50,true,0,
4210201354369,false,אורל בי ראש חשמלי קרוס אקשן 4 יחידות,דיפלומט מפיצים (1968) בעמ,DE,CROSS ACTION ראשים למברשת חשמלית,,0.00,0.00,false,1.00,115.90,28.97,true,0,
4210201360742,false,אורל בי ראש חשמלי ניקוי יסודי רביעייה,דיפלומט מפיצים (1968) בעמ,DE,PRECISION CLEAN ראשים למברשת חשמלית,,0.00,0.00,false,1.00,115.90,28.97,true,0,
4210201362982,false,אורל בי מברשת שיניים חשמלית iO7 (לבן),דיפלומט,DE,מברשת שיניים חשמלית iO7 (לבן),,0.00,0.00,false,1.00,1100.00,0.00,true,0,
4210201363095,false,אורל בי מברשת שיניים חשמלית iO8 (שחור),דיפלומט,DE,מברשת שיניים חשמלית iO8 (שחור),,0.00,0.00,false,1.00,1300.00,0.00,true,0,
4210201365334,false,אורל בי ראש חשמלי סיבי פחם ארבע יחידות,דיפלומט מפיצים (1968) בעמ,DE,ראשים למברשת חשמלית סיבי פחם,,0.00,0.00,false,1.00,115.90,28.97,true,0,
4210201378617,false,אורל בי OXYJET MD20 מערכת שטיפת פה,פרוקטר & גמבל,,Professional care OXYJET MD20,,0.00,0.00,false,1.00,499.90,0.00,true,0,
4210201385233,false,אורל בי ראש חשמלי לילדים פרוזן 4 יחידות,דיפלומט,DE,ראשי מילוי למברשת שיניים חשמלית לילדים פרוזן,,0.00,0.00,false,1.00,115.90,28.97,true,0,
4210201388470,false,אורל בי ראש חשמלי לילדים ספיידרמן 4 יחיד,פרוקטר אנד גמבל,DE,ראשי מילוי למברשת שיניים חשמלית לילדים ספיידרמן,,0.00,0.00,false,1.00,115.90,28.97,true,0,
4210201393412,false,בראון מכונת גילוח סדרה 9 הרמוניה אפור,דיפלומט,DE,בראון מכונת גילוח סדרה 9 הרמוניה אפור,,0.00,0.00,false,1.00,1450.00,0.00,true,0,
4210201400462,false,בראון XT 5200 מכשיר לעיצוב שיער פנים+גוף,דיפלומט,CN,XT 5200 מכשיר לעיצוב שיער פנים+גוף,,0.00,0.00,false,1.00,279.90,0.00,true,0,
4210201400554,false,בראון סכין להחלפה למכשיר XT לעיצוב שיער,דיפלומט,CN,סכין להחלפה למכשיר XT לעיצוב שיער,,0.00,0.00,false,1.00,99.90,0.00,true,0,
4210201403319,false,אורל בי מברשת חשמלית נטענת ויטליטי פחם,דיפלומט מפיצים (1968) בעמ,DE,VITALITY מברשת שיניים חשמלית נטענת פחם,,0.00,0.00,false,1.00,119.90,0.00,true,0,
4210201409199,false,אורל בי מברשת שיניים חשמלית iO6 (שחור),דיפלומט,DE,מברשת שיניים חשמלית iO6 (שחור),,0.00,0.00,false,1.00,999.90,0.00,true,0,
4210201427124,false,א.בי ויטליטי פרו מברשת חשמלית נטענת-שחור,דיפלומט,HU,VITALITY PRO מברשת שיניים חשמלית נטענת - שחור,,0.00,0.00,false,1.00,149.90,0.00,true,0,
4210201427223,false,א.בי ויטליטי פרו מברשת חשמלית נטענת-לבן,דיפלומט,HU,VITALITY PRO מברשת שיניים חשמלית נטענת - לבן,,0.00,0.00,false,1.00,149.90,0.00,true,0,
4210201757771,false,אורל בי פלקסי סופט ראש מילוי חשמלי 4 יחי,דיפלומט מפיצים (1968) בעמ,,Precision clean ראש למברשת חשמלית לניקוי יסודי,,0.00,0.00,false,1.00,115.90,28.97,true,0,
4210201822448,false,אורל בי מברשת שיניים עם סוללות פרואקספרט,פרוקטר & גמבל,DE,מברשת שיניים עם סוללות פרו-אקספרט,,0.00,0.00,false,1.00,78.90,0.00,true,0,
4260307633806,false,סבון פילינג לגוף קיץ של פפאיה עם קליפת ק,כמיפל,GB,סבון פילינג לגוף קיץ של פפאיה עם קליפת קוקוס טבעית לפילינג עדין,,0.00,100.00,false,1.00,24.90,0.00,true,0,
4260307635404,false,סבון פילינג לגוף קסם דובדבן הבר עם קליפת,כמיפל,GB,סבון פילינג לגוף קסם דובדבן הבר עם קליפת קוקוס טבעית לפילינג עדין,,0.00,100.00,false,1.00,24.90,0.00,true,0,
<<<<<<< HEAD
4607109409619,false,פיניש הכל ב-1 טבליות למדיח 25 יח,הדקלאים אגודת שיתופי,IL,ALL IN 1 MAX טבליות מדיח,,0.00,0.00,false,1.00,20.00,0.80,true,0,
4640018993343,false,פיניש קוואנטום קפסולות ג'ל למדיח כלים 30 יח',רקיט בנקיזר,PL,קוואנטום אולטימייט קפסולות למדיח כלים,,0.00,0.00,false,1.00,39.90,1.33,true,0,
4640018993350,false,פיניש קוואנטום קפסולות ג'ל למדיח כלים לימון 30 יח',רקיט בנקיזר,PL,קוואנטום אולטימייט קפסולות למדיח כלים בניחוח לימון,,0.00,0.00,false,1.00,39.90,1.33,true,0,
4640018993398,false,פיניש קוואנטום 60 יח' קפסולות ג'ל למדיח כלים,רקיט בנקיזר,PL,קוואנטום אולטימייט קפסולות למדיח כלים,,0.00,0.00,false,1.00,64.90,1.08,true,0,
4710068001692,false,"מאסטר קפה לאטה פחית 240 מ""ל",תאיט מרקטינג אנד דיסטריב,,קפה קר בפחית - לאטה,,0.00,100.00,false,1.00,7.90,0.00,true,0,
4710068001739,false,"מאסטר קפה קולומביאני 250 מ""ל",יוני פרזינדנט אנטרפר,,קפה קר בפחית - קלאסיקו,,0.00,100.00,false,1.00,7.90,0.00,true,0,
4800888150080,false,"דאב - דאודורנט רול און לאישה פרש טאצ' מלפפונים 50 מ""ל",יוניליוור פיליפינים,,דאודורנט רול און בניחוח מלפפון ותה ירוק,,0.00,100.00,false,1.00,12.90,0.00,true,0,
4800888190529,false,דאב דאו סטיק טאלק סופט לאשה 50 גר,יוניליוור,PH,דאודורנט סטיק טלק סופט,,0.00,100.00,false,1.00,24.90,0.00,true,0,
4800888209368,false,רקסונה - דאודורנט סטיק לגבר אקסטרא קול 50 גרם,רקסונה Rexona,PH,דאודורנט סטיק לגבר אקסטרה קול,,0.00,100.00,false,1.00,21.90,0.00,true,0,
4800888209405,false,רקסונה - דאודורנט סטיק לגבר קובלט דריי 50 גרם,רקסונה Rexona,PH,דאודורנט סטיק לגבר קובלט דריי,,0.00,100.00,false,1.00,21.90,0.00,true,0,
4800888209429,false,רקסונה - דאודורנט סטיק לאישה כותנה נשים 50 גרם,רקסונה Rexona,PH,דאודורנט סטיק כותנה לאישה,,0.00,100.00,false,1.00,21.90,0.00,true,0,
4800888209436,false,רקסונה דאודורנט סטיק לאשה טלק,יוניליוור,PH,דאודורנט סטיק לאשה טלק,,0.00,100.00,false,1.00,21.90,0.00,true,0,
4800888210197,false,דאודורנט סטיק לנשים בניחוח קוקוס ויסמין,יוניליוור פארם,PH,דאודורנט סטיק קוקוס ויסמין,,0.00,100.00,false,1.00,24.90,0.00,true,0,
4800888219510,false,דאב - דאודורנט סטיק לאישה פרש מלפפונים 50 גרם,יוניליוור פיליפינים,PH,דאודורנט סטיק מלפפון ותה ירוק,,0.00,100.00,false,1.00,24.90,0.00,true,0,
4800888219527,false,דאב - דאודורנט סטיק לאישה ללא סימן אינביזיבל 50 גרם,יוניליוור,,דאודורנט סטיק אינוויזיבל דריי,,0.00,100.00,false,1.00,24.90,0.00,true,0,
4800888219534,false,דאב - דאודורנט סטיק לאישה אנטי פרספירמט 50 גרם,יוניליוור פיליפינים,PH,דאודורנט סטיק לאישה אוריגינל,,0.00,100.00,false,1.00,24.90,0.00,true,0,
4800888219541,false,רקסונה - דאודורנט סטיק לאישה פאוודר דרי 50 גרם,יוניליוור,PH,דאודורנט סטיק לאשה טלק,,0.00,100.00,false,1.00,21.90,0.00,true,0,
=======
4607109409619,false,פיניש הכל ב-1 טבליות למדיח 25 יח,רקיט בנקיזר (ניר איסט) בעמ,IL,ALL IN 1 MAX טבליות מדיח,,0.00,0.00,false,1.00,20.00,0.80,true,0,
4640018993343,false,פיניש קוואנטום קפסולות ג'ל למדיח כלים 30 יח',רקיט בנקיזר (ניר איסט) בעמ,PL,קוואנטום אולטימייט קפסולות למדיח כלים,,0.00,0.00,false,1.00,39.90,1.33,true,0,
4640018993350,false,פיניש קוואנטום קפסולות ג'ל למדיח כלים לימון 30 יח',רקיט בנקיזר (ניר איסט) בעמ,PL,קוואנטום אולטימייט קפסולות למדיח כלים בניחוח לימון,,0.00,0.00,false,1.00,39.90,1.33,true,0,
4640018993398,false,פיניש קוואנטום 60 יח' קפסולות ג'ל למדיח כלים,רקיט בנקיזר (ניר איסט) בעמ,PL,קוואנטום אולטימייט קפסולות למדיח כלים,,0.00,0.00,false,1.00,64.90,1.08,true,0,
4710068001692,false,מאסטר קפה בטעם לאטה בפחית 240מ`ל,תאיט מרקטינג אנד דיסטריב,,קפה קר בפחית - לאטה,,0.00,100.00,false,1.00,7.90,0.00,true,0,
4710068001739,false,מאסטר קפה בטעם קולומביאני בפחית 240מ`ל,יוני פרזינדנט אנטרפר,,קפה קר בפחית - קלאסיקו,,0.00,100.00,false,1.00,7.90,0.00,true,0,
4800888150080,false,"דאב - דאודורנט רול און לאישה פרש טאצ' מלפפונים 50 מ""ל",יוניליוור ישראל שיווק בע`מ,,דאודורנט רול און בניחוח מלפפון ותה ירוק,,0.00,100.00,false,1.00,12.90,0.00,true,0,
4800888190529,false,דאודורנט סטיק טלק סופט דאב (50 גרם),יוניליוור ישראל שיווק בע`מ,PH,דאודורנט סטיק טלק סופט,,0.00,100.00,false,1.00,24.90,0.00,true,0,
4800888209368,false,רקסונה - דאודורנט סטיק לגבר אקסטרא קול 50 גרם,"יוניליוור ישראלשיווק בע""מ",PH,דאודורנט סטיק לגבר אקסטרה קול,,0.00,100.00,false,1.00,21.90,0.00,true,0,
4800888209405,false,רקסונה - דאודורנט סטיק לגבר קובלט דריי 50 גרם,"יוניליוור ישראלשיווק בע""מ",PH,דאודורנט סטיק לגבר קובלט דריי,,0.00,100.00,false,1.00,21.90,0.00,true,0,
4800888209429,false,רקסונה - דאודורנט סטיק לאישה כותנה נשים 50 גרם,יוניליוור ישראל שיווק בעמ,PH,דאודורנט סטיק כותנה לאישה,,0.00,100.00,false,1.00,21.90,0.00,true,0,
4800888209436,false,רקסונה דאודורנט סטיק לאשה טלק,יוניליוור ישראל שיווק בעמ,PH,דאודורנט סטיק לאשה טלק,,0.00,100.00,false,1.00,21.90,0.00,true,0,
4800888210197,false,דאודורנט סטיק לנשים בניחוח קוקוס ויסמין,"יוניליוור ישראל שיווק בע""מ",PH,דאודורנט סטיק קוקוס ויסמין,,0.00,100.00,false,1.00,24.90,0.00,true,0,
4800888219510,false,דאב - דאודורנט סטיק לאישה פרש מלפפונים 50 גרם,יוניליוור ישראל שיווק בע`מ,PH,דאודורנט סטיק מלפפון ותה ירוק,,0.00,100.00,false,1.00,24.90,0.00,true,0,
4800888219527,false,דאב - דאודורנט סטיק לאישה ללא סימן אינביזיבל 50 גרם,יוניליוור ישראל שיווק בעמ,,דאודורנט סטיק אינוויזיבל דריי,,0.00,100.00,false,1.00,24.90,0.00,true,0,
4800888219534,false,דאב - דאודורנט סטיק לאישה אנטי פרספירמט 50 גרם,יוניליוור ישראל שיווק בע`מ,PH,דאודורנט סטיק לאישה אוריגינל,,0.00,100.00,false,1.00,24.90,0.00,true,0,
4800888219541,false,רקסונה - דאודורנט סטיק לאישה פאוודר דרי 50 גרם,"יוניליוור ישראל שיווק בע""מ",PH,דאודורנט סטיק לאשה טלק,,0.00,100.00,false,1.00,21.90,0.00,true,0,
>>>>>>> d048ac2f4f281c9d788043ab4e81b61b0dbe3743
4801234159856,false,גלייד מיני-ג'ל מפיץ ריח בניחוח מרכך כביסה 70 גרם,ג'ינסו ג'ונסון טונגד,,מבשם ג'ל בניחוח מרכך כביסה,,0.00,100.00,false,1.00,9.90,0.00,true,0,
4801234159863,false,גלייד מיני-ג'ל מפיץ ריח בניחוח חבצלות ופרחי בר 70 גרם,המאפיה של הרמן,,מבשם ג'ל בניחוח מרכך כביסה חבצלות,,0.00,100.00,false,1.00,9.90,0.00,true,0,
4891228304454,false,שיק היידרו 5 סנס מכשיר+סכין 1,ארץ ייצור סכינים: ארהבn\,CN,שיק היידרו 5 סנס מכשיר+סכין 1,,0.00,0.00,false,1.00,49.90,49.90,true,0,
4891228304478,false,שיק היידרו 5 סנס רביעיית סכינים,ארץ ייצור סכינים: ארהבn\,CN,היידרו 5 סנס - סכיני גילוח רב פעמיים,,0.00,0.00,false,1.00,49.90,12.47,true,0,
<<<<<<< HEAD
4891228309268,false,"טאצ' אפ מעצב גבות מקצועי, 3 יחידות",שסטוביץ,CN,סכיני סילק טאצ' אפ,,0.00,0.00,false,1.00,19.90,6.63,true,0,
=======
4891228309268,false,"טאצ' אפ מעצב גבות מקצועי, 3 יחידות",ש.שסטוביץ בעמ,CN,סכיני סילק טאצ' אפ,,0.00,0.00,false,1.00,19.90,6.63,true,0,
>>>>>>> d048ac2f4f281c9d788043ab4e81b61b0dbe3743
4891228310493,false,שיק היידרו 5 סנס מכשיר+5 סכינים,שסטוביץ,CN,שיק היידרו 5 סנס מכשיר+סכיני גילוח,,0.00,0.00,false,1.00,69.90,69.90,true,0,
4891228310509,false,שיק היידרו סילק מכשיר+4 סכינים לנשים,שסטוביץ,CN,היידרו 5 סילק  מכשיר גילוח רב פעמי + סכיני גילוח לנשים,,0.00,0.00,false,1.00,69.90,0.00,true,0,
4891228313920,false,שיק סכין לעיצוב שיער הפנים לגבר 3 יחידות,שסטוביץ,CN,סכין לעיצוב שיער הפנים לגבר,,0.00,0.00,false,1.00,19.90,6.63,true,0,
4891228430061,false,סכיני גילוח שיק אקזקטה 2 לנשים ורוד 10 יח',הנסיך- מפעל לייצור ט,,אקזקטה 2- סכיני גילוח חד פעמיים לנשים,,0.00,0.00,false,1.00,24.90,2.49,true,0,
4891228430085,false,סכיני גילוח שיק אקסטרים קומפורט לגבר 3 להבים 4 יחידות,אנרג'יזר Energizer,,אקסטרים 3 - סכיני גילוח חד פעמיים לעור רגיש,,0.00,0.00,false,1.00,19.90,4.97,true,0,
4891228430092,false,סכיני גילוח שיק אקסטרים קומפורט לנשים 3 להבים 4 יחידות,אנרג'יזר Energizer,,אקסטרים 3 - סכיני גילוח חד פעמיים לנשים,,0.00,0.00,false,1.00,18.90,4.72,true,0,
5000146980322,false,קרם להסרת שיער לעור רגיל מועשר בחלב לוטוס ויסמין,רקיט בנקיזר (ניר איסט) בעמ,,קרם להסרת שיער לעור רגיל,,0.00,0.00,false,1.00,39.90,0.39,true,0,
5000159376655,false,סוכריות SKITTLES פירות קטן 38 גרם אדום,"מרס ריגלי ישראל בע""מ",NL,סוכריות לעיסה בציפוי דרג'ה בטעם פירות,,0.00,100.00,false,1.00,2.90,0.00,true,0,
5000159376792,false,סוכריות סקיטלס Skittles פירות חמוצים,"מרס ריגלי ישראל בע""מ",NL,סוכריות לעיסה בציפוי דרג'ה בטעם פירות חמוצים,,0.00,100.00,false,1.00,2.90,0.00,true,0,
5000159407236,false,מרס חטיף שוקולד עם קרמל 51 גרם,"מרס ריגלי ישראל בע""מ",,מרס חטיף בודד,,0.00,100.00,false,1.00,3.90,0.00,true,0,
5000159452540,false,סניקרס חטיף שוקולד עם בוטנים חמישייה ברי,"מרס ריגלי ישראל בע""מ",NL,מארז חטיפי שוקולד בוטנים וקרמל,,0.00,100.00,false,1.00,12.90,0.00,true,0,
5000159528320,false,בי קיינד חטיף שקדים קלויים בדבש ומלח ים 40ג',שטראוס,IL,חטיף אגוזים קלויים עם דבש ומלח ים,,0.00,100.00,false,1.00,7.90,0.00,true,0,
5000174003413,false,אולד ספייס דאו סטיק WHITEWATER,דיפלומט,PL,דאודורנט סטיק WHITEWATER,,0.00,100.00,false,1.00,19.90,0.00,true,0,
5000204048711,false,קיווי ספריי להגנת נעלי ספורט 200 מל,ג'ונסון אנד ג'ונסון,NL,ספרי להגנה לנעלי ספורט,,0.00,100.00,false,1.00,22.90,0.00,true,0,
<<<<<<< HEAD
5000204048742,false,"קיווי לבישום נעלי ספורט 100 מ""ל",קיווי,NL,לבישום נעלי ספורט,,0.00,0.00,false,1.00,22.90,0.22,true,0,
=======
5000204048742,false,"קיווי לבישום נעלי ספורט 100 מ""ל",דנשר (1963) בעמ,NL,לבישום נעלי ספורט,,0.00,0.00,false,1.00,22.90,0.22,true,0,
>>>>>>> d048ac2f4f281c9d788043ab4e81b61b0dbe3743
5000204048803,false,"קיווי לניקוי נעלי ספורט 75 מ""ל",ג'ונסון אנד ג'ונסון,NL,לניקוי נעלי ספורט,,0.00,100.00,false,1.00,22.90,0.00,true,0,
5000204075748,false,גלייד מכשיר+מילוי מיני ספריי מרכך כביסה,דנשר,NL,"מארז מכשיר ומילוי מיני ספריי בניחוח מרכך כביסה 10 מ""ל",,0.00,0.00,false,1.00,14.90,0.00,true,0,
5000204078565,false,גלייד מילוי מיני ספריי שושנת העמקים,דנשר,NL,מילוי מיני ספריי בניחוח שושנת העמקים,,0.00,0.00,false,1.00,9.90,0.00,true,0,
5000204114898,false,גלייד ארוסול מבשם אוויר ניחוח מרכך כביסה,"אס.סי ג'\ונסון,מידרכט, ה",NL,מבשם אוויר בניחוח מרכך כביסה,,0.00,100.00,false,1.00,11.90,0.00,true,0,
5000204115048,false,גלייד ארוסול מבשם אוויר בניחוח לבנדר,"אס.סי ג'\ונסון,מידרכט, ה",NL,מבשם אוויר בניחוח לבנדר,,0.00,100.00,false,1.00,11.90,0.00,true,0,
5000204120745,false,גלייד מוצק בניחוח לבנדר 150 גר',במה פולסקה אספי.זד.או.או,PL,ג'ל מוצק מבשם אוויר בניחוח לבנדר,,0.00,100.00,false,1.00,13.90,0.00,true,0,
5000204120776,false,גלייד ג'ל מוצק - מפיץ ריח בניחוח לבנדר 150 גרם,במה פולסקה אספי.זד.או.או,PL,ג'ל מוצק מבשם אוויר בניחוח מרכך כביסה,,0.00,100.00,false,1.00,13.90,0.00,true,0,
5000204133509,false,זיפלוק שקיות אחסון גדולות 19 יחידות,אס.סי.גונסון ובניו,US,זיפלוק שקיות אחסון גדולות,,0.00,0.00,false,1.00,14.90,0.78,true,0,
5000204138894,false,אוטן בוטניקל תרסיס 100 מל,דנשר,NL,בוטניקל תרסיס דוחה יתושים,,0.00,0.00,false,1.00,22.90,0.22,true,0,
5000204138924,false,אוטן בוטניקל תחליב 50 מל,דנשר,UA,בוטניקל תחליב דוחה יתושים,,0.00,100.00,false,1.00,22.90,0.00,true,0,
5000204142891,false,זיפלוק שקיות סנדוויץ קטנות 100 יח,תאי גריפטק קו,TH,שקיות סנדוויץ קטנות,,0.00,0.00,false,1.00,14.90,0.14,true,0,
<<<<<<< HEAD
5000204153842,false,מטהר אוויר גלייד מילוי אוטומטי וניל,קוסטר אירוסול ואלף סאן,TR,גלייד מילוי אוטומטי בניחוח וניל,,0.00,0.00,false,1.00,19.90,19.90,true,0,
=======
5000204153842,false,גלייד ספריי אוטומטי מילוי (מילוי בניחוח,קוסטר אירוסול ואלף סאן,TR,גלייד מילוי אוטומטי בניחוח וניל,,0.00,0.00,false,1.00,19.90,19.90,true,0,
>>>>>>> d048ac2f4f281c9d788043ab4e81b61b0dbe3743
5000204153903,false,מטהר אוויר גלייד מילוי אוטומטי מרכך כביסה,"קוסטר אירוסול ואלף סאן,",TR,גלייד מילוי אוטומטי בניחוח מרכך כביסה,,0.00,0.00,false,1.00,19.90,19.90,true,0,
5000204181296,false,גלייד מארז מכשיר אוטומט+מילוי לבנדר וניל,יצרן אירוסול: קוסטר אירו,TR,מכשיר לבישום אוטומטי + מילוי בניחוח לבנדר וניל,,0.00,0.00,false,1.00,49.90,0.00,true,0,
5000204182026,false,גלייד ג`ל ריחני בניחוח אודיסאה הכחולה 18,במה פולסקה אספי.זד.או.או,PL,ג'ל ריחני בניחוח אודיסאה הכחולה,,0.00,100.00,false,1.00,18.90,0.00,true,0,
5000204182057,false,מטהר אוויר גלייד מוצק בניחוח לבנדר,במה פולסקה אספי.זד.או.או,PL,ג'ל ריחני בניחוח לבנדר,,0.00,100.00,false,1.00,18.90,0.00,true,0,
<<<<<<< HEAD
5000204196689,false,רייד מכשיר חשמלי + 2 נוזל מילוי 90 לילות,Zobele Bulgaria,BG,מכשיר חשמלי + נוזל מילוי 90 לילות,,0.00,0.00,false,1.00,49.90,0.00,true,0,
=======
5000204196689,false,רייד מכשיר חשמלי + 2 נוזל מילוי 90 לילות,"דנשר (1963) בע,מ",BG,מכשיר חשמלי + נוזל מילוי 90 לילות,,0.00,0.00,false,1.00,49.90,0.00,true,0,
>>>>>>> d048ac2f4f281c9d788043ab4e81b61b0dbe3743
5000204196894,false,"נוזל מילוי אקליפטוס 45 לילות 36 מ""ל רייד",גונסון שנגחאי,BG,אקליפטוס נוזל להרחקת יתושים,,0.00,0.00,false,1.00,19.90,0.00,true,0,
5000204196924,false,רייד מילוי נוזל *זוג 90 *לילות,גונסון שנגחאי,BG,נוזל מילוי להרחקת יתושים,,0.00,0.00,false,1.00,39.90,0.00,true,0,
5000204197051,false,"מכשיר חשמלי +נוזל מילוי אקליפטוס 45 לילות רייד 36 מ""ל",גונסון שנגחאי,BG,אקליפטוס נוזל להרחקת יתושים + מכשיר,,0.00,0.00,false,1.00,39.90,0.00,true,0,
5000204220933,false,"קוטל מעופפים אירוסול אקליפטוס 300 מ""ל רייד","דנשר (1963) בע,מ",NL,קוטל זבובים ויתושים בניחוח אקליפטוס,,0.00,100.00,false,1.00,19.90,0.00,true,0,
5000204650518,false,גלייד מילוי מיני ספריי מרכך כביסה,דנשר,NL,מילוי מיני ספריי בניחוח מרכך כביסה,,0.00,0.00,false,1.00,9.90,0.00,true,0,
5000204762174,false,גלייד מכשיר+מילוי מיני ספריי שושנת העמקי,דנשר,NL,"מארז מכשיר ומילוי מיני ספריי בניחוח שושונת העמקים 10 מ""ל",,0.00,0.00,false,1.00,14.90,0.00,true,0,
5000207004981,false,קלין & קליר מי פנים לעור רגיש 200 מל,קלין אנד קליר Clean & clear,,מי פנים לניקוי עמוק לעור רגיש,"מ""ל",200.00,100.00,false,1.00,42.90,0.00,true,0,
5000207007425,false,קלין & קליר תרחיץ גרגירים לניקוי 150,קלין אנד קליר Clean & clear,,תרחיץ פילינג יומי נטול שומן,"מ""ל",150.00,100.00,false,1.00,45.90,0.00,true,0,
5000488000566,false,רסקיו רמדי קרם 30 גרם,פארמה גורי,,קרם להרגעת העור ושיקומו,,0.00,100.00,false,1.00,69.90,0.02,true,0,
5010123703547,false,ליסטרין פרש בורסט 500 מל-יבוא מקביל,בית הצעצוע בעמ,,פרש ברסט שטיפת פה,,0.00,100.00,false,1.00,35.90,0.00,true,0,
5010123703585,false,ליסטרין קולמינט 500 מל-יבוא מקביל,רותם מיטרו יבוא וסחר,,שטיפת פה קולמינט,,0.00,100.00,false,1.00,35.90,0.00,true,0,
5010123730222,false,ליסטרין טוטאל קר 500 מל-יבוא מקביל,בית הצעצוע בעמ,,טוטל קר שטיפת פה,,0.00,100.00,false,1.00,39.90,0.00,true,0,
5010182996805,false,רייד מונע עש ניחוח לבנדר,דנשר (1963) בעמ,,מונע עש,,0.00,0.00,false,1.00,15.90,0.00,true,0,
5010182997253,false,רייד תרסיס קוטל ג'וקים/תיקנים 300 מל,אס.סי.ג'ונסון מידרכט,,קוטל תיקנים (ג'וקים),,0.00,100.00,false,1.00,19.90,0.00,true,0,
5010182997680,false,"רייד ארוסול קוטל נמלים - 300 מ""ל",אס.סי.ג'ונסון מידרכט,,קוטל נמלים 2ב-1 השפעה מתמשכת,,0.00,100.00,false,1.00,19.90,0.00,true,0,
5010182997918,false,דאק ג'ל לניקוי אסלות בניחוח ים 55 מל,"איטיליאן פוד, אס.פי.",,ג'ל אסלה בניחוח ים,,0.00,100.00,false,1.00,12.90,0.00,true,0,
5010415211224,false,טומי טיפי פטמות זרימה בינונית 3M,הכי טבעי-הנסיך,CN,פטמה סיליקון לבקבוק 3+,,0.00,0.00,false,1.00,44.90,22.45,true,0,
5010415211248,false,זוג פטמות שלב3 טומי טיפי,הכי טבעי-הנסיך,CN,פטמה סיליקון לבקבוק 6+,,0.00,0.00,false,1.00,44.90,22.45,true,0,
5010415211286,false,טומי טיפי זוג פטמות אנטי קוליק ז.בינונית,General,CN,אנטי קוליק פטמה לבקבוק לזרימה בינונית +3,,0.00,0.00,false,1.00,44.90,0.00,true,0,
5010415212245,false,טומי טיפי זוג פטמות אנטי קוליק,General,CN,אנטי קוליק פטמה לבקבוק לזרימה מהירה +6,,0.00,0.00,false,1.00,44.90,0.00,true,0,
5010415221407,false,טומי טיפי פטמות לזרימה משתנה,הכי טבעי-הנסיך,CN,פטמה סיליקון לבקבוק לזרימה משתנה 0+,,0.00,0.00,false,1.00,49.90,24.95,true,0,
5010415221421,false,טומי טיפי פטמות למזון סמיך,הכי טבעי-הנסיך,CN,פטמה סיליקון לבקבוק למזון סמיך 6+,,0.00,0.00,false,1.00,49.90,24.95,true,0,
5010415224002,false,טומי טיפי בקבוק 150 מל,הכי טבעי-הנסיך,CN,בקבוק הזנה לתינוק 0+,,0.00,0.00,false,1.00,45.90,0.00,true,0,
5010415224156,false,טומי טיפי בקבוקים במהדורה קיצית*3 260 מל,טומי טיפי,GB,בקבוקים במהדורה קיצית (כתום/צהוב/סגול),,0.00,0.00,false,1.00,99.90,0.00,true,0,
5010415224163,false,טומי טיפי בקבוקים במהדורה קיצית*3 260 מל,טומי טיפי,GB,בקבוקים במהדורה קיצית (כחול/ירוק/תכלת),,0.00,0.00,false,1.00,99.90,0.00,true,0,
5010415225009,false,טומי טיפי בקבוק 260 מל,הכי טבעי-הנסיך,CN,בקבוק הזנה לתינוק 0+,,0.00,0.00,false,1.00,57.90,0.00,true,0,
5010415225214,false,טומי טיפי זוג בקבוקים 260 מל מאויר כחול,הכי טבעי-הנסיך,CN,בקבוקי הזנה לתינוק מאוייר 0+ חודשים,,0.00,0.00,false,1.00,89.90,0.00,true,0,
5010415225504,false,טומי טיפי זוג בקבוקים 260 מל מאויר ורוד,הכי טבעי-הנסיך,CN,בקבוקי הזנה לתינוק מאוייר 0+ חודשים,,0.00,0.00,false,1.00,89.90,0.00,true,0,
5010415225986,false,טומי טיפי בקבוקי 260 מל לילה שלישייה,General,CN,מארז בקבוקי הזנה לתינוק - לילה,,0.00,0.00,false,1.00,99.90,99.90,true,0,
5010415226051,false,זוג פטמות לבקבוק אנטי קוליק זרימה בינוני,General,CN,פטמות לבקבוק אנטי קוליק זרימה בינונית (שלב 2),,0.00,0.00,false,1.00,44.90,0.00,true,0,
5010415226068,false,זוג פטמות לבקבוק אנטי קוליק זרימה מהירה,General,CN,פטמות לבקבוק אנטי קוליק זרימה מהירה (שלב 3),,0.00,0.00,false,1.00,44.90,0.00,true,0,
5010415226211,false,טומי טיפי זוג בקבוקים 340 מל מאויר כחול,הכי טבעי-הנסיך,CN,בקבוקי הזנה לתינוק מאוייר 3+ חודשים,,0.00,0.00,false,1.00,99.90,0.00,true,0,
5010415226303,false,טומי טיפי זוג בקבוקים 340 מל מאויר,הכי טבעי-הנסיך,CN,בקבוקי הזנה לתינוק מאוייר 3+ חודשים,,0.00,0.00,false,1.00,99.90,0.00,true,0,
5010415245878,false,טומי טיפי זוג פטמות לזרימה משתנה,General,CN,פטמה סיליקון לבקבוק לזרימה משתנה 0+,,0.00,0.00,false,1.00,49.90,24.95,true,0,
5010415330086,false,ט.טיפי הכי טבעי זוג מוצצים סיליקון 0-6,הכי טבעי-הנסיך,CN,מוצצי סיליקון לשימוש יומיומי 0-6 חודשים,,0.00,0.00,false,1.00,44.90,0.00,true,0,
5010415330109,false,ט.טיפי הכי טבעי זוג מוצצים סיליקון 6-18,הכי טבעי-הנסיך,CN,מוצצי סיליקון לשימוש יומיומי 6-18 חודשים,,0.00,0.00,false,1.00,44.90,0.00,true,0,
5010415330147,false,טומי טיפי זוג מוצצים זוהרים בחושך 0-6,הכי טבעי-הנסיך,CN,מוצץ סיליקון זוהרים בחושך 0-6 חודשים,,0.00,0.00,false,1.00,44.90,0.00,true,0,
5010415330154,false,טומי טיפי זוג מוצצים זוהרים בחושך 6-18,הכי טבעי-הנסיך,CN,מוצץ סיליקון זוהרים בחושך 6-18 חודשים,,0.00,0.00,false,1.00,44.90,0.00,true,0,
5010415332363,false,טומי טיפי זוג מוצצי לטקס בלון 0M,טומי טיפי,CN,מוצץ לטקס בלון 0-6,,0.00,0.00,false,1.00,33.90,0.00,true,0,
5010415332387,false,טומי טיפי זוג מוצצי לטקס בלון 6M,טומי טיפי,CN,מוצץ לטקס בלון 6-18,,0.00,0.00,false,1.00,33.90,0.00,true,0,
5010415333544,false,טומי טיפי זוג מוצצים יומי 0-6,הכי טבעי-הנסיך,CN,מוצץ לשימוש יומי 0-6,,0.00,0.00,false,1.00,44.90,0.00,true,0,
5010415333575,false,טומי טיפי זוג מוצצים איורי חיות 0-6,הכי טבעי-הנסיך,CN,מוצץ סיליקון 0-6 חודשים,,0.00,0.00,false,1.00,44.90,0.00,true,0,
5010415333612,false,טומי טיפי זוג מוצצים זוהרים0-6,הכי טבעי-הנסיך,CN,מוצץ סיליקון 0-6 חודשים,,0.00,0.00,false,1.00,44.90,0.00,true,0,
5010415334879,false,טומי טיפי זוג מוצצים סדרת מודה 0-6 בנות,הכי טבעי-הנסיך,GB,מוצץ סיליקון סדרת מודה 0-6 חודשים,,0.00,0.00,false,1.00,49.90,24.95,true,0,
5010415334886,false,טומי טיפי זוג מוצצים סדרת מודה 0-6 בנים,הכי טבעי-הנסיך,GB,מוצץ סיליקון סדרת מודה 0-6 חודשים,,0.00,0.00,false,1.00,49.90,24.95,true,0,
5010415334893,false,טומי טיפי זוג מוצצים סדרת מודה 6-18 בנות,הכי טבעי-הנסיך,GB,מוצץ סיליקון סדרת מודה 6-18 חודשים,,0.00,0.00,false,1.00,49.90,24.95,true,0,
5010415334909,false,טומי טיפי זוג מוצצים סדרת מודה 6-18 בנים,הכי טבעי-הנסיך,GB,מוצץ סיליקון סדרת מודה 6-18 חודשים,,0.00,0.00,false,1.00,49.90,24.95,true,0,
5010415460196,false,טומי טיפי זוג ידיות לבקבוק,הכי טבעי-הנסיך,CN,טומי טיפי זוג ידיות לבקבוק,,0.00,0.00,false,1.00,39.90,19.95,true,0,
5010415471086,false,טומי טיפי כוס שתייה 6+ כחול אקספלורה,טומי טיפי,CN,אקספלורה כוס שתייה 6+ חודשים,,0.00,0.00,false,1.00,49.90,0.00,true,0,
5010415471093,false,טומי טיפי כוס שתייה 6+ סגול אקספלורה,טומי טיפי,CN,אקספלורה כוס שתייה 6+ חודשים,,0.00,0.00,false,1.00,49.90,0.00,true,0,
5010415472076,false,כוס 360 ירוק 12+,General,GB,כוס 360 ירוק 12+,,0.00,0.00,false,1.00,59.90,59.90,true,0,
5010415472083,false,כוס 360 אדום 12+,General,GB,כוס 360 אדום 12+,,0.00,0.00,false,1.00,59.90,59.90,true,0,
5010622005012,false,אורל בי חוט דנטלי אסנשיאל ללא שעווה 50 מ',פארמה דיל (פ.א.ב.) שיווק והפצה,,חוט דנטלי ללא שעווה,,0.00,1.00,false,1.00,21.90,0.43,true,0,
5010622008204,false,אורל בי חוט דנטלי סופר פלוס,פרוקטר & גמבל,,חוט דנטלי סופר פלוס לניקוי גשרים כתרים ומרווחים בין השיניים,,0.00,0.00,false,1.00,28.90,0.00,true,0,
5010622018258,false,אורל בי חוט דנטלי סאטין 25 מטר,פרוקטר & גמבל,,חוט דנטאלי דמוי סאטן בטעם מנטה,,0.00,1.00,false,1.00,22.90,0.91,true,0,
5010724526798,false,בטיסט שמפו יבש בניחוח דובדבן,צ'\רצ'\ אנד דיוויט,GB,שמפו יבש בניחוח דובדבן,,0.00,100.00,false,1.00,29.90,0.00,true,0,
5010724527375,false,בטיסט שמפו יבש בניחוח פריחה אביבית,צ'\רצ'\ אנד דיוויט,GB,שמפו יבש בניחוח פריחה אביבית,,0.00,100.00,false,1.00,29.90,0.00,true,0,
5010724527443,false,בטיסט שמפו יבש עם צבע לשיער כהה,שסטוביץ,GB,שמפו יבש עם צבע לשיער כהה,,0.00,100.00,false,1.00,34.90,0.00,true,0,
5010724527467,false,בטיסט שמפו יבש עם צבע לשיער בלונד,שסטוביץ,GB,שמפו יבש עם צבע לשיער בלונד,,0.00,100.00,false,1.00,34.90,0.00,true,0,
5010724527474,false,בטיסט שמפו יבש עם צבע לשיער ברונטי,שסטוביץ,GB,שמפו יבש עם צבע לשיער ברונטי,,0.00,100.00,false,1.00,34.90,0.00,true,0,
5010724527481,false,בטיסט שמפו יבש בניחוח קלאסי,צ'\רצ'\ אנד דיוויט,GB,שמפו יבש בניחוח קלאסי,,0.00,100.00,false,1.00,29.90,0.00,true,0,
5010724527511,false,בטיסט שמפו יבש בניחוח טרופי 200 מ'ל,צ'\רצ'\ אנד דיוויט,GB,שמפו יבש בניחוח טרופי,,0.00,100.00,false,1.00,29.90,0.00,true,0,
5010934001795,false,צבע שיער לגבר חום בהיר,מדיטרנד,,שמפו לצביעת שיער לגברים חום בהיר H-25,,0.00,0.00,false,1.00,59.90,0.00,true,0,
5010934001849,false,ג`סט פור מן חום כהה שחור,מדיטרנד,,שמפו לצביעת שיער לגברים חום כהה H-45,,0.00,0.00,false,1.00,59.90,0.00,true,0,
5010934001856,false,צבע שיער גבר חום בינוני,מדיטרנד,,שמפו לצביעת שיער לגברים חום טבעי H-35,,0.00,0.00,false,1.00,59.90,0.00,true,0,
5010934002174,false,צבע שיער לגבר שחור,מדיטרנד,,שמפו לצביעת שיער לגברים שחור H-55,,0.00,0.00,false,1.00,59.90,0.00,true,0,
5010934002730,false,ג`סט פור מן לזקן חום בינוני,מדיטרנד,,ג'ל לצביעת זקן חום בינוני M-35,,0.00,100.00,false,1.00,59.90,0.04,true,0,
5010934002747,false,ג`סט פור מן לזקן חום כהה,מדיטרנד,,ג'ל לצביעת זקן חום כהה M-45,,0.00,100.00,false,1.00,59.90,0.04,true,0,
5010934002754,false,ג`סט פור מן לזקן שחור,מדיטרנד,,ג'ל לצביעת זקן שחור M-55,,0.00,100.00,false,1.00,59.90,0.04,true,0,
5010934003676,false,טאצ' אוף גריי שחור אפור,מדיטרנד,,צבע שיער בגוון אפור לגברים,,0.00,0.00,false,1.00,59.90,0.00,true,0,
5011321333222,false,הד&שולדרס 400 הנוסחה הקלאסית,General,,שמפו הנוסחה הקלאסית,"מ""ל",400.00,100.00,false,1.00,21.90,0.00,true,0,
5011321333253,false,הד&שולדרס 400 נוסחה קלאסית 2 ב-1,General,,שמפו הנוסחה הקלאסית 2 ב-1,"מ""ל",400.00,100.00,false,1.00,21.90,0.00,true,0,
5011321333314,false,הד&שולדרס 400 מרענן עם מנטול,General,,שמפו מנטול,"מ""ל",400.00,100.00,false,1.00,21.90,0.00,true,0,
5011321333437,false,הד&שולדרס 400 מגע משי קטיפתי,General,,שמפו לשיער רך כמשי,"מ""ל",400.00,100.00,false,1.00,21.90,0.00,true,0,
5011321375963,false,אוליי רגנריסט קרם יום 50 מל,דיפלומט,PL,REGENERIST קרם יום,,0.00,100.00,false,1.00,89.90,0.01,true,0,
5011321376014,false,אוליי רגנריסט קרם לילה 50 מל,דיפלומט,PL,REGENERIST קרם לילה,,0.00,100.00,false,1.00,89.90,0.01,true,0,
5011321457454,false,אוליי רגנריסט אנטי אייגינ קרם יום 50 מל,דיפלומט,PL,REGENERIST אנטי אייג'ינג קרם יום,,0.00,100.00,false,1.00,139.90,0.02,true,0,
5011321652545,false,קוקידנט טבליות לניקוי 60 יחידות,General,,טבליות לניקוי תותבות,,0.00,0.00,false,1.00,49.90,0.83,true,0,
5011321916715,false,אוליי רגנריסט אנטי אייגינ סרום 50 מל,דיפלומט,PL,REGENERIST אנטי אייג'ינג סרום,,0.00,100.00,false,1.00,139.90,0.02,true,0,
5011408027976,false,"ספריי לשיער רגיל לוריאל 400 מ""ל",לוריאל Loreal,,ספריי עיצוב לשיער רגיל,"מ""ל",400.00,100.00,false,1.00,56.90,0.00,true,0,
5011408028034,false,"ספריי לשיער חזק מאוד לוריאל 400 מ""ל",לוריאל Loreal,,ספריי עיצוב חזק לשיער,"מ""ל",400.00,100.00,false,1.00,56.90,0.00,true,0,
5011408040791,false,לוריאל - דרמו רויטליפט קלאסי לילה,"קרלסרו, גרמניה",,REVITALIFT קרם לילה,,0.00,100.00,false,1.00,95.00,0.01,true,0,
5011417547885,false,"אירוויק מקלות ריחניים בניחוח כביסה באוויר 30 מ""ל",רקיט בנקיזר (ניר איסט) בעמ,HU,LIFE SCENTS מקלות ריחניים בניחוח פרש כביסה,,0.00,100.00,false,1.00,19.90,0.00,true,0,
5011417552247,false,"אירוויק מבשם אויר נטול גז בניחוח פשתן ופרחי לילך 345 מ""ל",רקיט בנקיזר (ניר איסט) בעמ,PL,ספריי נטול גז בניחוח פשתן ופרחי לילך,,0.00,100.00,false,1.00,15.90,0.00,true,0,
5011417554760,false,"אירוויק מבשם אויר נטול גז בניחוח ורדים וארכידאה 345 מ""ל",רקיט בנקיזר (ניר איסט) בעמ,PL,ספריי נטול גז בניחוח ורדים ואורכידאה,,0.00,100.00,false,1.00,15.90,0.00,true,0,
5011451103863,false,סימפל תרחיץ פנים לעור רגיש 150 מל,יוניליוור,PL,תרחיץ פנים מרענן לעור רגיש,,0.00,100.00,false,1.00,29.90,0.00,true,0,
5011451103870,false,סימפל תרחיץ פנים מזין 150 מל,יוניליוור,PL,תרחיץ פנים מזין,,0.00,100.00,false,1.00,29.90,0.00,true,0,
5011451103917,false,סימפל מסיר איפור מהעיניים 125 מל,יוניליוור,PL,מסיר איפור עיניים,,0.00,100.00,false,1.00,19.90,0.00,true,0,
5011451103931,false,סימפל קרם לחות לעור קליל 125 מל,יוניליוור,PL,קרם לחות קליל,,0.00,100.00,false,1.00,49.90,0.00,true,0,
5011451103948,false,סימפל קרם לחות לעור עשיר 125 מל,יוניליוור,PL,קרם לחות עשיר,,0.00,100.00,false,1.00,49.90,0.00,true,0,
5011451103979,false,סימפל מגבוני ניקוי פנים 25 יחידות,יוניליוור,GB,מגבוני ניקוי לפנים,,0.00,0.00,false,1.00,14.90,0.59,true,0,
5012909006156,false,אוונט מברשת בקבוקים פיליפס,כמיפל,,מברשת לבקבוקים פיליפס,,0.00,0.00,false,1.00,49.90,49.90,true,0,
5012909010917,false,אוונט פטמה קלאסיק זרימה מהירה,כמיפל,,פטמה לבקבוק קלאסיק+ זרימה מהירה מס' 4,,0.00,0.00,false,1.00,43.90,21.95,true,0,
5012909010948,false,אוונט פטמה קלאסיק רב שלבית,כמיפל,,פטמה לבקבוק קלאסיק+ רב שלבית (לכל הגילאים) ולמזון סמיך,,0.00,0.00,false,1.00,43.90,21.95,true,0,
5013692254748,false,דיסני שפתון לחות כדורי מנטוס בטעם מנטה,דודי קרמר,CN,שפתון לחות כדורי מנטוס בטעם מנטה מרענן,,0.00,0.00,false,1.00,11.90,0.00,true,0,
5013692254755,false,דיסני שפתון לחות כדורי מנטוס בטעם נענע מ,דודי קרמר,CN,שפתון לחות כדורי מנטוס בטעם נענע מרענן,,0.00,0.00,false,1.00,11.90,0.00,true,0,
5013931015741,false,דיש מטיק - ידית הפלא לשטיפת כלים,דישמטיק Dish matic,US,ידית הפלא לשטיפת כלים,,0.00,0.00,false,1.00,13.70,0.00,true,0,
5013931015758,false,דיש מטיק - ספוגי החלפה מארז 3 יחידות,דישמטיק Dish matic,US,מארז ספוגי החלפה,,0.00,0.00,false,1.00,13.70,4.56,true,0,
5013931015819,false,מארז כריות פלדה דיש מטיק (2 יח),דישמטיק Dish matic,US,מארז כריות פלדה,,0.00,0.00,false,1.00,13.70,6.85,true,0,
5013965850455,false,מי פה פרו אקספרט אורל-בי (250 מל),דיפלומט מפיצים (1968) בעמ,DE,מי פה פרו אקספרט להגנה מקצועית,,0.00,100.00,false,1.00,13.90,0.00,true,0,
5013965948428,false,משחת שיניים פרו אקספרט לניקוי יסודי מנטה מעודן,דיפלומט מפיצים (1968) בעמ,DE,פרו אקספרט משחת שיניים בטעם מנטה מעודן,,0.00,100.00,false,1.00,15.90,0.00,true,0,
5013965953354,false,אורל בי 123 משחה 100 מל עם פלואוריד,פרוקטר אנד גמבל,DE,123 משחת שיניים עם פלואוריד,,0.00,0.00,false,1.00,14.90,0.14,true,0,
5014734759047,false,"פרסקינדול אקטיב ספריי 150 מ""ל",מדיטרנד,,ספריי פעיל להקלה על כאבי שרירים ופרקים,,0.00,100.00,false,1.00,64.90,0.00,true,0,
5016221991930,false,דנטל סורס ראשים למברשת חשמלית*4,דנטלון,DE,טוטל קלין ראשים אוניברסלים למברשת חשמלית,,0.00,0.00,false,1.00,89.90,22.47,true,0,
5016221991978,false,ראשים למברשת שיניים חשמלית סנסיטיב זוג,דנטלון,CN,ראשים אוניברסליים למברשת חשמלית SENSITIVE,,0.00,0.00,false,1.00,49.90,24.95,true,0,
5016221997055,false,דנטל סורס ראשים מברשת חשמלית*2,דנטל,,ראשים למברשת חשמלית,,0.00,0.00,false,1.00,49.90,0.00,true,0,
5017371146669,false,רגיין אויל שמן טיפוח והזנה לעור 75 מל,לינקו קייר,GB,שמן טיפוח והזנה לעור,,0.00,100.00,false,1.00,69.90,0.00,true,0,
5017371146683,false,רגיין אויל שמן טיפוח והזנה לעור 125 מל,לינקו קייר,GB,שמן טיפוח והזנה לעור,,0.00,100.00,false,1.00,99.90,0.00,true,0,
5017371153964,false,רגיין אויל שמן טיפוח והזנה לעור 150 מל,שסטוביץ,GB,ספריי שמן טיפוח והזנה לעור,,0.00,100.00,false,1.00,119.90,0.00,true,0,
5017634005962,false,גון פרידה פריז איז קרלז שמפו לשיער מתולת,General,FR,פריז איז קרלז שמפו לשיער מתולתל,,0.00,100.00,false,1.00,34.90,0.00,true,0,
5017634005979,false,גון פרידה פריז איז קרלז מרכך לשיער מתולת,General,FR,פריז איז קרלז מרכך לשיער מתולתל,,0.00,100.00,false,1.00,34.90,0.00,true,0,
5017634012557,false,גון פרידה פריז איז פלולסלי סטרייט שמפו,General,FR,פריז איז פלולסלי סטרייט שמפו למראה חלק,,0.00,100.00,false,1.00,34.90,0.00,true,0,
5017634012564,false,גון פרידה פריז איז פלולסלי סטרייט מרכך,General,FR,פריז איז פלולסלי סטרייט מרכך למראה חלק,,0.00,100.00,false,1.00,34.90,0.00,true,0,
5017634020804,false,גון פרידה פריז איז סיקרט אייגנט קרם לעיצ,General,FR,פריז איז סיקרט אייגנט קרם לעיצוב השיער,,0.00,0.00,false,1.00,34.90,0.34,true,0,
5017634020965,false,גון פרידה פריז איז דרים קרלז תרסיס לעיצו,General,FR,פריז איז דרים קרלז תרסיס לעיצוב יומיומי,,0.00,100.00,false,1.00,34.90,0.00,true,0,
5018741012010,false,מוסיגארד ספריי 75 מל,מדיטרנד,GB,ספריי,,0.00,100.00,false,1.00,44.90,0.00,true,0,
5018741012041,false,מוסיגארד רול און 50 מל,מדיטרנד,GB,רול און דוחה יתושים וחרקים,,0.00,100.00,false,1.00,44.90,0.00,true,0,
5019090110037,false,כפיות גמישות מנצק'ין6יח,ב.ב.קשרים,CN,כפיות אכילה גמישות לתינוקות,,0.00,0.00,false,1.00,39.90,0.00,true,0,
5019090110877,false,מסנן פירות וירקות טבעיים,ב.ב.קשרים,CN,מסנן פירות וירקות טבעיים,,0.00,0.00,false,1.00,29.90,0.00,true,0,
5019090110884,false,מנצקין מסנן פירות וירקות,ב.ב.קשרים,CN,מסנן פירות וירקות,,0.00,0.00,false,1.00,29.90,0.00,true,0,
5019090111423,false,מנצקין כוס משקולת פטנט קשית 296 מל כחול,ב.ב.קשרים,CN,כוס משקולת פטנט קשית צבע כחול,,0.00,0.00,false,1.00,64.90,0.00,true,0,
5019090124638,false,כוס משקולת פטנט קשית 296 מל ירוקה,ב.ב.קשרים,CN,"כוס משקולת פטנט קשית 296 מ""ל צבע ירוק",,0.00,0.00,false,1.00,59.90,0.00,true,0,
5019090518543,false,כוס הפלא 360 - 207 מל עם מכסה- כחולה,ב.ב.קשרים,CN,כוס הפלא 360 - 207 מל עם מכסה- כחולה,,0.00,0.00,false,1.00,64.90,0.00,true,0,
5019090518550,false,כוס הפלא 360 - 207 מל עם מכסה- ורודה,ב.ב.קשרים,CN,כוס הפלא 360 - 207 מל עם מכסה- ורודה,,0.00,0.00,false,1.00,64.90,0.00,true,0,
5019090518581,false,כוס הפלא 360 - 296 מל עם מכסה- כחולה,ב.ב.קשרים,CN,כוס הפלא 360 - 296 מל עם מכסה- כחולה,,0.00,0.00,false,1.00,64.90,0.00,true,0,
5019090518604,false,כוס הפלא 360 - 296 מל עם מכסה- ירוקה,ב.ב.קשרים,CN,כוס הפלא 360 - 296 מל עם מכסה- ירוקה,,0.00,0.00,false,1.00,64.90,0.00,true,0,
5019090518895,false,מברשת דה-לוקס מתכוננת לניקוי בקבוקים,מנצ'קין,CN,מברשת דה-לוקס מתכוננת לניקוי בקבוקים,,0.00,0.00,false,1.00,49.90,0.00,true,0,
5019607247508,false,גלואו האב באלם ניקוי עשיר ללחות והזנה מו,General,GB,באלם ניקוי עשיר ללחות והזנה מועשר באפרסק וקוקוס,,0.00,0.00,false,1.00,55.00,0.55,true,0,
5019607247515,false,גלואו האב טונר ללחות והזנה מועשר באפרסק,General,GB,טונר ללחות והזנה מועשר באפרסק וקוקוס,,0.00,0.00,false,1.00,40.00,0.40,true,0,
5019607247522,false,גלואו האב קרם לחות קליל להרגעת והזנת העו,General,GB,"קרם לחות קליל להרגעת והזנת העור מועשר בהמפ, חוחובה וחמאת שיאה",,0.00,100.00,false,1.00,49.00,0.00,true,0,
5019607247539,false,גלואו האב תרסיס סרום ללחות והזנה מועשר ב,General,GB,"תרסיס סרום ללחות והזנה מועשר באפרסק, קוקוס וחומצה היאלורונית",,0.00,100.00,false,1.00,55.00,0.00,true,0,
5019607247546,false,גלואו האב מסכת סטיק ללחות והזנה מועשרת ב,General,GB,"מסכת סטיק ללחות והזנה מועשרת באפרסק, קוקוס וחומצה היאלורונית",,0.00,100.00,false,1.00,45.00,0.01,true,0,
5019607247553,false,גלואו האב גל ניוקי שהופך לשמן להרגעת העו,General,GB,ג'ל ניוקי שהופך לשמן להרגעת העור מועשר בהמפ וחוחובה,,0.00,100.00,false,1.00,45.00,0.00,true,0,
5019607247560,false,גלואו האב טונר מרוכז להרגעת העור מועשר ב,General,GB,טונר מרוכז להרגעת העור מועשר בהמפ וחוחובה,,0.00,0.00,false,1.00,40.00,0.40,true,0,
5019607247577,false,גלואו האב גל לחות קליל מועשר באפרסק וקוק,General,GB,ג'ל לחות קליל מועשר באפרסק וקוקוס,,0.00,100.00,false,1.00,49.00,0.00,true,0,
5019607247584,false,גלואו האב תרסיס סרום להרגעת העור מועשר ב,General,GB,תרסיס סרום להרגעת העור מועשר בהמפ וחוחובה,,0.00,100.00,false,1.00,40.00,0.00,true,0,
5019607247591,false,גלואו האב מסכת סטיק לניקוי והרגעת העור מ,General,GB,"מסכת סטיק לניקוי והרגעת העור מועשרת בהמפ, חוחובה וחימר",,0.00,100.00,false,1.00,45.00,0.01,true,0,
5019607247607,false,גלואו האב גל רחצה לניקוי וטיהור העור מו,General,GB,ג'ל רחצה לניקוי וטיהור העור מועשר באוכמניות ותה שחור,,0.00,100.00,false,1.00,45.00,0.00,true,0,
5019607247614,false,גלואו האב פדיות טונר לעור שומני לניקוי ו,General,GB,פדיות טונר לעור שומני לניקוי וטיהור העור מועשרת באוכמניות ותה שחור,,0.00,0.00,false,1.00,40.00,0.40,true,0,
5019607247621,false,גלואו האב תחליב לחות קליל לעור שמנוני מו,General,GB,תחליב לחות קליל לעור שמנוני מועשר באוכמניות ותה שחור,,0.00,100.00,false,1.00,49.00,0.00,true,0,
5019607247638,false,גלואו האב מסכת סטיק לניקוי וטיהור העור מ,General,GB,מסכת סטיק לניקוי וטיהור העור מועשרת באוכמניות ותה שחור,,0.00,100.00,false,1.00,45.00,0.01,true,0,
5019607247645,false,גלואו האב סופר סרום קליל להענקת מראה עור,General,GB,סופר סרום קליל להענקת מראה עור אחיד מועשר באוכמניות ותה שחור,,0.00,100.00,false,1.00,55.00,0.01,true,0,
5019607247652,false,גלואו האב זיט זאפ סטיק לטיפול בפצעונים,General,GB,ZIT ZAP סטיק לטיפול בפצעונים,,0.00,100.00,false,1.00,25.00,0.01,true,0,
5019607247669,false,גלואו האב תרחיץ גרגרים לניקוי נקבוביות ע,General,GB,תרחיץ גרגרים לניקוי נקבוביות עמוק מועשר באשכולית ורודה וחומצה סליצילית,,0.00,100.00,false,1.00,35.00,0.00,true,0,
5019607251734,false,גלואו האב פפ טוק באלם מעבה שפתיים,General,GB,PEP TALK באלם מעבה שפתיים,,0.00,0.00,false,1.00,35.00,0.00,true,0,
<<<<<<< HEAD
5029053002408,false,קלינקס - נייר טואולט קליניקס לבן 9 גלילים,קימברלי קלארק ישראל,,נייר טואלט לבן,,0.00,0.00,false,1.00,49.90,5.54,true,0,
5029053002439,false,קלינקס - נייר טואולט קליניקס צהוב 9 גלילים,חוגלה קימברלי,,נייר טואלט צהוב,,0.00,0.00,false,1.00,49.90,5.54,true,0,
5029053032658,false,שמיניית ממחטות טישו קלינקס 9 יחידות,חוגלה קימברלי,IT,ממחטות כיס טישו,,0.00,0.00,false,1.00,10.90,1.36,true,0,
5029053039725,false,ממחטות נייר קלינקס נטורל פרש קופסה 72 דף,קימברלי קלארק,IL,טישו נטורל פרש קופסא,,0.00,0.00,false,1.00,15.90,0.00,true,0,
5029053510811,false,תחבושות נורמל פלוס עם כנפיים קוטקס 28 יחידות,קימברלי קלארק,CZ,תחבושות עם כנפיים נורמל,,0.00,0.00,false,1.00,20.90,0.69,true,0,
5029053510828,false,תחבושות סופר פלוס עם כנפיים קוטקס 22יחידות,קימברלי קלארק,CZ,תחבושות עם כנפיים סופר,,0.00,0.00,false,1.00,20.90,0.95,true,0,
5029053523446,false,קוטקס - תחבושות אולטרה נייט + כנפיים 20 יח',קימברלי קלארק,CZ,תחבושות עם כנפיים נייט,,0.00,0.00,false,1.00,20.90,1.04,true,0,
5029053527574,false,האגיס תחתון ספיגה 4-7 בנים דריי נייטס 10 יחידות,חוגלה קימברלי,,"תחתוני ספיגה להרטבת לילה לבנים, גילאי 4-7",,0.00,0.00,false,1.00,40.90,4.09,true,0,
5029053527581,false,האגיס תחתון ספיגה 4-7 בנות דריי נייטס 10 יחידות,חוגלה קימברלי,,"תחתוני ספיגה להרטבת לילה לבנות, גילאי 4-7",,0.00,0.00,false,1.00,40.90,4.09,true,0,
5029053527598,false,תחתוני ספיגה בנים לתופעת הרטבת לילה 8-15 האגיס,חוגלה קימברלי,,"תחתוני ספיגה להרטבת לילה לבנים, גילאי 8-15",,0.00,0.00,false,1.00,40.90,4.54,true,0,
5029053527604,false,האגיס תחתון ספיגה 15-8 בנות דריי נייטס 9 יחידות,חוגלה קימברלי,,"תחתוני ספיגה להרטבת לילה לבנות, גילאי 8-15",,0.00,0.00,false,1.00,40.90,4.54,true,0,
5029053534589,false,קוטקס טמפוני מיני B נורמל 32 יחידות,קימברלי קלארק,,טמפונים ללא מוליך מיני,,0.00,0.00,false,1.00,28.90,0.90,true,0,
5029053534596,false,קוטקס טמפוני נורמל ללא מוליך 32 יח,קימברלי קלארק,,טמפונים ללא מוליך נורמל,,0.00,0.00,false,1.00,28.90,0.90,true,0,
5029053534602,false,קוטקס טמפוני סופר ללא מוליך 32 יח,קימברלי קלארק,,טמפונים ללא מוליך סופר,,0.00,0.00,false,1.00,28.90,0.90,true,0,
5029053535210,false,טמפון קוטקס עם מוליך מיני 16 יח,קימברלי קלארק,,טמפונים עם מוליך מיני,,0.00,0.00,false,1.00,19.90,1.24,true,0,
5029053535227,false,קוטקס טמפון עם מוליך נורמל 16 יחידות,קימברלי קלארק,,טמפונים עם מוליך נורמל,,0.00,0.00,false,1.00,19.90,1.24,true,0,
5029053535234,false,קוטקס טמפונים עם מוליך סופר,חוגלה קימברלי,,טמפונים עם מוליך סופר,,0.00,0.00,false,1.00,19.90,1.24,true,0,
5029053538426,false,בגד ים חד פעמי ליטל סווימרס 12-18kg L,חוגלה קימברלי,,"בגד-ים חד פעמי 12-18 ק""ג מידה L",,0.00,0.00,false,1.00,43.90,3.99,true,0,
5029053574103,false,האגיס פול אפס תח.גמילה יום בנות 20 יחידו,KC צ'כיה,IL,תחתוני גמילה יום-בנות לגילאי 2-4 שנים,,0.00,0.00,false,1.00,54.90,2.74,true,0,
5029053574110,false,האגיס פול אפס תח.גמילה יום בנים 20 יחידו,חוגלה,IL,תחתוני גמילה יום-בנים לגילאי 2-4 שנים,,0.00,0.00,false,1.00,54.90,2.74,true,0,
5029053574141,false,האגיס פול אפס תח.גמילה לילה בנות 18 יחיד,חוגלה,IL,תחתוני גמילה לילה-בנות לגילאי 2-4 שנים,,0.00,0.00,false,1.00,54.90,2.74,true,0,
5029053574158,false,האגיס פול אפס תח.גמילה לילה בנים 18 יחיד,KC צ'כיה,IL,תחתוני גמילה לילה-בנים לגילאי 2-4 שנים,,0.00,0.00,false,1.00,54.90,3.05,true,0,
5029053575575,false,מגבונים היגיינים לניקוי פנים וידיים קליניקס 24 דפים,חוגלה קימברלי,IT,מגבונים היגיינים לניקוי פנים וידיים,,0.00,0.00,false,1.00,9.90,0.41,true,0,
5029053575858,false,קלינקס מגבת ידיים היגיינית,קימברלי קלארק,IT,מגבות נייר הגייניות נשלפות אחת אחת,,0.00,0.00,false,1.00,19.90,19.90,true,0,
5029053578309,false,קופסת ממחטות אולטרה סופט 48 דף קלינקס,קימברלי קלארק,IL,טישו אולטרה סופט קובייה,,0.00,0.00,false,1.00,8.90,0.18,true,0,
5029054220085,false,האגיס - מגבוני האגיס אקסטרה קר לא מבושם 56 יח' * 4,חוגלה קימברלי,IL,"מגבונים לחים לתינוק, עדין לעור כמו צמר גפן ומים",,0.00,0.00,false,1.00,34.90,8.72,true,0,
=======
5029053002408,false,קלינקס - נייר טואולט קליניקס לבן 9 גלילים,קימברלי קלארק ישראל שיווק בעמ,,נייר טואלט לבן,,0.00,0.00,false,1.00,49.90,5.54,true,0,
5029053002439,false,קלינקס - נייר טואולט קליניקס צהוב 9 גלילים,קימברלי קלארק ישראל שיווק בעמ,,נייר טואלט צהוב,,0.00,0.00,false,1.00,49.90,5.54,true,0,
5029053032658,false,שמיניית ממחטות טישו קלינקס 9 יחידות,קימברלי קלארק ישראל שיווק בעמ,IT,ממחטות כיס טישו,,0.00,0.00,false,1.00,10.90,1.36,true,0,
5029053039725,false,ממחטות נייר קלינקס נטורל פרש קופסה 72 דף,קימברלי קלארק ישראל שיווק בעמ,IL,טישו נטורל פרש קופסא,,0.00,0.00,false,1.00,15.90,0.00,true,0,
5029053510811,false,תחבושות נורמל פלוס עם כנפיים קוטקס 28 יחידות,קימברלי קלארק ישראל שיווק בעמ,CZ,תחבושות עם כנפיים נורמל,,0.00,0.00,false,1.00,20.90,0.69,true,0,
5029053510828,false,תחבושות סופר פלוס עם כנפיים קוטקס 22יחידות,קימברלי קלארק ישראל שיווק בעמ,CZ,תחבושות עם כנפיים סופר,,0.00,0.00,false,1.00,20.90,0.95,true,0,
5029053523446,false,קוטקס - תחבושות אולטרה נייט + כנפיים 20 יח',קימברלי קלארק ישראל שיווק בעמ,CZ,תחבושות עם כנפיים נייט,,0.00,0.00,false,1.00,20.90,1.04,true,0,
5029053527574,false,האגיס תחתון ספיגה 4-7 בנים דריי נייטס 10 יחידות,קימברלי קלארק ישראל שיווק בעמ,,"תחתוני ספיגה להרטבת לילה לבנים, גילאי 4-7",,0.00,0.00,false,1.00,40.90,4.09,true,0,
5029053527581,false,האגיס תחתון ספיגה 4-7 בנות דריי נייטס 10 יחידות,קימברלי קלארק ישראל שיווק בעמ,,"תחתוני ספיגה להרטבת לילה לבנות, גילאי 4-7",,0.00,0.00,false,1.00,40.90,4.09,true,0,
5029053527598,false,תחתוני ספיגה בנים לתופעת הרטבת לילה 8-15 האגיס,קימברלי קלארק ישראל שיווק בעמ,,"תחתוני ספיגה להרטבת לילה לבנים, גילאי 8-15",,0.00,0.00,false,1.00,40.90,4.54,true,0,
5029053527604,false,האגיס תחתון ספיגה 15-8 בנות דריי נייטס 9 יחידות,קימברלי קלארק ישראל שיווק בעמ,,"תחתוני ספיגה להרטבת לילה לבנות, גילאי 8-15",,0.00,0.00,false,1.00,40.90,4.54,true,0,
5029053534589,false,קוטקס טמפוני מיני B נורמל 32 יחידות,קימברלי קלארק ישראל שיווק בעמ,,טמפונים ללא מוליך מיני,,0.00,0.00,false,1.00,28.90,0.90,true,0,
5029053534596,false,קוטקס טמפוני נורמל ללא מוליך 32 יח,קימברלי קלארק ישראל שיווק בעמ,,טמפונים ללא מוליך נורמל,,0.00,0.00,false,1.00,28.90,0.90,true,0,
5029053534602,false,קוטקס טמפוני סופר ללא מוליך 32 יח,קימברלי קלארק ישראל שיווק בעמ,,טמפונים ללא מוליך סופר,,0.00,0.00,false,1.00,28.90,0.90,true,0,
5029053535210,false,טמפונים מיני עם מוליך קוטקס) (16,קימברלי קלארק ישראל שיווק בעמ,,טמפונים עם מוליך מיני,,0.00,0.00,false,1.00,19.90,1.24,true,0,
5029053535227,false,קוטקס טמפון עם מוליך נורמל 16 יחידות,קימברלי קלארק ישראל שיווק בעמ,,טמפונים עם מוליך נורמל,,0.00,0.00,false,1.00,19.90,1.24,true,0,
5029053535234,false,טמפונים סופר עם מוליך קוטקס) (16,קימברלי קלארק ישראל שיווק בעמ,,טמפונים עם מוליך סופר,,0.00,0.00,false,1.00,19.90,1.24,true,0,
5029053538426,false,בגד ים חד פעמי ליטל סווימרס 12-18kg L,קימברלי קלארק ישראל שיווק בעמ,,"בגד-ים חד פעמי 12-18 ק""ג מידה L",,0.00,0.00,false,1.00,43.90,3.99,true,0,
5029053574103,false,האגיס פול אפס תח.גמילה יום בנות 20 יחידו,קימברלי קלארק ישראל שיווק בעמ,IL,תחתוני גמילה יום-בנות לגילאי 2-4 שנים,,0.00,0.00,false,1.00,54.90,2.74,true,0,
5029053574110,false,האגיס פול אפס תח.גמילה יום בנים 20 יחידו,קימברלי קלארק ישראל שיווק בעמ,IL,תחתוני גמילה יום-בנים לגילאי 2-4 שנים,,0.00,0.00,false,1.00,54.90,2.74,true,0,
5029053574141,false,האגיס פול אפס תח.גמילה לילה בנות 18 יחיד,קימברלי קלארק ישראל שיווק בעמ,IL,תחתוני גמילה לילה-בנות לגילאי 2-4 שנים,,0.00,0.00,false,1.00,54.90,2.74,true,0,
5029053574158,false,האגיס פול אפס תח.גמילה לילה בנים 18 יחיד,קימברלי קלארק ישראל שיווק בעמ,IL,תחתוני גמילה לילה-בנים לגילאי 2-4 שנים,,0.00,0.00,false,1.00,54.90,3.05,true,0,
5029053575575,false,מגבונים היגיינים לניקוי פנים וידיים קליניקס 24 דפים,קימברלי קלארק ישראל שיווק בעמ,IT,מגבונים היגיינים לניקוי פנים וידיים,,0.00,0.00,false,1.00,9.90,0.41,true,0,
5029053575858,false,קלינקס מגבת ידיים היגיינית,קימברלי קלארק,IT,מגבות נייר הגייניות נשלפות אחת אחת,,0.00,0.00,false,1.00,19.90,19.90,true,0,
5029053578309,false,קופסת ממחטות אולטרה סופט 48 דף קלינקס,קימברלי קלארק ישראל שיווק בעמ,IL,טישו אולטרה סופט קובייה,,0.00,0.00,false,1.00,8.90,0.18,true,0,
5029054220085,false,האגיס - מגבוני האגיס אקסטרה קר לא מבושם 56 יח' * 4,קימברלי קלארק ישראל שיווק בעמ,IL,"מגבונים לחים לתינוק, עדין לעור כמו צמר גפן ומים",,0.00,0.00,false,1.00,34.90,8.72,true,0,
>>>>>>> d048ac2f4f281c9d788043ab4e81b61b0dbe3743
5037156160017,false,גון פרידה פריז איז תרסיס מכיל קרטין,General,FR,פריז איז תרסיס מכיל קרטין עמיד לשלושה ימים לשיער העובר טיפול בחום,,0.00,0.00,false,1.00,39.90,0.39,true,0,
5037156166262,false,גון פרידה פריז איז דיילי מירקל תרסיס מרכ,General,FR,פריז איז דיילי מירקל תרסיס מרכך ללא שטיפה מגן מפני עיצוב בחום,,0.00,100.00,false,1.00,39.90,0.00,true,0,
5037156201994,false,גון פרידה פריז איז אוריגינל סרום לכל סוג,General,FR,פריז איז אוריגינל סרום לכל סוגי השיער,,0.00,100.00,false,1.00,49.90,0.00,true,0,
5037156210330,false,גון פרידה פריז איז מירקלס ריקאברי שמפו,General,FR,פריז איז מירקלס ריקאברי שמפו,,0.00,100.00,false,1.00,34.90,0.00,true,0,
5037156210347,false,גון פרידה פריז איז מירקלס ריקאברי מרכך,General,FR,פריז איז מירקלס ריקאברי מרכך,,0.00,100.00,false,1.00,34.90,0.00,true,0,
5037156220759,false,ג.פרידה פריז איז מירקלס ריקאברי שמפו 50,General,FR,פריז איז מירקלס ריקאברי שמפו,,0.00,100.00,false,1.00,9.90,0.00,true,0,
5037156220766,false,ג.פרידה פריז איז מירקלס ריקאברי מרכך 50,General,FR,פריז איז מירקלס ריקאברי מרכך,,0.00,100.00,false,1.00,9.90,0.00,true,0,
5037156227352,false,גון פרידה שיר בלונד גו בלונדר שמפו מבהיר,General,FR,שיר בלונד גו בלונדר שמפו מבהיר,,0.00,100.00,false,1.00,34.90,0.00,true,0,
5037156227369,false,גון פרידה שיר בלונד גו בלונדר מרכך מבהיר,General,FR,שיר בלונד גו בלונדר מרכך מבהיר,,0.00,100.00,false,1.00,34.90,0.00,true,0,
5037156227376,false,גון פרידה ויולט קראש שמפו סגול לשיער בלו,General,DE,VIOLET CRUSH שמפו סגול לשיער בלונדיני,,0.00,100.00,false,1.00,34.90,0.00,true,0,
5037156227383,false,גון פרידה ויולט קראש מרכך סגול לשיער בלו,General,DE,VIOLET CRUSH מרכך סגול לשיער בלונדיני,,0.00,100.00,false,1.00,34.90,0.00,true,0,
5037156229127,false,גון פרידה ווליום ליפט - מוס מעניק נפח,General,FR,ווליום ליפט - מוס מעניק נפח,,0.00,100.00,false,1.00,34.90,0.00,true,0,
5037156229134,false,גון פרידה ווליום ליפט - ספריי מעניק נפח,General,FR,ווליום ליפט - ספריי מעניק נפח,,0.00,100.00,false,1.00,34.90,0.00,true,0,
5037156251357,false,פריז איז קרלז שמפו לשיער מתולתל-מוקטן 50,General,FR,פריז איז קרלז שמפו לשיער מתולתל,,0.00,100.00,false,1.00,9.90,0.00,true,0,
5037156251364,false,פריז איז קרלז מרכך לשיער מתולתל-מוקטן 50,General,FR,פריז איז קרלז מרכך לשיער מתולתל,,0.00,100.00,false,1.00,9.90,0.00,true,0,
5037156257045,false,גון פרידה מירקל דרופס מסכת אנטי פריז 25,General,DE,מירקל דרופס  מסכת אנטי פריז מועשרת בשמן אבוקדו המסייעת להענקת מראה שיער חלק,,0.00,100.00,false,1.00,9.90,0.00,true,0,
5037156257052,false,גון פרידה מירקל דרופס מסכה מבהירה 25 מל,General,DE,מירקל דרופס  מסכה מבהירה לשיער בלונדיני מועשרת בשמן זרעי ענבים,,0.00,100.00,false,1.00,9.90,0.00,true,0,
5037156257069,false,גון פרידה מירקל דרופס מסכה משקמת 25 מל,General,DE,מירקל דרופס  מסכה משקמת לשיער המועשרת בויטמין E,,0.00,100.00,false,1.00,9.90,0.00,true,0,
5037156257274,false,גון פרידה דיטוקס&ריפייר שמפו עשיר בתה יר,General,DE,דיטוקס אנד ריפייר שמפו עשיר בתה ירוק ושמן אבוקדו,,0.00,100.00,false,1.00,34.90,0.00,true,0,
5037156257281,false,גון פרידה דיטוקס&ריפייר מרכך עשיר בתה יר,General,DE,דיטוקס אנד ריפייר מרכך עשיר בתה ירוק ושמן אבוקדו,,0.00,100.00,false,1.00,34.90,0.00,true,0,
5037156257298,false,גון פרידה דיטוקס&ריפייר תרסיס מגן עשיר ב,General,DE,דיטוקס אנד ריפייר תרסיס מגן עשיר בתה ירוק ושמן אבוקדו,,0.00,100.00,false,1.00,39.90,0.00,true,0,
5037156258363,false,גון פרידה פריז איז שמפו קליל מועשר,General,FR,פריז איז שמפו קליל מועשר במי אלוורה,,0.00,100.00,false,1.00,34.90,0.00,true,0,
5037156258370,false,גון פרידה פריז איז מרכך קליל מועשר,General,FR,פריז איז מרכך קליל מועשר במי אלוורה,,0.00,100.00,false,1.00,34.90,0.00,true,0,
5037156258387,false,גון פרידה פריז איז קרם קליל לעיצוב מועשר,General,FR,פריז איז קרם קליל לעיצוב שיער דק מועשר במי אלוורה,,0.00,0.00,false,1.00,39.90,0.39,true,0,
5037156262315,false,גון פרידה ויולט קראש - שמפו אינטנסיבי סג,General,DE,ויולט קראש - שמפו אינטנסיבי סגול לשיער בלונדיני,,0.00,100.00,false,1.00,34.90,0.00,true,0,
5037156263633,false,גון פרידה שמפו היידרייט אנד ריצארג,General,DE,שמפו HYDRATE & RECHARGE,,0.00,100.00,false,1.00,34.90,0.00,true,0,
5037156263640,false,גון פרידה מרכך היידרייט אנד ריצארג,General,DE,מרכך HYDRATE & RECHARGE,,0.00,100.00,false,1.00,34.90,0.00,true,0,
5037156271522,false,גון פרידה ברזילאן סליק שמפו פריז איז לשי,General,DE,ברזילאן סליק שמפו פריז איז לשיער חלק,,0.00,100.00,false,1.00,34.90,0.00,true,0,
5037156271539,false,גון פרידה ברזילאן סליק מרכך פריז איז לשי,General,DE,ברזילאן סליק מרכך פריז איז לשיער חלק,,0.00,100.00,false,1.00,34.90,0.00,true,0,
5037156278118,false,גון פרידה שיר בלונד גו בלונדר תרסיס מבהי,General,FR,שיר בלונד גו בלונדר תרסיס מבהיר,,0.00,0.00,false,1.00,39.90,0.39,true,0,
5037200082630,false,סאנדיי ריין - קוביות סקראב בניחוח אבטיח,General,CN,קוביות סקראב בניחוח אבטיח לשימוש במקלחת,,0.00,100.00,false,1.00,34.90,0.00,true,0,
5037200082784,false,סאנדיי ריין - קצף אמבט בניחוח אבטיח,General,CN,קצף אמבט בניחוח אבטיח,,0.00,100.00,false,1.00,24.90,0.00,true,0,
5037200086539,false,סאנדיי ריין - קצף אמבט בניחוח אסאי,General,CN,קצף אמבט בניחוח אסאי,,0.00,100.00,false,1.00,24.90,0.00,true,0,
5037200098020,false,סאנדיי ריין - מלחי אמבט טבעוניים אבטיח ו,General,CN,מלחי אמבט טבעוניים מועשרים בתמציות אבטיח ומנטה,,0.00,100.00,false,1.00,34.90,0.00,true,0,
5037200098082,false,סאנדיי ריין - באלם מזין לעור יבש בניחוח,General,CN,באלם מזין לעור יבש בניחוח מנגו וקוקוס,,0.00,100.00,false,1.00,24.90,0.00,true,0,
5037200098099,false,סאנדיי ריין - חמאת גוף מזינה בניחוח מנגו,General,CN,חמאת גוף מזינה בניחוח מנגו וקוקוס,,0.00,100.00,false,1.00,29.90,0.00,true,0,
5037200098129,false,סאנדיי ריין - סקראב גוף בניחוח מנגו,General,CN,סקראב גוף טבעוני בניחוח מנגו וקוקוס,,0.00,100.00,false,1.00,34.90,0.00,true,0,
5037200106343,false,סאנדיי ריין - קצף אמבט בניחוח מנגו וקוקו,General,CN,קצף אמבט בניחוח מנגו וקוקוס,,0.00,100.00,false,1.00,24.90,0.00,true,0,
5037200106596,false,סאנדיי ריין - תחליב אמבט טבעוני בניחוח ל,General,CN,תחליב אמבט טבעוני בניחוח לוונדר וארז,,0.00,100.00,false,1.00,24.90,0.00,true,0,
5037200106602,false,סאנדיי ריין - מלחי אמבט טבעוניים לוונדר,General,CN,סליפ איזי מלחי אמבט טבעוניים בניחוח לוונדר וארז.,,0.00,100.00,false,1.00,34.90,0.00,true,0,
5037200106619,false,סאנדי ריין- ספריי לבית בריח לבנדר,General,CN,סאנדי ריין- ספריי לבית בריח לבנדר,,0.00,100.00,false,1.00,34.90,0.00,true,0,
5037200106626,false,סאנדיי ריין - סליפ איזי באלם סטיק בניחוח,General,CN,סליפ איזי באלם סטיק בניחוח לוונדר וארז,,0.00,1.00,false,1.00,29.90,29.90,true,0,
5053322010023,false,באבל טי פצצת אמבט - תה אסאי עם היביסקוס,General,CN,פצצת אמבט צבעונית בניחוח תה אסאי עם היביסקוס,,0.00,100.00,false,1.00,12.90,0.00,true,0,
5053322010030,false,באבל טי פצצת אמבט - תה ירוק עם למונגראס,General,CN,פצצת אמבט צבעונית בניחוח תה ירוק עם למונגראס,,0.00,100.00,false,1.00,12.90,0.00,true,0,
5053322010047,false,באבל טי פצצת אמבט - תה מרוקאי עם גוגי בר,General,CN,פצצת אמבט צבעונית בניחוח תה מרוקאי עם ג'וגי ברי,,0.00,0.00,false,1.00,12.90,0.00,true,0,
5060062992526,false,לנסינו רפידות הנקה 24 יח,מדי-קיור,,לנסינו רפידות הנקה 24 יח,,0.00,0.00,false,1.00,29.90,1.24,true,0,
5060062992557,false,לנסינו - רפידות הנקה 66 יח',מדי-קיור,,לנסינו רפידות הנקה,,0.00,0.00,false,1.00,54.90,0.83,true,0,
5060062992618,false,לנסינו 50 שקיות סטריליות לאחסון חלב אם,מדי-קיור,,לנסינו 50 שקיות סטריליות לאחסון חלב אם,,0.00,0.00,false,1.00,82.90,1.65,true,0,
<<<<<<< HEAD
5060139430364,false,BEAR יו יו חטיף פירות בטעם תות חמישייה,דיפלומט,GB,חטיף 100% פרי שילדים אוהבים בטעם תות,,0.00,0.00,false,1.00,19.90,3.98,true,0,
=======
5060139430364,false,BEAR יו יו חטיף פירות בטעם תות חמישייה,דיפלומט מפיצים (1968) בעמ**,GB,חטיף 100% פרי שילדים אוהבים בטעם תות,,0.00,0.00,false,1.00,19.90,3.98,true,0,
>>>>>>> d048ac2f4f281c9d788043ab4e81b61b0dbe3743
5060139430647,false,BEAR יו יו חטיף פירות בטעם פטל חמישייה,דיפלומט,GB,חטיף 100% פרי שילדים אוהבים בטעם פטל,,0.00,0.00,false,1.00,19.90,3.98,true,0,
5060152820005,false,גל רחצה למקלחת ולאמבט בניחוח נשיקה של פט,כמיפל,GB,ג'ל רחצה למקלחת ולאמבט בניחוח נשיקה של פטל עם תמצית פטל,,0.00,100.00,false,1.00,19.90,0.00,true,0,
5060152820029,false,גל רחצה למקלחת ולאמבט בניחוח בוקר של גינ,כמיפל,GB,ג'ל רחצה למקלחת ולאמבט בניחוח בוקר של ג'ינג'ר עם תמצית ג'ינג'ר,,0.00,100.00,false,1.00,19.90,0.00,true,0,
5060152820623,false,גל רחצה למקלחת ולאמבט בניחוח אי הקוקוס ש,כמיפל,GB,ג'ל רחצה למקלחת ולאמבט בניחוח אי הקוקוס שלי עם תמצית קוקוס,,0.00,100.00,false,1.00,19.90,0.00,true,0,
5060152820647,false,סבון פילינג לגוף קיץ אי הקוקוס שלי עם קל,כמיפל,GB,סבון פילינג לגוף קיץ אי הקוקוס שלי עם קליפת קוקוס טבעית לפילינג עדין,,0.00,100.00,false,1.00,24.90,0.00,true,0,
5060152822931,false,גל רחצה למקלחת ולאמבט בניחוח מנגו בליבה,כמיפל,GB,ג'ל רחצה למקלחת ולאמבט בניחוח מנגו בליבה עם תמצית מנגו,,0.00,100.00,false,1.00,19.90,0.00,true,0,
5060152824157,false,ג'ל רחצה למקלחת ולאמבט לבבות מרשמלו עם ת,כמיפל,GB,ג'ל רחצה למקלחת ולאמבט לבבות מרשמלו עם תמצית מרשמלו,,0.00,100.00,false,1.00,19.90,0.00,true,0,
5060152825611,false,גל רחצה למקלחת ולאמבט בניחוח אהבה ענוגה,כמיפל,GB,ג'ל רחצה למקלחת ולאמבט בניחוח אהבה ענוגה עם תמצית כותנה,,0.00,100.00,false,1.00,8.00,0.00,true,0,
5060152826199,false,חמאת גוף עשירה בניחוח אי הקוקוס שלי,כמיפל,GB,חמאת גוף עשירה בניחוח אי הקוקוס שלי,,0.00,100.00,false,1.00,49.90,0.00,true,0,
5060152826304,false,גל רחצה למקלחת ולאמבט בניחוח אהבה ברזילי,כמיפל,GB,ג'ל רחצה למקלחת ולאמבט בניחוח אהבה ברזילאית עם תמצית גוארנה,,0.00,100.00,false,1.00,19.90,0.00,true,0,
5060152826649,false,סבון ידיים בתוספת לחות אדמונית ותפוח,כמיפל,GB,סבון ידיים בתוספת לחות בניחוח אדמונית ותפוח בר,,0.00,100.00,false,1.00,19.90,0.00,true,0,
5060152826663,false,סבון ידיים בתוספת לחות רימונים וחבצלת,כמיפל,GB,סבון ידיים בתוספת לחות בניחוח רימונים וחבצלת מים,,0.00,100.00,false,1.00,19.90,0.00,true,0,
5060152826687,false,סבון ידיים בתוספת לחות ליים ומנדרינה,כמיפל,GB,סבון ידיים בתוספת לחות בניחוח פריחת ליים ומנדרינה,,0.00,100.00,false,1.00,19.90,0.00,true,0,
5060152827011,false,חמאת גוף עשירה בניחוח מנגו בליבה,כמיפל,GB,חמאת גוף עשירה בניחוחמנגו בליבה,,0.00,100.00,false,1.00,49.90,0.00,true,0,
5060152827035,false,חמאת גוף עשירה בניחוח נשיקה של פטל,כמיפל,GB,חמאת גוף עשירה בניחוח נשיקה של פטל,,0.00,100.00,false,1.00,49.90,0.00,true,0,
5060152827097,false,קרם גוף אהבה ברזילאית 250 מל,כמיפל,GB,קרם גוף אהבה ברזילאית,,0.00,100.00,false,1.00,34.90,0.00,true,0,
5060204520884,false,מורז כינקייר ספריי טיפולי 15 דקות,מורז,IT,ספריי כינקייר טיפולי 15 דקות,,0.00,0.00,false,1.00,89.90,0.89,true,0,
5060365798047,false,מאד ביוטי יסמין מסכת תה ירוק,General,CN,מסכת תה ירוק להענקת מראה רענן ומלא חיות,,0.00,0.00,false,1.00,14.90,0.00,true,0,
5060365798054,false,מאד ביוטי אורורה מסכת לוונדר,General,CN,אורורה מסכת לוונדר מרגיעה,,0.00,0.00,false,1.00,14.90,0.00,true,0,
5060365798061,false,מאד ביוטי אריאל מסכת מלפפון,General,CN,אריאל - מסכת מלפפון,,0.00,0.00,false,1.00,14.90,0.00,true,0,
5060365798078,false,מאד ביוטי בל מסכת מי ורדים,General,CN,בל מסכת מי ורדים,,0.00,0.00,false,1.00,14.90,0.00,true,0,
5060365798887,false,מאד ביוטי מארז מסכות מרושעות,General,CN,מארז מסכות מרושעות,,0.00,0.00,false,1.00,34.90,0.00,true,0,
5060365798894,false,מאד ביוטי מארז מסכות דיסני אגדה קסומה,General,CN,מארז מסכות אגדה קסומה,,0.00,0.00,false,1.00,44.90,0.00,true,0,
5060365798900,false,מאד ביוטי אורסולה מסכת מלפפון,General,CN,אורסולה - מסכת מלפפון,,0.00,0.00,false,1.00,14.90,0.00,true,0,
5060365798917,false,מאד ביוטי קרואלה דה ויל מסכת קוקוס,General,CN,קרואלה דה ויל - מסכת קוקוס,,0.00,0.00,false,1.00,14.90,0.00,true,0,
5060365798924,false,מאד ביוטי מליפיסנט מסכת תה ירוק,General,CN,מליפיסנט - מסכת תה ירוק,,0.00,0.00,false,1.00,14.90,0.00,true,0,
5060372800214,false,פאו פאו ספרי לשיער 7 פעולות - It Does I,רייס,GB,ספרי לשיער 7 פעולות - It Does It All,,0.00,100.00,false,1.00,59.90,0.00,true,0,
5060372800269,false,פאו פאו באלם אורגינל - 10 מל,רייס,GB,באלם אורגינל,,0.00,0.00,false,1.00,24.90,0.00,true,0,
5060372800566,false,פאו פאו באלם אדום - 10 מל,רייס,GB,באלם אדום,,0.00,0.00,false,1.00,24.90,0.00,true,0,
5060372800887,false,פאו פאו באלם +שימר- 10 מל,רייס,GB,באלם + שימר,,0.00,0.00,false,1.00,24.90,0.00,true,0,
5060372801778,false,פאו פאו פילינג + אוריגינל באלם,רייס,GB,פילינג + אוריגינל באלם,,0.00,100.00,false,1.00,49.90,0.01,true,0,
5060372803277,false,פאו פאו מסכת הזנה וריכוך לשפתיים,רייס,GB,מסכת הזנה וריכוך לשפתיים,,0.00,100.00,false,1.00,49.90,0.01,true,0,
5060372803284,false,פאו פאו מארז מיני באלם,רייס,GB,מארז מיני בלאם,,0.00,0.00,false,1.00,59.90,0.00,true,0,
5060372805110,false,פאו פאו קרם ידיים ללא בישום 50 מל,רייס,GB,קרם ידיים ללא בישום,,0.00,100.00,false,1.00,29.90,0.00,true,0,
5060372805127,false,פאו פאו קרם ידיים לחידוש העור תפוז&מנגו,רייס,GB,קרם ידיים לחידוש העור תפוז & מנגו,,0.00,100.00,false,1.00,29.90,0.00,true,0,
5060372805134,false,פאו פאו קרם ידיים לחידוש העור קקאו&קוקס,רייס,GB,קרם ידיים לחידוש העור קקאו & קוקוס,,0.00,100.00,false,1.00,29.90,0.00,true,0,
5060422297063,false,דה אינקי ליסט סרום רטינול,General,GB,סרום רטינול,,0.00,100.00,false,1.00,50.00,0.01,true,0,
5060422297230,false,דה אינקי ליסט ניקוי דו פאזי שמן ומים,General,GB,ניקוי דו פאזי שמן ומים,,0.00,100.00,false,1.00,55.00,0.00,true,0,
5060563210006,false,סקין טריטס מסכת אוכמניות מטהרת,General,KR,מסכת אוכמניות מטהרת,,0.00,100.00,false,1.00,12.90,0.00,true,0,
5060563210013,false,סקין טריטס מסכת אבוקדו מזינה,General,KR,מסכת אבוקדו מזינה,,0.00,100.00,false,1.00,12.90,0.00,true,0,
5060563210020,false,סקין טריטס מסכת רימון מחייה,General,CR,מסכת רימון מחיה,,0.00,0.00,false,1.00,12.90,0.00,true,0,
5060563211034,false,סקין טריטס מסכת תאנים מרגיעה,General,KR,מסכת תאנים מרגיעה,,0.00,0.00,false,1.00,12.90,0.00,true,0,
5060563211058,false,סקין טריטס מסכת מאצה מטהרת,General,KR,מסכת מאצ'ה מטהרת,,0.00,100.00,false,1.00,12.90,0.00,true,0,
5060563211430,false,סקין טריטס מסיכת קיווי מרעננת,General,KR,מסיכת קיווי מרעננת,,0.00,100.00,false,1.00,12.90,0.00,true,0,
5060563212024,false,סקין טריטס מסכת ספירולינה מחדשת,General,KR,מסכת ספירולינה מחדשת,,0.00,100.00,false,1.00,12.90,0.00,true,0,
5060563212055,false,סקין טריטס מסכת אצות אדומות לניקוי עמוק,General,KR,מסכת אצות אדומות לניקוי עמוק,,0.00,100.00,false,1.00,12.90,0.00,true,0,
5060563212086,false,סקין טריטס מסכת קוקוס מזינה ומעניקה לחות,General,KR,מסכת קוקוס מזינה ומעניקה לחות,,0.00,100.00,false,1.00,12.90,0.00,true,0,
5060563213038,false,סקין טריטס מסכת אבטיח מרעננת ומעניקה אנר,General,KR,מסכת אבטיח מרעננת ומעניקה אנרגיה,,0.00,100.00,false,1.00,12.90,0.00,true,0,
5060591030287,false,באבל טי פצצת אמבט - ריינבו,General,CN,פצצת אמבט - ריינבו,,0.00,100.00,false,1.00,14.90,0.00,true,0,
5060591030447,false,באבל טי פצצת אמבט - שם מעבר לקשת,General,CN,פצצת אמבט - שם מעבר לקשת,,0.00,100.00,false,1.00,14.90,0.00,true,0,
5060599183886,false,מאד ביוטי קולקציית חברים קיט מסכות פנים,General,CN,OH MY GOD קולקציית חברים- קיט מסכות פנים,,0.00,0.00,false,1.00,29.90,0.00,true,0,
5060639128051,false,"משקה אנרגיה מונסטר אולטרה בפחית 500 מ""ל",החברה המרכזית להפצת משקאות בעמ,RS,משקה אנרגיה מוגז ULTRA,,0.00,100.00,false,1.00,8.90,0.00,true,0,
5060751218173,false,"משקה אנרגיה מונסטר אנרג'י piplin punch בפחית 500 מ""ל",החברה המרכזית להפצת משקאות בעמ,RS,משקה אנרגיה מוגז PUNCH,,0.00,100.00,false,1.00,8.90,0.00,true,0,
5200133120582,false,גולדן ברייק גליליות וופל במילוי קרם עם שוקולד מריר 150 גרם,דיפלומט מפיצים (1968) בע`מ,GR,גליליות וופלים ממולאות קרם עם שוקולד מריר,,0.00,100.00,false,1.00,7.90,0.00,true,0,
5201100872596,false,לוריאל - אקסלנס קרם 9 בלונד בהיר מאוד,לוריאל Loreal,,צבע שיער קבוע לטיפוח עשיר בגוון 9 בלונד בהיר מאוד,,0.00,0.00,false,1.00,42.90,0.00,true,0,
5201100872602,false,לוריאל - לוריאל אקסלנס קרם 9.1 עברית/יוונית,לוריאל פריז,BE,קרם צבע שיער 9.1 בלונד בהיר מאוד,,0.00,0.00,false,1.00,42.90,0.00,true,0,
5201100872640,false,לוריאל - אקסלנס קרם 03בלונד אולטרה בהיר אפור,לוריאל ישראל קוסמטיקס בעמ,BE,PURE BLOND צבע שיער 03 בלונד אולטרה בהיר,,0.00,0.00,false,1.00,42.90,0.00,true,0,
5201143734141,false,סאיוס אולאו אינטנס 4-60 חום זהוב,הנקל סוד,DE,אינטנס חום זהוב 4-60,,0.00,0.00,false,1.00,44.90,0.00,true,0,
5201143739412,false,דיאדרמין בטולוגי קרם עיניים 15 מל,הנקל סוד,SI,BOTOLOGY קרם עיניים,,0.00,100.00,false,1.00,59.90,0.03,true,0,
5201178026686,false,ניוואה תרסיס שמן שיזוף 200 מל SPF6,ביירסדורץ,DE,סאן תרסיס שמן 6 SPF,,0.00,100.00,false,1.00,59.90,0.00,true,0,
5201178032465,false,"ניוואה - סאן קונטרול שיין 50 מ""ל SPF30",ביירסדורץ,DE,SUN קרם הגנה לפנים SPF30 קונטרול שיין,,0.00,100.00,false,1.00,54.90,0.01,true,0,
<<<<<<< HEAD
5201178801047,false,"ניוואה קרם רב שימושי 150מ""ל",ביירסדורץ,,קרם רב שימושי,"מ""ל",150.00,100.00,false,1.00,24.90,0.00,true,0,
=======
5201178801047,false,"קרם רב שימושי ניוואה 150 מ""ל",אלפא- ב.ד.ף בעמ,,קרם רב שימושי,"מ""ל",150.00,100.00,false,1.00,24.90,0.00,true,0,
>>>>>>> d048ac2f4f281c9d788043ab4e81b61b0dbe3743
5201178801054,false,"קרם רב שימושי ניוואה 250 מ""ל",טרופיקל דגיל תעשיות,,קרם רב שימושי,"מ""ל",250.00,100.00,false,1.00,34.90,0.00,true,0,
5201347400545,false,רצועות שעווה מוכנות לשימוש לפנים ולאזורים רגישים,רקיט בנקיזר (ניר איסט) בעמ,,רצועות שעווה מוכנות לשימוש להסרת שיער פנים,,0.00,0.00,false,1.00,39.90,1.99,true,0,
5201583750411,false,זירו-סוכריות ללא סוכר בטעם לימון עם סטיב,איתן,GR,זירו-סוכריות ללא סוכר בטעם לימון עם סטיביה,,0.00,100.00,false,1.00,7.90,0.00,true,0,
5201583751111,false,זירו סוכריות ללא סוכר טעם אספרסו קרמי,איתן,GR,זירו-סוכריות ללא סוכר בטעם אספרסו,,0.00,100.00,false,1.00,7.90,0.00,true,0,
5201583751418,false,סוכריות זירו אייס בלו סטיביה ללא סוכר 32 ג',איתן,GR,זירו-סוכריות ללא סוכר בטעם אייס עם סטיביה,,0.00,100.00,false,1.00,7.90,0.00,true,0,
5201583752118,false,סוכריות ללא סוכר בטעם חמאה במילוי שוקולד,איתן,GR,זירו-סוכריות ללא תוספת סוכר בטעם חמאה במילוי שוקולד,,0.00,100.00,false,1.00,7.90,0.00,true,0,
5201583752217,false,סוכריות ללא סוכר בטעם מנטה במילוי שוקולד,איתן,GR,זירו-סוכריות ללא סוכר בטעם מנטה במילוי שוקולד,,0.00,100.00,false,1.00,7.90,0.00,true,0,
5201583752415,false,סוכריות ללא סוכר בטעם תפוז במילוי שוקולד,איתן,GR,זירו-סוכריות ללא סוכר בטעם תפוז במילוי שוקולד,,0.00,100.00,false,1.00,7.90,0.00,true,0,
5202300014519,false,ספריי לשיער צבוע וולה פלקס Wella flex,פרוקטר & גמבל,,פלקס ספריי לשיער צבוע 3,,0.00,100.00,false,1.00,39.90,0.00,true,0,
5202300042932,false,צבע לשיער קולסטון - 6/45 אדום רימונים,פרוקטר אנד גמבל,,קרם צבע שיער אדום רימונים 6/45,,0.00,100.00,false,1.00,26.90,0.00,true,0,
5202300042956,false,צבע לשיער צבע לשיער קולסטון 5/5 מהגוני,פרוקטר אנד גמבל,,קרם צבע שיער מהגוני 5/5,,0.00,100.00,false,1.00,26.90,0.00,true,0,
5202300042970,false,צבע לשיער קולסטון - 4/6 חציל אינטנסיבי,פרוקטר אנד גמבל,,קרם צבע שיער חציל אינטנסיבי 4/6,,0.00,100.00,false,1.00,26.90,0.00,true,0,
5202300043007,false,צבע לשיער קולסטון - 7/7 חום שטני,פרוקטר אנד גמבל,,קרם צבע שיער חום שטני 7/7,,0.00,100.00,false,1.00,26.90,0.00,true,0,
5202300043014,false,צבע לשיער קולסטון - 6/7 חום שוקולד,פרוקטר אנד גמבל,,קרם צבע שיער חום שוקולד 6/7,,0.00,100.00,false,1.00,26.90,0.00,true,0,
5202300043038,false,צבע לשיער קולסטון- 8/73 בלונד דבש טבעי,פרוקטר אנד גמבל,,קרם צבע שיער בלונד דבש טבעי 8/73,,0.00,100.00,false,1.00,26.90,0.00,true,0,
5202300043045,false,צבע לשיער קולסטון - 6/73 טבק כהה,HFC פרסטיג',,קרם צבע שיער טבק כהה 6/73,,0.00,100.00,false,1.00,26.90,0.00,true,0,
5202300043052,false,צבע לשיער קולסטון - 7/75 אגוז בהיר,פרוקטר אנד גמבל,,קרם צבע שיער אגוז בהיר 7/75,,0.00,100.00,false,1.00,26.90,0.00,true,0,
5202300043069,false,צבע לשיער קולסטון - 2/8 שחור כחול,דיפלומט מפיצים (1986) בע`מ,,קרם צבע שיער שחור כחול 2/8,,0.00,100.00,false,1.00,26.90,0.00,true,0,
5202300043144,false,צבע לשיער קולסטון - 9/0 בלונד בהיר מאוד,פרוקטר אנד גמבל,,קרם צבע שיער בלונד בהיר מאוד 9/0,,0.00,100.00,false,1.00,26.90,0.00,true,0,
5202300043151,false,צבע לשיער קולסטון - 8/0 בלונד בהיר,פרוקטר אנד גמבל,,קרם צבע שיער בלונד בהיר 8/0,,0.00,100.00,false,1.00,26.90,0.00,true,0,
5202300043168,false,צבע לשיער קולסטון - 7/0 בלונד בינוני,פרוקטר אנד גמבל,,קרם צבע שיער בלונד בינוני 7/0,,0.00,100.00,false,1.00,26.90,0.00,true,0,
5202300043175,false,צבע לשיער קולסטון - 6/0 בלונד כהה,פרוקטר אנד גמבל,,קרם צבע שיער בלונד כהה 6/0,,0.00,100.00,false,1.00,26.90,0.00,true,0,
5202300043182,false,צבע לשיער קולסטון - 5/0 חום בהיר,פרוקטר אנד גמבל,,קרם צבע לשיער חום בהיר 5/0,,0.00,100.00,false,1.00,26.90,0.00,true,0,
5202300043199,false,צבע לשיער קולסטון - 4/0 חום בינוני,פרוקטר אנד גמבל,,קרם צבע שיער חום בינוני 4/0,,0.00,100.00,false,1.00,26.90,0.00,true,0,
5202300043205,false,צבע לשיער קולסטון - 3/0 חום כהה,דיפלומט מפיצים (1986) בע`מ,,קרם צבע שיער חום כהה 3/0,,0.00,100.00,false,1.00,26.90,0.00,true,0,
5202300043212,false,צבע לשיער קולסטון - 2/0 שחור,פרוקטר אנד גמבל,,קרם צבע שיער שחור 2/0,,0.00,100.00,false,1.00,26.90,0.00,true,0,
5202300043250,false,צבע לשיער קולסטון - 11/1 בלונד אפר בהיר במיוחד,פרוקטר אנד גמבל,,קרם צבע שיער בלונד אפור בהיר במיוחד 11/1,,0.00,100.00,false,1.00,26.90,0.00,true,0,
5202300043267,false,צבע לשיער קולסטון - 9/1 בלונד אפרפר בהיר מאוד,פרוקטר אנד גמבל,,קרם צבע שיער בלונד אפרפר בהיר מאוד 9/1,,0.00,100.00,false,1.00,26.90,0.00,true,0,
5202300043274,false,צבע לשיער קולסטון- 8/1 בלונד אפרפר בהיר,פרוקטר אנד גמבל,,קרם צבע שיער בלונד אפרפר בהיר 8/1,,0.00,100.00,false,1.00,26.90,0.00,true,0,
5202300043281,false,צבע לשיער קולסטון - 7/1 בלונד אפרפר בינוני,פרוקטר אנד גמבל,,קרם צבע שיער בלונד אפרפר בינוני 7/1,,0.00,100.00,false,1.00,26.90,0.00,true,0,
5202300043298,false,צבע לשיער קולסטון- 6/1 בלונד אפרפר כהה,פרוקטר אנד גמבל,,קרם צבע שיער בלונד אפרפר כהה 6/1,,0.00,100.00,false,1.00,26.90,0.00,true,0,
5202300043335,false,צבע לשיער קולסטון - 9/3 בלונד זהוב,פרוקטר אנד גמבל,,קרם צבע שיער בלונד זהוב 9/3,,0.00,100.00,false,1.00,26.90,0.00,true,0,
5202300043380,false,צבע לשיער קולסטון - 7/4 בלונד ג'ינג'י,פרוקטר אנד גמבל,,קרם צבע שיער בלונד ג'ינג'י 7/4,,0.00,100.00,false,1.00,26.90,0.00,true,0,
5202300043397,false,צבע לשיער קולסטון - 6/4 בלונד נחושת כהה,פרוקטר אנד גמבל,,קרם צבע לשיער בלונד נחושת כהה 6/4,,0.00,100.00,false,1.00,26.90,0.00,true,0,
5202300043403,false,צבע לשיער קולסטון - 5/4 חום ערמוני,פרוקטר אנד גמבל,,קרם צבע שיער חום ערמוני 5/4,,0.00,100.00,false,1.00,26.90,0.00,true,0,
5202300043427,false,קולסטון 2000 10/1 בלונד פלטינה,General,,קרם צבע שיער 10/1 בלונד פלטינה,,0.00,100.00,false,1.00,26.90,0.00,true,0,
5202300043434,false,צבע לשיער קולסטון - 7/73 בלונד אביב,פרוקטר אנד גמבל,,קרם צבע שיער בלונד אביב 7/73,,0.00,100.00,false,1.00,26.90,0.00,true,0,
5202300043489,false,קולסטון 2000 8/03 בלונד בהיר,General,,קרם צבע שיער 8/03 בלונד בהיר,,0.00,100.00,false,1.00,26.90,0.00,true,0,
5202300043526,false,צבע לשיער קולסטון - 4/75 חום משי,פרוקטר אנד גמבל,,קרם צבע שיער חום משי 4/75,,0.00,100.00,false,1.00,26.90,0.00,true,0,
5202300043588,false,קולסטון 2000 7/41 בלונד גינגי בינוני,General,,קרם צבע שיער 7/41 בלונד ג'ינג'י בינוני,,0.00,100.00,false,1.00,26.90,0.00,true,0,
5202300043601,false,צבע לשיער קולסטון - 7/45 אדום לוהט,פרוקטר אנד גמבל,,קרם צבע שיער אדום לוהט 7/45,,0.00,100.00,false,1.00,26.90,0.00,true,0,
5202300043670,false,צבע לשיער קולסטון - 5/7 חום קפה,פרוקטר אנד גמבל,,קרם צבע שיער חום קפה 5/7,,0.00,100.00,false,1.00,26.90,0.00,true,0,
5202300043724,false,צבע לשיער קולסטון - 6/75 חום אגוז בינוני,פרוקטר אנד גמבל,,קרם צבע שיער חום אגוז בינוני 6/75,,0.00,100.00,false,1.00,26.90,0.00,true,0,
5202300043809,false,קולסטון 2000 12/0 בלונד אקסטרה בהיר,General,,קרם צבע שיער 12/0 בלונד אקסטרה בהיר,,0.00,100.00,false,1.00,26.90,0.00,true,0,
5202300043816,false,קולסטון 2000 12/1 בלונד אפור אקסטרה בהיר,General,,קרם צבע שיער 12/1 בלונד אפור אקסטרה בהיר,,0.00,100.00,false,1.00,26.90,0.00,true,0,
5202300045834,false,צבע לשיער קולסטון - 10/0 בלונד פסטל,דיפלומט מפיצים (1986) בע`מ,,קרם צבע שיער בלונד פסטל 10/0,,0.00,100.00,false,1.00,26.90,0.00,true,0,
5391523057912,false,סימילאק גולד שלב 1 400 גרם,General,IE,סימילאק גולד עם HMO שלב 1,,0.00,100.00,false,1.00,44.90,0.00,true,0,
5391523057929,false,סימילאק גולד שלב 1 תרכובת מזון על בסיס חלב,אבוט מעבדות רפואיות,IE,סימילאק גולד עם HMO שלב 1,,0.00,100.00,false,1.00,69.90,0.00,true,0,
5391523057936,false,סימילאק גולד שלב 2 תרכובת מזון על בסיס חלב,אבוט מעבדות רפואיות,IE,סימילאק גולד עם HMO שלב 2,,0.00,100.00,false,1.00,69.90,0.00,true,0,
5391523057943,false,סימילאק גולד שלב 3 תרכובת מזון על בסיס חלב,אבוט מעבדות רפואיות,IE,סימילאק גולד עם HMOשלב 3,,0.00,100.00,false,1.00,69.90,0.00,true,0,
5391523058063,false,סימילאק אדבנס פלוס 1 תרכובת מזון על בסיס חלב,טרופיקל דגיל תעשיות,IE,סימילאק אדבנס פלוס שלב 1,,0.00,100.00,false,1.00,64.90,0.00,true,0,
5391523058070,false,סימילאק אדבנס פלוס 3 תרכובת מזון על בסיס חלב,טרופיקל דגיל תעשיות,IE,סימילאק אדבנס פלוס שלב 3,,0.00,100.00,false,1.00,64.90,0.00,true,0,
5391523058087,false,סימילאק אדבנס פלוס 2 תרכובת מזון על בסיס חלב,טרופיקל דגיל תעשיות,IE,סימילאק אדבנס פלוס שלב 2,,0.00,100.00,false,1.00,64.90,0.00,true,0,
5410076390779,false,אוזי RECONSTRACTOR 3MM מסכת הפלא 250 מל,דיפלומט,,מרכך הקסם ב- 3 דקות לשיקום השיער,,0.00,100.00,false,1.00,31.90,0.00,true,0,
5410076390830,false,אוזי MIRACLE שמפו 300 מל,דיפלומט,,שמפו HYDRATE,,0.00,100.00,false,1.00,20.90,0.00,true,0,
5410076764754,false,אוזי SHINE שמפו 300 מל,דיפלומט,US,שמפו SHINE,,0.00,100.00,false,1.00,20.90,0.00,true,0,
5410076764815,false,אוזי SHINE מסכת הפלא 250 מל,דיפלומט,US,מרכך הקסם SHINE,,0.00,100.00,false,1.00,31.90,0.00,true,0,
5410076776382,false,אוליי רגנריסט אנטי אייגינג קרם יום ללא,דיפלומט,PL,REGENERIST אנטי אייג'ינג קרם יום ללא בישום,,0.00,100.00,false,1.00,139.90,0.02,true,0,
5410091648176,false,"פה - דאודורנט רול און לאישה פינק פרדייס 50 מ""ל",שוורצקופף והנקל,,דאודורנט רול און פינק,,0.00,100.00,false,1.00,14.90,0.00,true,0,
5410091677992,false,"סאיוס - ספריי לשיער לייצוב מקסימלי 400 מ""ל",שוורצקופף והנקל,,ספריי לשיער לייצוב מקסימלי,,0.00,100.00,false,1.00,47.90,0.00,true,0,
5410091691127,false,דיאדרמין ליפט+ קרם לחות עם הגנה SPF30,הנקל סוד,FR,LIFT+ קרם לחות יום עם הגנה SPF30,,0.00,100.00,false,1.00,59.90,0.01,true,0,
5410091708955,false,"סאיוס ספריי קרטין סטיילינג 400מ""ל",שוורצקופף והנקל,,ספריי קרטין לשיער,,0.00,100.00,false,1.00,47.90,0.00,true,0,
5410103161518,false,קרם יום עם פעולה משולשת לעור רגיל ומעורב,לוריאל ישראל קוסמטיקס בעמ,,TRIPLE ACTIVE קרם לחות לפנים לעור רגיל ומעורב,,0.00,100.00,false,1.00,49.90,0.00,true,0,
5410103161617,false,קרם יום עם פעולה משולשת Triple active לעור יבש ועדין,לוריאל ישראל קוסמטיקס בעמ,,TRIPLE ACTIVE קרם יום עם הפעולה המשולשת לעור יבש,,0.00,100.00,false,1.00,49.90,0.00,true,0,
5410126106183,false,עוגיות לוטוס 50 יחידות ארוזות בנפרד 312 גרם,דיפלומט מפיצים (1968) בעמ**,,ביסקוויט קרמל,גרם,312.00,100.00,false,1.00,25.90,0.00,true,0,
5425012533257,false,רמסקר קרם עיניים - יום+לילה 8ML*2,כמיפל שיווק,BE,קרם עיניים - יום+לילה,,0.00,0.00,false,1.00,329.90,0.00,true,0,
5425012533264,false,רמסקר קרם לטיפול קמטים 8ML,כמיפל שיווק,BE,קרם לטיפול קמטים,,0.00,100.00,false,1.00,249.90,0.31,true,0,
5425012533523,false,רמסקר קרם יום להפחתת עיגולים שחורים ונפי,כמיפל שיווק,BE,קרם יום להפחתת עיגולים שחורים ונפיחות בעיניים,,0.00,100.00,false,1.00,249.90,0.31,true,0,
5425012533530,false,רמסקר קרם לילה לעיניים 20ML,כמיפל שיווק,BE,קרם לילה לעיניים,,0.00,100.00,false,1.00,249.90,0.12,true,0,
5425012533721,false,"רמסקר וי שייפ אמפולות 5מ""ל*2",כמיפל שיווק,BE,וי שייפ אמפולות,,0.00,0.00,false,1.00,249.90,0.00,true,0,
5425012533769,false,רמסקר קומפלקס ויטמין סי 30ML,כמיפל שיווק,BE,קומפלקס ויטמין סי,,0.00,100.00,false,1.00,159.90,0.05,true,0,
5425012533776,false,רמסקר סרום רטינול 30ML,כמיפל שיווק,BE,סרום רטינול,,0.00,100.00,false,1.00,159.90,0.05,true,0,
5425012533981,false,רמסקר קרם למילוי נקבוביות 8ML,כמיפל שיווק,BE,קרם למילוי נקבוביות,,0.00,100.00,false,1.00,249.90,0.31,true,0,
5601036205534,false,צבע לשיער אקסלנס קרם - 1 שחור,לוריאל Loreal,,צבע שיער קבוע לטיפוח עשיר בגוון 1 שחור,,0.00,0.00,false,1.00,42.90,0.00,true,0,
5601036205541,false,צבע לשיער אקסלנס קרם - 3 חום כהה מאוד,לוריאל Loreal,,צבע שיער קבוע לטיפוח עשיר בגוון 3 חום כהה מאוד,,0.00,0.00,false,1.00,42.90,0.00,true,0,
5601036205558,false,צבע לשיער אקסלנס קרם - 4 חום כהה,לוריאל Loreal,,צבע שיער קבוע לטיפוח עשיר בגוון 4 חום כהה,,0.00,0.00,false,1.00,42.90,0.00,true,0,
5601036205572,false,לוריאל - אקסלנס קרם 4.54 חום מהגוני נחושתי,ליברמו,,צבע שיער קבוע לטיפוח עשיר בגוון 4.54 חום מהגוני נחושתי,,0.00,0.00,false,1.00,42.90,0.00,true,0,
5601036205589,false,צבע לשיער אקסלנס קרם - 5 חום טבעי,לוריאל Loreal,,צבע שיער קבוע לטיפוח עשיר בגוון 5 חום טבעי,,0.00,0.00,false,1.00,42.90,0.00,true,0,
5601036205596,false,צבע לשיער אקסלנס קרם - 5.3 חום זהוב,לוריאל ישראל קוסמטיקס בעמ,,צבע שיער קבוע לטיפוח עשיר בגוון 5.3 חום זהוב,,0.00,0.00,false,1.00,42.90,0.00,true,0,
5601036205602,false,צבע לשיער אקסלנס קרם - 5.5 חום מהגוני,לוריאל ישראל קוסמטיקס בע,,צבע שיער קבוע לטיפוח עשיר בגוון 5.5 חום מהגוני,,0.00,0.00,false,1.00,42.90,0.00,true,0,
5601036205626,false,צבע לשיער אקסלנס קרם - 6 בלונד כהה,לוריאל Loreal,,צבע שיער קבוע לטיפוח עשיר בגוון 6 חום בהיר,,0.00,0.00,false,1.00,42.90,0.00,true,0,
5601036205657,false,צבע לשיער אקסלנס קרם - 7 בלונד,לוריאל Loreal,,צבע שיער קבוע לטיפוח עשיר בגוון 7 בלונד,,0.00,0.00,false,1.00,42.90,0.00,true,0,
5601036205664,false,לוריאל - אקסלנס קרם 7.1 בלונד טבעי אפרפר,ליברמו,,צבע שיער קבוע לטיפוח עשיר בגוון 7.1 בלונד טבעי אפרפר,,0.00,0.00,false,1.00,42.90,0.00,true,0,
5601036205671,false,לוריאל - אקסלנס קרם 7.3 בלונד זהוב,ליברמו,,צבע שיער קבוע לטיפוח עשיר בגוון 7.3 בלונד זהוב,,0.00,0.00,false,1.00,42.90,0.00,true,0,
5601036205688,false,לוריאל - אקסלנס קרם 8 בלונד בהיר,ליברמו,,צבע שיער קבוע לטיפוח עשיר בגוון 8 בלונד בהיר,,0.00,0.00,false,1.00,42.90,0.00,true,0,
5601036205695,false,לוריאל - אקסלנס קרם 8.1 בלונד בהיר אפרפר,ליברמו,,צבע שיער קבוע לטיפוח עשיר בגוון 8.1 בלונד בהיר אפרפר,,0.00,0.00,false,1.00,42.90,0.00,true,0,
5601036205725,false,לוריאל - אקסלנס קרם 10 בלונד מאוד מאוד בהיר,לוריאל ישראל קוסמטיקס בע,,צבע שיער קבוע לטיפוח עשיר בגוון 10 בלונד מאוד מאוד בהיר,,0.00,0.00,false,1.00,42.90,0.00,true,0,
5601036206418,false,לוריאל - אקסלנס קרם 01בלונד אולטרה בהיר טבעי,ליברמו,BE,PURE BLOND צבע שיער 01 בלונד אולטרה בהיר,,0.00,0.00,false,1.00,42.90,0.00,true,0,
<<<<<<< HEAD
5601217129420,false,וולייט דפים למניעת העברת צבע 20 יחידות,רקיט בן קיזר,IT,דפים למניעת העברת צבע למכונת כביסה,,0.00,0.00,false,1.00,24.90,1.24,true,0,
=======
5601217129420,false,וולייט דפים למניעת העברת צבע 20 יחידות,רקיט בנקיזר (ניר איסט) בעמ,IT,דפים למניעת העברת צבע למכונת כביסה,,0.00,0.00,false,1.00,24.90,1.24,true,0,
>>>>>>> d048ac2f4f281c9d788043ab4e81b61b0dbe3743
5713795110209,false,BIBS מוצץ לטקס מידה 1 COLOUR ורוד,איתן,DK,מוצץ לטקס מידה 1 COLOUR,,0.00,0.00,false,1.00,79.90,39.95,true,0,
5713795110216,false,BIBS מוצץ לטקס מידה 1 COLOUR כחול,איתן,DK,מוצץ לטקס מידה 1 COLOUR,,0.00,0.00,false,1.00,79.90,39.95,true,0,
5713795120192,false,BIBS מוצץ לטקס מידה 2 COLOUR כחול,איתן,DK,מוצץ לטקס מידה 2 COLOUR,,0.00,0.00,false,1.00,79.90,39.95,true,0,
5713795120406,false,BIBS מוצץ לטקס מידה 1 COLOUR ורוד,איתן,DK,מוצץ לטקס מידה 1 COLOUR,,0.00,0.00,false,1.00,79.90,39.95,true,0,
5713795229284,false,BIBS מוצץ לטקס מידה 1 BOHEME ורוד,איתן,DK,מוצץ לטקס מידה 1 BOHEME,,0.00,0.00,false,1.00,79.90,39.95,true,0,
5713795229291,false,BIBS מוצץ לטקס מידה 2 BOHEME ורוד,איתן,DK,מוצץ לטקס מידה 2 BOHEME,,0.00,0.00,false,1.00,79.90,39.95,true,0,
5713795229307,false,BIBS מוצץ לטקס מידה 1 BOHEME אפור,איתן,DK,מוצץ לטקס מידה 1 BOHEME,,0.00,0.00,false,1.00,79.90,39.95,true,0,
5713795229314,false,BIBS מוצץ לטקס מידה 2 BOHEME אפור,איתן,DK,מוצץ לטקס מידה 2 BOHEME,,0.00,0.00,false,1.00,79.90,39.95,true,0,
5900020015174,false,פיטנס חטיפי אנרגיה דגנים בטעם שוקולד נסטלה 6*23.5 גרם,קבוצת אוסם סחר-שות.מוגבלת,,חטיף דגנים עם שוקולד מריר,,0.00,0.00,false,1.00,16.90,2.81,true,0,
5900020018908,false,פיטנס חטיפי אנרגיה דגנים בטעם קרם עוגיות נסטלה 6*23.5 גרם,קבוצת אוסם סחר-שות.מוגבלת,,פיטנס חטיף דגנים עם עוגיות שוקולד ופצפוצי שוקולד לבן,,0.00,0.00,false,1.00,16.90,2.81,true,0,
5900617035882,false,חטיף חלבון נוטרישיין בטעם שוקולד,סיטי תוספי מזון,PL,חטיף חלבון בטעם שוקולד,,0.00,100.00,false,1.00,11.90,0.00,true,0,
5900617035905,false,חטיף חלבון נוטרישיין בטעם קרמל מלוח,סיטי תוספי מזון,PL,חטיף חלבון בטעם קרמל מלוח,,0.00,100.00,false,1.00,11.90,0.00,true,0,
5900617035929,false,חטיף חלבון נוטרישיין בטעם וניל תות יער,סיטי תוספי מזון,PL,חטיף חלבון בטעם וניל פטל,,0.00,100.00,false,1.00,11.90,0.00,true,0,
5900627027020,false,"ויט קרם להסרת שיער בזמן מקלחת לעור רגיל 150 מ""ל",רקיט בנקיזר (ניר איסט) בעמ,,קרם להסרת שיער בזמן מקלחת,"מ""ל",150.00,100.00,false,1.00,52.90,0.00,true,0,
5900627063233,false,טבליות למדיח הכל ב-1 פיניש מקס 50 יחידות,רקיט בנקיזר (ניר איסט) בעמ,IL,ALL IN 1 MAX טבליות מדיח,,0.00,0.00,false,1.00,39.90,0.79,true,0,
5900717157019,false,פארמסריס שמפו לקרקפת שומנית ומגורה,איתן,PL,שמפו לקרקפת שומנית ומגורה,,0.00,100.00,false,1.00,59.90,0.00,true,0,
5900717157118,false,פארמסריס שמפו מקצועי להרגעת קרקפת רגישה,איתן,PL,שמפו מקצועי להרגעת קרקפת רגישה,,0.00,100.00,false,1.00,59.90,0.00,true,0,
5900717157217,false,פארמסריס שמפו מרוכז לשיער דק וחלש,איתן,PL,שמפו מרוכז לשיער דק וחלש,,0.00,100.00,false,1.00,59.90,0.00,true,0,
5900717160019,false,פארמסריס סרום פעיל עם ויטמינים A-E,איתן,PL,סרום פעיל עם ויטמינים A-E,,0.00,100.00,false,1.00,149.90,0.04,true,0,
5900717160057,false,פארמסריס קרם פנים עם חומצה היאלורונית30%,איתן,PL,קרם פנים עם חומצה היאלורונית 30%+,,0.00,100.00,false,1.00,139.90,0.03,true,0,
5900717160064,false,פארמסריס תמיסה מיסלארית לעור עדין מאוד,איתן,PL,תמיסה מיסלארית לעור עדין מאוד,,0.00,100.00,false,1.00,79.90,0.00,true,0,
5900717163317,false,פארמסריס קרם לחות עמוק לפנים,איתן,PL,קרם לחות עמוק לפנים,,0.00,100.00,false,1.00,129.90,0.02,true,0,
5900717163515,false,פארמסריס קצף עדין להרגעה וניקוי הפנים,איתן,PL,קצף עדין להרגעה וניקוי הפנים,,0.00,100.00,false,1.00,89.90,0.00,true,0,
5900717163812,false,פארמסריס טונר מרגיע לעור הפנים,איתן,PL,טונר מרגיע לעור הפנים,,0.00,100.00,false,1.00,79.90,0.00,true,0,
5900951283963,false,חטיף סניקרס עם חמאת בוטנים Creamy Peanut Butter,"מרס ריגלי ישראל בע""מ",,קרימי חטיף במילוי חמאת בוטנים,,0.00,100.00,false,1.00,3.90,0.00,true,0,
5902503764791,false,וישי מארז ליפטאקטיב 2022,נורוליס,FR,מארז ליפטאקטיב לפנים,,0.00,0.00,false,1.00,229.90,0.00,true,0,
5902503764814,false,וישי מארז אקוואליה 2022,נורוליס,FR,מארז אקוואליה לפנים,,0.00,0.00,false,1.00,129.90,0.00,true,0,
5902503768782,false,וישי מינרל 89 מארז טיפוח לעור רענן,נורוליס,FR,מינרל 89 מארז טיפוח לעור רענן ומלא לחות - מכיל מינרל 89 + אקוואליה טרמל לייט + אקוואליה טרמל לילה,,0.00,0.00,false,1.00,129.90,0.00,true,0,
6001051001514,false,לבלו אוכמניות בודד 5.5מל,אלפא,DE,שפתון לחות לשפתיים בטעם פטל שחור,,0.00,100.00,false,1.00,15.90,0.03,true,0,
6001051002320,false,לבלו שפתון וניל,ביירסדורף,DE,שפתון לחות לשפתיים בטעם וניל,,0.00,100.00,false,1.00,15.90,0.03,true,0,
6001067027324,false,קולגייט בארבי-באטמן מברשת חשמלית,קולגייט - פלמוליב,,ילדים מברשת שיניים בארבי-באטמן סוללות לגילאי 3+,,0.00,0.00,false,1.00,34.90,0.00,true,0,
6001159112112,false,שמן לטיפול בריכוך צלקות,דנשר,ZA,שמן לטיפול בריכוך צלקות וסימני מתיחה,,0.00,100.00,false,1.00,69.90,0.01,true,0,
6001159112129,false,שמן לטיפול בריכוך צלקות,דנשר,ZA,שמן לטיפול בריכוך צלקות וסימני מתיחה,,0.00,100.00,false,1.00,119.90,0.00,true,0,
6001159121107,false,ביו אויל גל לעור יבש 100 מל,דנשר,ZA,ג'ל לעור יבש,,0.00,0.00,false,1.00,69.90,0.69,true,0,
6001159121114,false,ביו אויל גל לעור יבש 200 מל,דנשר,ZA,ג'ל לעור יבש,,0.00,100.00,false,1.00,119.90,0.00,true,0,
6001159125631,false,ביו אויל שמן לטיפוח העור טבעי 60 מל,דנשר,ZA,שמן לטיפוח העור טבעי,,0.00,100.00,false,1.00,74.90,0.01,true,0,
6001159125648,false,ביו אויל שמן לטיפוח העור טבעי 125 מל,דנשר,ZA,שמן לטיפוח העור טבעי,,0.00,100.00,false,1.00,129.90,0.01,true,0,
6001159129950,false,ביו אויל תחליב גוף 175 מל,דנשר,ZA,תחליב גוף,,0.00,100.00,false,1.00,54.90,0.00,true,0,
6281001510390,false,מברשת שיניים לילדים אקסטרא סופט לגילאי 0-2,קולגייט-פלמוליב,,ילדים מברשת שיניים לגילאי 0-2,,0.00,0.00,false,1.00,15.90,0.00,true,0,
6281031260784,false,קולור ספיישליסט 6-68 חום אגוז בהיר,שוורצקופף והנקל,DE,שוורצקופף  קרם צבע שיער 6-68 חום אגוז בהיר,,0.00,0.00,false,1.00,45.90,0.00,true,0,
6281031260876,false,קולור ספיישליסט 3-0 חום כהה במיוחד,שוורצקופף והנקל,DE,שוורצקופף  קרם צבע שיער 3-0 חום כהה במיוחד,,0.00,0.00,false,1.00,45.90,0.00,true,0,
6281031260937,false,קולור ספיישליסט 7-0 בלונד כהה במיוחד,שוורצקופף והנקל,DE,שוורצקופף  קרם צבע שיער 7-0 בלונד כהה במיוחד,,0.00,0.00,false,1.00,45.90,0.00,true,0,
6281031261002,false,קולור ספיישליסט 8-1 בלונד בינוני קר,שוורצקופף והנקל,DE,שוורצקופף  קרם צבע שיער 8-1 בלונד בינוני קר,,0.00,0.00,false,1.00,45.90,0.00,true,0,
6281031261156,false,קולור ספיישליסט 9-1 בלונד בהיר קר,שוורצקופף והנקל,DE,שוורצקופף  קרם צבע שיער 9-1 בלונד בהיר קר,,0.00,0.00,false,1.00,45.90,0.00,true,0,
6281031261422,false,קולור ספיישליסט 9-0 בלונד בהיר,שוורצקופף והנקל,DE,שוורצקופף  קרם צבע שיער 9-0 בלונד בהיר,,0.00,0.00,false,1.00,45.90,0.00,true,0,
6281031261545,false,קולור ספיישליסט 7-7 בלונד נחושת כהה,שוורצקופף והנקל,DE,שוורצקופף  קרם צבע שיער 7-7 בלונד נחושת כהה,,0.00,0.00,false,1.00,45.90,0.00,true,0,
6281031261576,false,קולור ספיישליסט 6-0 חום בהיר,הנקל סוד,DE,שוורצקופף  קרם צבע שיער 6-0  חום בהיר,,0.00,0.00,false,1.00,45.90,0.00,true,0,
6281031261637,false,קולור ספיישליסט 5-0 חום בינוני,הנקל סוד,DE,שוורצקופף  קרם צבע שיער 5-0 חום בינוני,,0.00,0.00,false,1.00,45.90,0.00,true,0,
6281031261668,false,קולור ספיישליסט 4-0 חום כהה,שוורצקופף והנקל,DE,שוורצקופף  קרם צבע שיער 4-0 חום כהה,,0.00,0.00,false,1.00,45.90,0.00,true,0,
6281031261781,false,קולור ספיישליסט 1-0 שחור עשיר,שוורצקופף והנקל,DE,שוורצקופף  קרם צבע שיער 1-0 שחור עשיר,,0.00,0.00,false,1.00,45.90,0.00,true,0,
6281031272619,false,דיאדרמין מסכת מוס פילינג אסאי 75 מל,הנקל סוד,SI,מסכת מוס פילינג אסאי,,0.00,100.00,false,1.00,34.90,0.00,true,0,
6281031272763,false,דיאדרמין מסכת מוס פילינג זרעי ציאה 75 מל,הנקל סוד,SI,מסכת מוס פילינג זרעי צ'יאה,,0.00,100.00,false,1.00,34.90,0.00,true,0,
6920354822193,false,משחת שיניים נטורל הדרים אקליפטוס קולגייט 90 ג',קולגייט פלמוליב,PL,משחת שיניים נטורל הדרים אקליפטוס,,0.00,100.00,false,1.00,32.90,0.00,true,0,
6920354822223,false,משחת שיניים נטורל גינגר קוקוס קולגייט 90 ג',קולגייט פלמוליב,PL,משחת שיניים נטורל ג'ינג'ר קוקוס,,0.00,100.00,false,1.00,32.90,0.00,true,0,
6920354824395,false,"קולגייט נטורל משחת שיניים חמוציות פחם 71 מ""ל",קולגייט פלמוליב,PL,משחת שיניים נטורל פחם פעיל ומנטה,,0.00,100.00,false,1.00,32.90,0.00,true,0,
6934510504946,false,ויגה ארגז כלים,לייף,IL,ארגז כלים,,0.00,0.00,false,1.00,69.90,0.00,true,0,
6934510584993,false,ויגה עוגת יום הלדת,לייף,IL,עוגת יום הולדת,,0.00,0.00,false,1.00,69.90,0.00,true,0,
6934510585006,false,ויגה פיצה,לייף,IL,פיצה,,0.00,0.00,false,1.00,69.90,0.00,true,0,
6937266703458,false,שיק היידרו סילק מכשיר+2 סכינים לנשים,ש.שסטוביץ בעמ,CN,היידרו 5 סילק  מכשיר גילוח רב פעמי + סכיני גילוח לנשים,,0.00,0.00,false,1.00,39.90,0.00,true,0,
7038513866311,false,גורדן מברשת ילדים T51 סופט סטפ בי סטפ,דנשר (1963) בעמ,,מברשת שיניים לילדים סופט 3-5 שנים,,0.00,0.00,false,1.00,14.90,0.00,true,0,
7038513866328,false,גורדן מברשת ילדים 6-9 סופט סטפ בי סטפ,דנשר (1963) בעמ,,מברשת שיניים לילדים סופט 6-9 שנים,,0.00,0.00,false,1.00,14.90,0.00,true,0,
7038513908400,false,גורדן קיסם מבריש רגיל 20 יח,דנטלון,,קיסמי שיניים מברישים גודל רגיל,,0.00,0.00,false,1.00,26.90,1.34,true,0,
7038513909018,false,גורדן קסמי שיניים פלואוריד/מינט,ג'ורדן,,קיסמי שיניים דקים דו צדדיים,,0.00,0.00,false,1.00,23.90,0.23,true,0,
7038513909117,false,גורדן קסמי שיניים פלואוריד/מינט אקסטרה ט,ג'ורדן,,קיסמי שיניים מעץ - דקים במיוחד,,0.00,0.00,false,1.00,23.90,0.00,true,0,
7038516140357,false,מברשת שיניים ג'ורדן טוטל סופט מארז 4 יחידות,מיוצר במלזיה עבור ג',,מארז מיוחד TOTAL CLEAN לניקוי כל הפה SOFT,,0.00,0.00,false,1.00,18.90,4.72,true,0,
7038516830500,false,גורדן חוט דנטלי מחליק בקלות-איזי סלייד,קלרו,,חוט דנטלי מחליק בקלות מכיל פלואוריד ומנטה,,0.00,1.00,false,1.00,23.90,0.95,true,0,
7046110030608,false,גורדן זוג מברשות שיניים טרגט סנסיטיב,דנטלון,MY,מברשת שיניים טרגט סנסיטיב,,0.00,0.00,false,1.00,23.90,11.95,true,0,
7046110035689,false,ג'ורדן ראשים למברשת חשמלית קלין רביעייה,דנטלון,NO,ראשים למברשת שיניים חשמלית קלין,,0.00,0.00,false,1.00,89.00,22.25,true,0,
7046110036297,false,גורדן ראשים למברשת חשמלית סנסטיב רביעייה,דנטלון,NO,ראשים למברשת שיניים חשמלית סנסטיב,,0.00,0.00,false,1.00,89.00,22.25,true,0,
7046110036464,false,ג'ורדן ראשים למברשת חשמלית הלבנה רביעייה,דנטלון,NO,ראשים למברשת שיניים חשמלית הלבנה,,0.00,0.00,false,1.00,89.00,22.25,true,0,
7046110052457,false,גורדן חוט דנטלי מתרחב 25 מטר,דנטלון,MY,חוט דנטלי מתרחב,,0.00,1.00,false,1.00,22.90,0.91,true,0,
7046110052532,false,גורדן חוט דנטלי מולטי אקשן,דנטלון,MY,חוט דנטלי מולטי אקשן,,0.00,1.00,false,1.00,22.90,0.91,true,0,
7046110052594,false,גורדן חוט דנטלי מחליק בקלות 25 מטר,דנטלון,MY,חוט דנטלי מחליק בקלות,,0.00,1.00,false,1.00,22.90,0.91,true,0,
7046110054093,false,גורדן מברשת GREEN CLEAN לתינוקות ורוד,דנטלון,MY,מברשת שיניים רכה במיוחד GREEN CLEAN לתינוקות גילאי 0-2 סופט צבע ורוד,,0.00,0.00,false,1.00,14.90,0.00,true,0,
7046110055533,false,גורדן מברשת חשמלית קלין סמייל - שחור,דנטלון,NO,מברשת חשמלית קלין סמייל - שחור,,0.00,0.00,false,1.00,129.00,0.00,true,0,
7046110055564,false,גורדן מברשת חשמלית קלין סמייל - ורוד,דנטלון,NO,מברשת חשמלית קלין סמייל - ורוד,,0.00,0.00,false,1.00,99.00,0.00,true,0,
7046110060636,false,גורדן מברשת CHANGE למבוגרים צבע כחול,דנטלון,MY,מברשת CHANGE למבוגרים צבע כחול,,0.00,0.00,false,1.00,21.90,0.00,true,0,
7046110064535,false,מארז זוג מברשת שיניים ג'ורדן ילדים 0-2,"דנשר (1963) בע,מ",MY,מברשת שיניים לגילאי 0-2 שנים,,0.00,0.00,false,1.00,19.90,0.00,true,0,
7046110065945,false,גורדן מברשת אינטרדנטל פלקטרום CONE 10 יח,ג'ורדן,,"מברשת אינטרדנטל פלקטרום, מידה XS",,0.00,0.00,false,1.00,39.90,3.99,true,0,
7046110066034,false,גורדן מברשת אינטרדנטל פלקטרום MICRO 10יח,ג'ורדן,,"מברשת אינטרדנטל פלקטרום, מידה M",,0.00,0.00,false,1.00,39.90,3.99,true,0,
7046110066065,false,גורדן מברשת אינטרדנטל פלקטרום MIDI,ג'ורדן,,מברשת אינטרדנטלית Brush Between 0.7,,0.00,0.00,false,1.00,39.90,0.00,true,0,
7046110066096,false,גורדן מברשת אינטרדנטל פלקטרום MINI 10 יח,ג'ורדן,,"מברשת אינטרדנטל פלקטרום, מידה S",,0.00,0.00,false,1.00,39.90,3.99,true,0,
7046110070192,false,גורדן שלישייה מברשות שיניים קלין סמייל,דנטלון,MY,מברשת שיניים קלין סמייל,,0.00,0.00,false,1.00,13.90,4.63,true,0,
7046110071618,false,גורדן קיסם מבריש גדול 20 יח,דנטלון,,קיסמי שיניים לניקוי בין השיניים LARGE,,0.00,0.00,false,1.00,27.90,1.39,true,0,
7046110075036,false,ג'ורדן מב' שיניים אולטימייט יו *רביעיה *סופט,דנטלון,MY,מברשת שיניים אולטימייט יו,,0.00,0.00,false,1.00,19.90,4.97,true,0,
<<<<<<< HEAD
7046110075562,false,"ג'ורדן משחת שיניים לשיניים קבועות 6-12 50 מ""ל",דנטלון,SE,משחת שיניים לשיניים קבועות 6-12 שנים,,0.00,100.00,false,1.00,11.90,0.00,true,0,
7290000060200,false,פסטה אסם פתיתים אפויים קוסקוס 500גר,"אסם תעשיות בע""מ",,פתיתים אפויים קוסקוס,,0.00,100.00,false,1.00,6.90,0.00,true,0,
7290000066141,false,ביסלי חטיף בטעם גריל אסם 70 גרם,"אסם השקעות בע""\מ",,חטיף חיטה בטעם גריל,,0.00,100.00,false,1.00,5.90,0.00,true,0,
7290000066172,false,ביסלי חטיף בטעם פיצה אסם 70 גרם,"אסם השקעות בע""\מ",,חטיף בטעם פיצה,,0.00,0.00,false,1.00,5.90,0.00,true,0,
7290000066264,false,דובונים חטיף תפוחי אדמה אסם 40 גרם,"אסם השקעות בע""\מ",,חטיף תפוח אדמה,,0.00,100.00,false,1.00,5.90,0.00,true,0,
7290000066318,false,במבה חטיף בוטנים אסם 80 גרם,"אסם השקעות בע""\מ",,חטיף בוטנים,,0.00,100.00,false,1.00,6.90,0.00,true,0,
7290000066332,false,אפרופו חטיף תירס אסם 50 גרם,מיוצר עי קונדיטוריית,,חטיף תירס,,0.00,100.00,false,1.00,6.90,0.00,true,0,
7290000068770,false,במבה יום הולדת חטיף בוטנים אסם 80 גרם,"אסם השקעות בע""\מ",,חטיף בוטנים יום הולדת,,0.00,100.00,false,1.00,6.90,0.00,true,0,
7290000072753,false,קפה נמס מגורען טסטרס צ'ויס 200 גרם-,נסטלה קוריאה - קפה,,קפה נמס מיובש בהקפאה,גרם,200.00,100.00,false,1.00,32.90,0.00,true,0,
7290000120836,false,"מיונז אמיתי 394 גרם ""הלמנס""",קונפקו אינק' די.בי.א,,מיונז אמיתי,,0.00,100.00,false,1.00,8.90,0.00,true,0,
=======
7046110075562,false,"ג'ורדן משחת שיניים לשיניים קבועות 6-12 50 מ""ל",דנשר (1963) בעמ,SE,משחת שיניים לשיניים קבועות 6-12 שנים,,0.00,100.00,false,1.00,11.90,0.00,true,0,
7290000060200,false,פסטה אסם פתיתים אפויים קוסקוס 500גר,קבוצת אוסם סחר שותפות מוגבלת,,פתיתים אפויים קוסקוס,,0.00,100.00,false,1.00,6.90,0.00,true,0,
7290000066141,false,ביסלי חטיף בטעם גריל אסם (70 גרם),קבוצת אוסם סחר שותפות מוגבלת,,חטיף חיטה בטעם גריל,,0.00,100.00,false,1.00,5.90,0.00,true,0,
7290000066172,false,ביסלי חטיף בטעם פיצה אסם (70 גרם),קבוצת אוסם סחר-שות.מוגבלת,,חטיף בטעם פיצה,,0.00,0.00,false,1.00,5.90,0.00,true,0,
7290000066264,false,דובונים חטיף תפוחי אדמה אסם (40 גרם),קבוצת אוסם סחר שותפות מוגבלת,,חטיף תפוח אדמה,,0.00,100.00,false,1.00,5.90,0.00,true,0,
7290000066318,false,במבה חטיף בוטנים אסם 80 גרם,קבוצת אוסם סחר שותפות מוגבלת,,חטיף בוטנים,,0.00,100.00,false,1.00,6.90,0.00,true,0,
7290000066332,false,אפרופו חטיף תירס אסם (50 גרם),קבוצת אוסם סחר שותפות מוגבלת,,חטיף תירס,,0.00,100.00,false,1.00,6.90,0.00,true,0,
7290000068770,false,במבה יום הולדת חטיף בוטנים אסם 80 גרם,קבוצת אוסם סחר שותפות מוגבלת,,חטיף בוטנים יום הולדת,,0.00,100.00,false,1.00,6.90,0.00,true,0,
7290000072753,false,קפה נמס מגורען טסטרס צ'ויס 200 גרם-,קבוצת אוסם סחר שותפות מוגבלת,,קפה נמס מיובש בהקפאה,גרם,200.00,100.00,false,1.00,32.90,0.00,true,0,
7290000120836,false,מיונז אמיתי הלמנס (394 גרם),"יוניליוור ישראל שיווק בע""מ",,מיונז אמיתי,,0.00,100.00,false,1.00,8.90,0.00,true,0,
>>>>>>> d048ac2f4f281c9d788043ab4e81b61b0dbe3743
7290000146645,false,הוואי - סבון מוצק שחור מסתורי 100 גרם רביעייה,טרופיקל דגיל קוסמטיק,,אל סבון מוצק בתוספת נוטרי ויטמינים שחור,,0.00,100.00,false,1.00,12.90,0.00,true,0,
7290000146683,false,הוואי - סבון מוצק אפקט דאודורנט 100 גרם רביעייה,טרופיקל דגיל קוסמטיק,,אל סבון מוצק בתוספת נוטרי ויטמינים,,0.00,100.00,false,1.00,12.90,0.00,true,0,
7290000146928,false,"משחת שיניים לילדים בטעם ענבים טום וג'רי 50 מ""ל",טרופיקל דגיל קוסמטיק,,משחת שיניים לילדים בטעם ענבים,,0.00,100.00,false,1.00,9.90,0.00,true,0,
7290000146997,false,משחת שיניים לילדים מסטיק טום וג'רי 50 מל,טרופיקל דגיל קוסמטיק,,משחת שיניים בטעם מסטיק,"מ""ל",50.00,100.00,false,1.00,9.90,0.00,true,0,
7290000149615,false,רביעיית סבון מוצק קלאסי לתינוק נקה 7 4*100 גרם,החברה הדרומית לשיווק בעמ,,סבון מוצק לתינוקות בעלי עור עדין ורגיש,,0.00,100.00,false,1.00,15.90,0.00,true,0,
7290000149905,false,טקסטיל שמפו נוזלי לאריגים עדינים1ליט,החברה הדרומית לשיווק בעמ,,נוזל לאריגים עדינים,ליטר,1.00,1.00,false,1.00,14.90,14.90,true,0,
7290000176062,false,קפה טורקי בשקית 100 ג' עלית,שטראוס קפה בי.ויn\.,,קפה טורקי קלוי וטחון,,0.00,0.00,false,1.00,12.90,0.12,true,0,
<<<<<<< HEAD
7290000178707,false,תפוצ'יפס בטעם טבעי 50 גרם,"שטראוס פריטו ליי בע""\מ )",,צ'יפס בטעם טבעי,,0.00,100.00,false,1.00,4.90,0.00,true,0,
7290000186030,false,מגבוני האגיס תחליב דיספנסר רביעייה,האגיס-מגבונים,,מגבונים בתוספת תחליב מכיל ויטמין E וללא אלכוהול,,0.00,0.00,false,1.00,36.90,9.22,true,0,
7290000186535,false,נייר טואלט תלת שכבתי לבן לילי 32 יחידות,לילי נייר טואלט חוגלה,IL,TRIPLE COMFORT נייר טואלט 3 שכבות מרופדות,,0.00,0.00,false,1.00,52.90,1.65,true,0,
7290000187860,false,מגבוני טואלט לחים לילי דיספנסר 40יח',עלבד משואות יצחק בעמ,IL,PURE נייר טואלט לח נשטף באסלה,,0.00,0.00,false,1.00,9.90,0.17,true,0,
7290000187921,false,נייר טואלט דו שכבתי לבן לילי 32 יחידות,לילי נייר טואלט חוגלה,,PURE נייר טואלט דו שכבתי בגוון לבן - 155 דף בגליל במקום 160 דף בגליל,,0.00,0.00,false,1.00,45.90,1.43,true,0,
7290000187938,false,לילי - נייר טואולט נייר טואלט פסטל 32 יח',לילי נייר טואלט חוגלה,,PURE נייר טואלט דו שכבתי בגוון פסטל - 155 דף בגליל במקום 160 דף בגליל,,0.00,0.00,false,1.00,49.90,1.55,true,0,
=======
7290000178707,false,חטיף צ`יפס בטעם טבעי תפוצ`יפס (50 גרם),"שטראוס פריטו ליי בע""\מ )",,צ'יפס בטעם טבעי,,0.00,100.00,false,1.00,4.90,0.00,true,0,
7290000186030,false,מגבוני האגיס תחליב דיספנסר רביעייה,קימברלי קלארק ישראל שיווק בעמ,,מגבונים בתוספת תחליב מכיל ויטמין E וללא אלכוהול,,0.00,0.00,false,1.00,36.90,9.22,true,0,
7290000186535,false,נייר טואלט תלת שכבתי לבן לילי 32 יחידות,קימברלי קלארק ישראל שיווק בעמ,IL,TRIPLE COMFORT נייר טואלט 3 שכבות מרופדות,,0.00,0.00,false,1.00,52.90,1.65,true,0,
7290000187860,false,מגבוני טואלט לחים לילי דיספנסר 40יח',קימברלי קלארק ישראל שיווק בעמ,IL,PURE נייר טואלט לח נשטף באסלה,,0.00,0.00,false,1.00,9.90,0.17,true,0,
7290000187921,false,נייר טואלט דו שכבתי לבן לילי 32 יחידות,קימברלי קלארק ישראל שיווק בעמ,,PURE נייר טואלט דו שכבתי בגוון לבן - 155 דף בגליל במקום 160 דף בגליל,,0.00,0.00,false,1.00,45.90,1.43,true,0,
7290000187938,false,לילי - נייר טואולט נייר טואלט פסטל 32 יח',קימברלי קלארק ישראל שיווק בעמ,,PURE נייר טואלט דו שכבתי בגוון פסטל - 155 דף בגליל במקום 160 דף בגליל,,0.00,0.00,false,1.00,49.90,1.55,true,0,
>>>>>>> d048ac2f4f281c9d788043ab4e81b61b0dbe3743
7290000187945,false,לילי PURE נ.ט. 32 גלילים מהדורה מוזהבת,חוגלה,,PURE נייר טואלט דו שכבתי מהדורה מוזהבת - 155 דף בגליל במקום 160 דף בגליל,,0.00,0.00,false,1.00,34.90,1.09,true,0,
7290000187952,false,נייר טואלט תלת שכבתי ורוד לילי 32 יחידות,קימברלי קלארק ישראל שיווק בעמ,IL,טריפל קומפורט - נייר טואלט תלת שכבתי ורוד,,0.00,0.00,false,1.00,49.90,0.00,true,0,
7290000188225,false,האגיס מגבונים TO GO מארז שלישיה,חוגלה,,מגבונים לחים לתינוק TO GO לעור רגיש ללא בישום,,0.00,0.00,false,1.00,10.90,3.63,true,0,
7290000188270,false,ממחטות אף אולטרה סופט קלינקס 2*80 יחידות,קימברלי קלארק ישראל שיווק בעמ,,ממחטות טישו אולטרא סופט,,0.00,0.00,false,1.00,22.90,11.45,true,0,
7290000188355,false,ניקול מגבות נייר לבנות 6 גלילים,קימברלי קלארק ישראל שיווק בעמ,,מגבות נייר רב שימושיות,,0.00,0.00,false,1.00,14.90,2.48,true,0,
7290000188386,false,מגבת נייר ניקול 12 יחידות,חוגלה קימברלי,,מגבות נייר,,0.00,0.00,false,1.00,27.90,2.32,true,0,
<<<<<<< HEAD
7290000188553,false,קוטקס מגן תחתון יאנג ביג 60 יחידות,קימברלי קלארק,,מגני תחתון נורמל לרעננות יומיומית,,0.00,0.00,false,1.00,20.90,0.34,true,0,
7290000188591,false,קוטקס מגן תחתון יאנג ביג 60 יחידות,קימברלי קלארק,,מגני תחתון יאנג לרעננות יומיומית,,0.00,0.00,false,1.00,20.90,0.34,true,0,
7290000189192,false,סופר מטלית מטליות נייר רב פעמיות ניקול 64 יחידות,קימברלי קולומביה,IL,מטלית חכמה יומית,,0.00,0.00,false,1.00,22.90,0.35,true,0,
7290000189215,false,מטלית הקסם לרצפה ניקול,חוגלה קימברלי,,מטלית מיקרופייבר לרצפה,,0.00,0.00,false,1.00,15.90,0.00,true,0,
7290000189598,false,מטליות לחות חד פעמיות לניקוי כללי 50 יח' ניקול,עלבד משואות יצחק בעמ,,מטליות לחות לניקוי כללי,,0.00,0.00,false,1.00,13.90,0.27,true,0,
7290000190198,false,מטליות לחות לניקוי וחיטוי 99.9% ניקול 50 יחידה,עלבד משואות יצחק בעמ,,מטליות לחות לניקוי וחיטוי חדרי אמבטיה ושירותים,,0.00,0.00,false,1.00,13.90,0.27,true,0,
7290000191171,false,קלינקס קולקשן ניילון אריזת זוג,חוגלה קימברלי,IL,ממחטות טישו קולקשן מהדורה מיוחדת,,0.00,0.00,false,1.00,10.90,5.45,true,0,
7290000191225,false,חיתולים ליטל בייביז מידה 2 האגיס 46 יחידות,קימברלי קלארק שיווק,,"חיתולים מידה 2, לרך הנולד 5-7 ק""ג",,0.00,0.00,false,1.00,37.90,0.86,true,0,
7290000191539,false,חמישיית ממחטות טישו צבועני לילי 100 יחידות,חוגלה קימברלי,,צבעוני מגבוני אף רכים,,0.00,0.00,false,1.00,19.90,3.98,true,0,
7290000191546,false,ממחטות טישו צבעוני 2 שכבות לילי מארז 100X3יח',חוגלה קימברלי,,צבעוני מגבוני אף רכים,,0.00,0.00,false,1.00,12.90,4.30,true,0,
7290000191645,false,"חיתולים האגיס ליטל בייביס ניו בורן שלב 1 עד 4 ק""ג",קימברלי קלארק ארהב,,"חיתולים מידה ניו בורן NB לרך הנולד עד 4 ק""ג",,0.00,0.00,false,1.00,37.90,1.05,true,0,
7290000191652,false,שלישיית ממחטות אולטרה סופט קלינקס 90 יחידות,חוגלה קימברלי,,ממחטות טישו לשימוש יומיומי,,0.00,0.00,false,1.00,13.90,4.63,true,0,
7290000191966,false,נייר טואלט לילי לח נטורל קר 48 דפים,עלבד משואות יצחק בעמ,IL,NATURAL CARE נייר טואלט לח נשטף באסלה,,0.00,0.00,false,1.00,9.90,0.20,true,0,
7290000192581,false,מגבת נייר גליל כפול ניקול 12=6 גליל,קימברלי-קלארק,IL,מגבת נייר JUMBO גליל ארוך פי 2,,0.00,0.00,false,1.00,27.90,4.65,true,0,
7290000193205,false,תחבושות עם כנפיים ללילה נטורל לילי 20 יחידות,חוגלה קימברלי,,נטורל תחבושות היגייניות לספיגה מוגברת בלילה עם כנפיים,,0.00,0.00,false,1.00,14.90,0.74,true,0,
7290000193618,false,לילי אינטימייט מגן תחתון נורמל 24 יח',חוגלה קימברלי,,מגיני תחתון לילי נטורל לייט לשימוש יומיומי,,0.00,0.00,false,1.00,14.90,0.23,true,0,
7290000193649,false,תחבושות עם כנפיים נורמל פלוס לילי 24 יחידות,חוגלה קימברלי,,נטורל תחבושות היגייניות נורמל עם כנפיים,,0.00,0.00,false,1.00,14.90,0.62,true,0,
7290000193656,false,תחבושות עם כנפיים סופר פלוס לילי 24 יחידות,חוגלה קימברלי,,נטורל תחבושות היגייניות סופר עם כנפיים,,0.00,0.00,false,1.00,14.90,0.62,true,0,
7290000193793,false,לילי תחבושות אינטימי נורמל אולט' 24 יח',חוגלה קימברלי,,נטורל תחבושות היגייניות נורמל ללא כנפיים,,0.00,0.00,false,1.00,14.90,0.62,true,0,
=======
7290000188553,false,קוטקס מגן תחתון יאנג ביג 60 יחידות,קימברלי קלארק ישראל שיווק בעמ,,מגני תחתון נורמל לרעננות יומיומית,,0.00,0.00,false,1.00,20.90,0.34,true,0,
7290000188591,false,קוטקס מגן תחתון יאנג ביג 60 יחידות,קימברלי קלארק ישראל שיווק בעמ,,מגני תחתון יאנג לרעננות יומיומית,,0.00,0.00,false,1.00,20.90,0.34,true,0,
7290000189192,false,סופר מטלית מטליות נייר רב פעמיות ניקול 64 יחידות,קימברלי קלארק ישראל שיווק בעמ,IL,מטלית חכמה יומית,,0.00,0.00,false,1.00,22.90,0.35,true,0,
7290000189215,false,מטלית הקסם לרצפה ניקול,חוגלה קימברלי,,מטלית מיקרופייבר לרצפה,,0.00,0.00,false,1.00,15.90,0.00,true,0,
7290000189598,false,מטליות לחות חד פעמיות לניקוי כללי 50 יח' ניקול,קימברלי קלארק ישראל שיווק בעמ,,מטליות לחות לניקוי כללי,,0.00,0.00,false,1.00,13.90,0.27,true,0,
7290000190198,false,מטליות לחות לניקוי וחיטוי 99.9% ניקול 50 יחידה,קימברלי קלארק ישראל שיווק בעמ,,מטליות לחות לניקוי וחיטוי חדרי אמבטיה ושירותים,,0.00,0.00,false,1.00,13.90,0.27,true,0,
7290000191171,false,קלינקס קולקשן ניילון אריזת זוג,קימברלי קלארק ישראל שיווק בעמ,IL,ממחטות טישו קולקשן מהדורה מיוחדת,,0.00,0.00,false,1.00,10.90,5.45,true,0,
7290000191225,false,חיתולים ליטל בייביז מידה 2 האגיס 46 יחידות,קימברלי קלארק ישראל שיווק בעמ,,"חיתולים מידה 2, לרך הנולד 5-7 ק""ג",,0.00,0.00,false,1.00,37.90,0.86,true,0,
7290000191539,false,חמישיית ממחטות טישו צבועני לילי 100 יחידות,קימברלי קלארק ישראל שיווק בעמ,,צבעוני מגבוני אף רכים,,0.00,0.00,false,1.00,19.90,3.98,true,0,
7290000191546,false,ממחטות טישו צבעוני 2 שכבות לילי מארז 100X3יח',קימברלי קלארק ישראל שיווק בעמ,,צבעוני מגבוני אף רכים,,0.00,0.00,false,1.00,12.90,4.30,true,0,
7290000191645,false,"חיתולים האגיס ליטל בייביס ניו בורן שלב 1 עד 4 ק""ג",קימברלי קלארק ישראל שיווק בעמ,,"חיתולים מידה ניו בורן NB לרך הנולד עד 4 ק""ג",,0.00,0.00,false,1.00,37.90,1.05,true,0,
7290000191652,false,שלישיית ממחטות אולטרה סופט קלינקס 90 יחידות,קימברלי קלארק ישראל שיווק בעמ,,ממחטות טישו לשימוש יומיומי,,0.00,0.00,false,1.00,13.90,4.63,true,0,
7290000191966,false,נייר טואלט לילי לח נטורל קר 48 דפים,קימברלי קלארק ישראל שיווק בעמ,IL,NATURAL CARE נייר טואלט לח נשטף באסלה,,0.00,0.00,false,1.00,9.90,0.20,true,0,
7290000192581,false,מגבת נייר גליל כפול ניקול 12=6 גליל,קימברלי קלארק ישראל שיווק בעמ,IL,מגבת נייר JUMBO גליל ארוך פי 2,,0.00,0.00,false,1.00,27.90,4.65,true,0,
7290000193205,false,תחבושות עם כנפיים ללילה נטורל לילי 20 יחידות,קימברלי קלארק ישראל שיווק בעמ,,נטורל תחבושות היגייניות לספיגה מוגברת בלילה עם כנפיים,,0.00,0.00,false,1.00,14.90,0.74,true,0,
7290000193618,false,לילי אינטימייט מגן תחתון נורמל 24 יח',קימברלי קלארק ישראל שיווק בעמ,,מגיני תחתון לילי נטורל לייט לשימוש יומיומי,,0.00,0.00,false,1.00,14.90,0.23,true,0,
7290000193649,false,תחבושות עם כנפיים נורמל פלוס לילי 24 יחידות,קימברלי קלארק ישראל שיווק בעמ,,נטורל תחבושות היגייניות נורמל עם כנפיים,,0.00,0.00,false,1.00,14.90,0.62,true,0,
7290000193656,false,תחבושות עם כנפיים סופר פלוס לילי 24 יחידות,קימברלי קלארק ישראל שיווק בעמ,,נטורל תחבושות היגייניות סופר עם כנפיים,,0.00,0.00,false,1.00,14.90,0.62,true,0,
7290000193793,false,לילי תחבושות אינטימי נורמל אולט' 24 יח',קימברלי קלארק ישראל שיווק בעמ,,נטורל תחבושות היגייניות נורמל ללא כנפיים,,0.00,0.00,false,1.00,14.90,0.62,true,0,
>>>>>>> d048ac2f4f281c9d788043ab4e81b61b0dbe3743
7290000194141,false,שקמה מכנסון גזרתי סופר נייט XL,חוגלה קימברלי,IL,מכנסונים סופגים לילה סופר נייט מידה 46-52 XL,,0.00,0.00,false,1.00,70.90,4.72,true,0,
7290000194288,false,האגיס משטחי החתלה חד פעמיים 10יח`,קימברלי קלארק ישראל שיווק בעמ,,משטחי החתלה חד פעמיים להחתלה נקייה,,0.00,0.00,false,1.00,19.90,1.99,true,0,
7290000195032,false,שקמה מכנסון גזרתי סופר נייט L,חוגלה קימברלי,IL,מכנסונים סופגים לילה סופר נייט מידה 42-44 L,,0.00,0.00,false,1.00,70.90,4.72,true,0,
7290000195537,false,האגיס - מגבוני האגיס דיילי קר לא מבושם 64 יח' * 4,קימברלי קלארק ישראל שיווק בעמ,,מגבונים לחים לתינוק ללא בישום,,0.00,0.00,false,1.00,27.90,6.97,true,0,
7290000195773,false,האגיס - מגבוני האגיס סנסטיב קר לא מבושם 64 יח' * 4,קימברלי קלארק ישראל שיווק בעמ,,מגבונים לחים בתוספת אלוורה ללא בישום לעור רגיש,,0.00,0.00,false,1.00,27.90,6.97,true,0,
7290000196763,false,"שקיות אשפה חזקות במיוחד עם שרוך 52 * 65 ס""מ ניקול 40 יחידות",קימברלי קלארק ישראל שיווק בעמ,,שקיות אשפה חזקות במיוחד עם שרוך L 52*65,,0.00,0.00,false,1.00,26.90,0.67,true,0,
7290000197081,false,ניקול ניילון נצמד 150 מטר+מתקן לחיתוך קל,קימברלי קלארק ישראל שיווק בעמ,IL,ניילון נצמד עם מתקן לחיתוך קל,,0.00,1.00,false,1.00,27.90,0.18,true,0,
7290000197425,false,חיתולים פרידום דריי שלב 3 האגיס 52 יחידות,קימברלי קלארק ישראל שיווק בעמ,IL,"חיתולים מידה 3, 6-10 ק""ג",,0.00,0.00,false,1.00,52.90,1.01,true,0,
7290000197432,false,שקיות אוכל סנדביצ'ון ניקול מארז 150X2יח',קימברלי קלארק ישראל שיווק בעמ,,סנדוויצ'ון,,0.00,0.00,false,1.00,16.90,0.05,true,0,
7290000197456,false,חיתולים פרידום דריי שלב 4 האגיס 44 יחידות,קימברלי קלארק ישראל שיווק בעמ,IL,"חיתולים מידה 4, 8-12 ק""ג",,0.00,0.00,false,1.00,52.90,1.20,true,0,
7290000197463,false,חיתולים פרידום דריי שלב +4 האגיס 40 יחידות,קימברלי קלארק ישראל שיווק בעמ,IL,"חיתולים מידה 4+ 10-14 ק""ג",,0.00,0.00,false,1.00,52.90,1.25,true,0,
7290000197548,false,חיתולים פרידום דריי שלב 5 האגיס 36 יחידות,קימברלי קלארק ישראל שיווק בעמ,IL,"חיתולים מידה 5, 12-22 ק""ג",,0.00,0.00,false,1.00,52.90,1.46,true,0,
7290000197678,false,חיתולי האגיס פרידום דריי שלב 6 30 יחידות,קימברלי קלארק ישראל שיווק בעמ,IL,"חיתולים מידה 6, 16-24 ק""ג",,0.00,0.00,false,1.00,52.90,1.76,true,0,
7290000199313,false,תחבושות עם כנפיים נורמל פלוס קוטקס 30 יחידות,קימברלי קלארק ישראל שיווק בעמ,,יאנג תחבושות עם כנפיים נורמל,,0.00,0.00,false,1.00,20.90,0.69,true,0,
7290000200460,false,קוטקס מגני תחתון אולטרה לייט 60יח',חוגלה קימברלי,,מגני תחתון ON THE GO אולטרא לייט,,0.00,0.00,false,1.00,22.90,0.38,true,0,
7290000201801,false,לילי נייר טואלט מהדורה 24 גלילים,חוגלה,IL,נייר טואלט דו שכבתי רך ומפנק,,0.00,0.00,false,1.00,34.90,1.45,true,0,
7290000201979,false,האגיס מגבונים ללא בישום רביעייה מהדורה,קימברלי קלארק ישראל שיווק בעמ,IL,מגבונים לחים לתינוק ללא בישום - מהדורה מיוחדת,,0.00,0.00,false,1.00,27.90,6.97,true,0,
7290000205762,false,חיתולי האגיס אקסטרה קר מידה 3 48 יחידות,קימברלי קלארק ישראל שיווק בעמ,IL,"חיתולים מידה 3, 6-10 ק""ג",,0.00,0.00,false,1.00,63.90,1.33,true,0,
7290000205915,false,חיתולי האגיס אקסטרה קייר מידה 4 40 יחידות,קימברלי קלארק ישראל שיווק בעמ,IL,"חיתולים מידה 4, 8-13 ק""ג",,0.00,0.00,false,1.00,63.90,1.59,true,0,
7290000244143,false,קרם הוואי לאחר גילוח+ לחות 120 מ``ל,טרופיקל דגיל קוסמטיק,,קרם לאחר גילוח,"מ""ל",120.00,100.00,false,1.00,19.90,0.00,true,0,
7290000244631,false,ענוגה גליצרין קרם ידיים 80 מל,עיסא ערטול בעמ,IL,גליצרין קרם ידיים,,0.00,100.00,false,1.00,11.90,0.00,true,0,
7290000244761,false,קרם ידיים ולוטה (80 גרם),טרופיקל דגיל קוסמטיק,,קרם לטיפוח עור הידיים והגוף,,0.00,0.00,false,1.00,9.90,0.09,true,0,
7290000262413,false,חיתולי האגיס אקסטרה קייר מידה 5 34 יחידות,קימברלי קלארק ישראל שיווק בעמ,IL,"חיתולים מידה 5, 12-22 ק""ג",,0.00,0.00,false,1.00,63.90,1.87,true,0,
7290000263359,false,חיתולים ליטל בייביז מידה 1 האגיס 40 יחידות,קימברלי קלארק ישראל שיווק בעמ,,"חיתולים מידה 1, לרך הנולד עד 6 ק""ג",,0.00,0.00,false,1.00,37.90,0.94,true,0,
7290000287492,false,"סנובון נוזל לניקוי אסלות בריח לימון סנו 750 מ""ל",החברה הדרומית לשיווק בעמ,,נוזל אסלה עם אפקט הקצף הפעיל בניחוח לימון,"מ""ל",750.00,100.00,false,1.00,11.90,0.00,true,0,
7290000288024,false,סנו - ז'אוול אקונומיקה בריח לימון 4 ליטר,החברה הדרומית לשיווק בעמ,,אקונומיקה בריח לימון,ליטר,4.00,1.00,false,1.00,17.90,4.47,true,0,
7290000288291,false,סנומט דוחה יתושים לוחיות אידוי 30 יחידות,החברה הדרומית לשיווק בעמ,,לוחיות אידוי למכשיר חשמלי דוחה יתושים,,0.00,0.00,false,1.00,9.90,0.00,true,0,
7290000288307,false,סנומט דוחה יתושים- מכשיר+ 30 טבליות,קריות זול,,מכשיר חשמלי ומילוי נוזלי להרחקת יתושים,,0.00,0.00,false,1.00,29.90,0.00,true,0,
<<<<<<< HEAD
7290000288352,false,"קוטל חרקים וזוחלים K-300 סנו 630 מ""ל","סנו מפעלי ברונוס בע""מ",,K300 לקטילה מיידית ומתמשכת של תיקנים נמלים וחרקים זוחלים,,0.00,100.00,false,1.00,22.90,0.00,true,0,
7290000288413,false,סנו-די דוחה יתושים כדורי סנו 50 גרם,גוד פוד פרודקטס S.p,,כדורית רול און,,0.00,100.00,false,1.00,17.90,0.00,true,0,
7290000288420,false,"תרסיס דוחה יתושים סנו די 175 מ""ל",סנו מפעלי ברונוס בע',,תרסיס דוחה יתושים למספר שעות,,0.00,100.00,false,1.00,17.90,0.00,true,0,
7290000288444,false,סנו די נוזלי נגד יתו,קוסמופארם,,נוזל דוחה יתושים ומונע עקיצות,,0.00,0.00,false,1.00,17.90,0.00,true,0,
7290000288659,false,"סנו - די רולאון דוחה יתושים ג'ונגל 50 מ""ל",טרופיקל דגיל תעשיות,,ג'ונגל רול און דוחה יתושים לטיולים ולקמפינג,,0.00,100.00,false,1.00,17.90,0.00,true,0,
7290000288727,false,סנו מקסימה אבקת כביסה מאסק מילוי 1.25,קריות זול,,אבקת כביסה בניחוח מאסק,"ק""ג",1.25,1.00,false,1.00,12.90,10.32,true,0,
7290000288840,false,סנו - מים מזוקקים 2 ליטר,החברה הדרומית,IL,מים מזוקקים,,0.00,1.00,false,1.00,13.90,6.95,true,0,
7290000289069,false,סנו - ז'אוול מרסס קצף ניקוי בתוספת אקונומיקה בריח לימון 1 ליטר,"סנו מפעלי ברונוס בע""מ",,קצף ניקוי בתוספת אקונומיקה,,0.00,100.00,false,1.00,16.90,0.00,true,0,
7290000289236,false,K3 נמלים פיתיון ג'ל - קוטל נמלים בבית ובחצר,"סנו מפעלי ברונוס בע""\מ",IL,K- 3 פיתיון ג'ל קוטל נמלים בבית ובחצר,,0.00,100.00,false,1.00,49.90,0.04,true,0,
=======
7290000288352,false,"קוטל חרקים וזוחלים K-300 סנו 630 מ""ל",החברה הדרומית לשיווק בעמ,,K300 לקטילה מיידית ומתמשכת של תיקנים נמלים וחרקים זוחלים,,0.00,100.00,false,1.00,22.90,0.00,true,0,
7290000288413,false,סנו-די דוחה יתושים כדורי סנו 50 גרם,החברה הדרומית לשיווק בעמ,,כדורית רול און,,0.00,100.00,false,1.00,17.90,0.00,true,0,
7290000288420,false,"תרסיס דוחה יתושים סנו די 175 מ""ל",החברה הדרומית לשיווק בעמ,,תרסיס דוחה יתושים למספר שעות,,0.00,100.00,false,1.00,17.90,0.00,true,0,
7290000288444,false,סנו די נוזל להגנה מיתושים 50 מ``ל,החברה הדרומית לשיווק בעמ,,נוזל דוחה יתושים ומונע עקיצות,,0.00,0.00,false,1.00,17.90,0.00,true,0,
7290000288659,false,"סנו - די רולאון דוחה יתושים ג'ונגל 50 מ""ל",החברה הדרומית לשיווק בעמ,,ג'ונגל רול און דוחה יתושים לטיולים ולקמפינג,,0.00,100.00,false,1.00,17.90,0.00,true,0,
7290000288727,false,סנו מקסימה אבקת כביסה מאסק מילוי 1.25,החברה הדרומית לשיווק בעמ,,אבקת כביסה בניחוח מאסק,"ק""ג",1.25,1.00,false,1.00,12.90,10.32,true,0,
7290000288840,false,מים מזוקקים 2 ליטר לגיהוץ,החברה הדרומית לשיווק בעמ,IL,מים מזוקקים,,0.00,1.00,false,1.00,13.90,6.95,true,0,
7290000289069,false,סנו - ז'אוול מרסס קצף ניקוי בתוספת אקונומיקה בריח לימון 1 ליטר,החברה הדרומית לשיווק בעמ,,קצף ניקוי בתוספת אקונומיקה,,0.00,100.00,false,1.00,16.90,0.00,true,0,
7290000289236,false,K3 נמלים פיתיון ג'ל - קוטל נמלים בבית ובחצר,החברה הדרומית לשיווק בעמ,IL,K- 3 פיתיון ג'ל קוטל נמלים בבית ובחצר,,0.00,100.00,false,1.00,49.90,0.04,true,0,
>>>>>>> d048ac2f4f281c9d788043ab4e81b61b0dbe3743
7290000289595,false,"אורביטול משחת שיניים לילדים בטעם תות שדה 145 מ""ל",טרופיקל דגיל תעשיות קוסמ,,משחת שיניים לילדים בטעם תות שדה,גרם,145.00,100.00,false,1.00,11.90,0.00,true,0,
7290000292007,false,K3 פיתיון ג'ל קוטל תיקנים (ג'וקים) בבית ובחצר,החברה הדרומית לשיווק בעמ,IL,K- 3 פיתיון ג'ל,,0.00,100.00,false,1.00,49.90,0.04,true,0,
7290000292533,false,סנו גל לניקוי כללי על בסיס שמן אורנים 1ל,החברה הדרומית לשיווק בעמ,IL,ג'ל לניקוי כללי על בסיס שמן אורנים טבעי,,0.00,1.00,false,1.00,16.90,16.90,true,0,
7290000292557,false,סנומט מלוי נוזלי דוחה יתושים 45 לילות,החברה הדרומית לשיווק בעמ,,,,0.00,1.00,false,1.00,17.90,0.51,true,0,
7290000292564,false,סנו K-2000 תרסיס מיקרו קפסולרי ללא ריח 750 מ”ל,החברה הדרומית לשיווק בעמ,,K2000 ללא ריח,,0.00,100.00,false,1.00,32.90,0.00,true,0,
7290000292687,false,סנובון מוצק לניקוי אסלה קלאסיק כחול סנו 3 יחידות,החברה הדרומית לשיווק בעמ,,סבון אסלה כחול,,0.00,0.00,false,1.00,16.90,5.63,true,0,
7290000293820,false,"קרמה מן שמפו וג'ל גל רחצה אקטיב בלוק 700מ""ל",החברה הדרומית לשיווק בעמ,IL,שמפו וג'ל רחצה קרבון פאואר 2 ב-1,,0.00,100.00,false,1.00,22.90,0.00,true,0,
7290000295336,false,סנו מקסימה אבקת כביסה סנסטיב מילוי1.25,החברה הדרומית לשיווק בעמ,,אבקת כביסה סנסטיב,"ק""ג",1.25,1.00,false,1.00,12.90,10.32,true,0,
7290000295541,false,רב מגבת ג'מבו סנו סושי 75 יחידות,החברה הדרומית לשיווק בעמ,,רב-מגבת,,0.00,0.00,false,1.00,17.90,0.23,true,0,
7290000297989,false,ליידי פיצ.ק. הזנה,General,,ליידי פיצפון קרם הזנה לגוף לתקופת ההריון היפואלרגני,"מ""ל",200.00,100.00,false,1.00,49.90,0.00,true,0,
7290000299907,false,דר פישר פינק דאו רול און 100 מל,"ד""ר פישר Dr fischer",IL,פינק דאודורנט אנטי-פרספירנט רול און,,0.00,0.00,false,1.00,15.90,0.15,true,0,
7290000341071,false,בדין - מרכך כביסה בייבי לבן 2 ליטר,"יוניליוור ישראל שיווק בע""מ",,בייבי מרכך כביסה,ליטר,2.00,1.00,false,1.00,18.90,9.45,true,0,
7290000346205,false,חליטת קמומיל הגן הקסום ויסוצקי 25 יחידות,תה ויסוצקי (ישראל) בעמ,,חליטת פירות וצמחים קמומיל,,0.00,0.00,false,1.00,19.90,0.79,true,0,
7290000347738,false,תה ירוק בתוספת עלי נענע 25 שקיקים,תה ויסוצקי (ישראל) בעמ,,תה ירוק נענע,,0.00,0.00,false,1.00,26.90,1.07,true,0,
7290000347752,false,תה ירוק לימונית ולואיזה 25 שקיקים *1.5 ג'' ויסוצקי,תה ויסוצקי (ישראל) בעמ,,תה ירוק לימונית ולואיזה,,0.00,0.00,false,1.00,26.90,1.07,true,0,
7290000412481,false,נוזל לניקוי אסלות 00 סנו (1 ליטר),החברה הדרומית לשיווק בעמ,IL,00 מנקה אסלות,,0.00,1.00,false,1.00,8.90,8.90,true,0,
7290000442013,false,"פמינה - שטיפה אינטימית לנערות 220 מ""ל",פמינה,,תחליב רחצה אינטימי לנערות,,0.00,100.00,false,1.00,24.90,0.00,true,0,
7290000442044,false,פמינה תחליב רחצה אינטימי חמוציות 220 מל,גורי ע.ע.ע. בע`מ,,תחליב רחצה אינטימי חמוציות,,0.00,100.00,false,1.00,29.90,0.00,true,0,
7290000442587,false,"קרם רב שימושי תוספת 33% גינקו 220 מ""ל.",כ.צ.ט,,קרם רב שימושי,"מ""ל",250.00,100.00,false,1.00,24.90,0.00,true,0,
7290000442822,false,קרם קורגה אולטרה 40 גרם,גורי,,אולטרה קרם להצמדת שיניים תותבות,,0.00,100.00,false,1.00,30.90,0.00,true,0,
7290000560533,false,אדג`פרו ג`ל לגילוח רגיל ירוק 220 מל,אס.סי ג'ונסון ובניו,,ג'ל גילוח לעור רגיל,"מ""ל",225.00,100.00,false,1.00,18.90,0.00,true,0,
7290000560540,false,אדג`פרו ג`ל לגילוח עור רגיש כתום220,המאפיה של הרמן,,ג`ל גילוח לעור רגיש,גרם,198.00,100.00,false,1.00,18.90,0.00,true,0,
7290000560588,false,אדג גל גילוח רגיש 78 גרם,General,,ג'ל גילוח רגיש,,0.00,100.00,false,1.00,15.90,0.00,true,0,
7290000689180,false,בליסטקס שפתון-סטיק מנטה,מדיליין פריגו,,שפתון בטעם מנטה עם מסנני קרינה לשפתיים יבשות וסדוקות SPF 15,,0.00,100.00,false,1.00,15.90,0.03,true,0,
7290000692135,false,ספיד סטיק דאו בסיסי ירוק א.פ פרש פאוור,קולגייט-פלמוליב,TR,דאודורנט סטיק פאוור פרש,,0.00,100.00,false,1.00,25.90,0.00,true,0,
7290000802909,false,עדינול משחה לתינוק 100גר,מיוצר עי קונדיטוריית,,משחה לתינוק,,0.00,0.00,false,1.00,16.90,0.16,true,0,
7290000803067,false,"משחת שיניים לילדים גילאים 6-2 אלמקס 75 מ""ל",הנסיך- מפעל לייצור ט,,משחת שיניים ילדים לגילאי 2-6,"מ""ל",75.00,100.00,false,1.00,17.90,0.00,true,0,
7290000803180,false,"מרידול-שטיפת פה דנטלית 400 מ""ל",קולגייט פלמוליב,,מי פה לחניכיים רגישות,"מ""ל",400.00,100.00,false,1.00,29.90,0.00,true,0,
7290000804484,false,אלמקס שטיפת פה דנטלית למניעת עששת 400מל,קולגייט פלמוליב,,שטיפה דנטלית להגנה מפני עששת,"מ""ל",400.00,100.00,false,1.00,29.90,0.00,true,0,
7290000849478,false,"סרקל מרכך שיער לילדים 500 מ""ל",פישר מעבדות פרמצבטיות בע,,מרכך לילדים,גרם,500.00,100.00,false,1.00,19.90,0.00,true,0,
7290000849492,false,"סרקל שמפו לילדים 500 מ""ל",פישר תעשיות פרמבצטיות בעמ,,שמפו לילדים,גרם,500.00,100.00,false,1.00,19.90,0.00,true,0,
7290001136287,false,"שמפו לשיער רגיל בבושם פרחים נקה 7 750 מ""ל",החברה הדרומית לשיווק בעמ,,שמפו לשיער רגיל,,0.00,100.00,false,1.00,12.90,0.00,true,0,
7290001136294,false,"שמפו לשיער יבש בבישום פרחים נקה 7 750 מ""ל",החברה הדרומית לשיווק בעמ,,שמפו לשיער יבש,,0.00,100.00,false,1.00,8.00,0.00,true,0,
7290001136683,false,"מרכך לשיער רגיל בבושם פרחים נקה 7 750 מ""ל",החברה הדרומית לשיווק בעמ,,קונדישינר לשיער רגיל,,0.00,100.00,false,1.00,8.00,0.00,true,0,
7290001136799,false,נקה 7 תחליב רחצה ארומה ורוד יסמין 1 ל',החברה הדרומית לשיווק בעמ,,תחליב רחצה עשיר בלחות למגע רך וקטיפתי ורד ויסמין,,0.00,1.00,false,1.00,16.90,16.90,true,0,
7290001136973,false,נקה 7 תחליב רחצה ארומה קמומיל לבן 1 ל',החברה הדרומית לשיווק בעמ,,תחליב רחצה מועשר בשמנים ארומטים קמומיל,,0.00,1.00,false,1.00,16.90,16.90,true,0,
7290001204184,false,סבוקלם קלאסיק קרם לחות מרגיע לגוף 250 מל,טטרה פארם,,קרם גוף מרגיע להרגעת עור יבש ואדמומי,"מ""ל",250.00,100.00,false,1.00,59.90,0.00,true,0,
7290001204320,false,"סבוקלם טריפל לייט 70 מ""ל",טטרה פארם,,סנסטיב קרם לחות דמי מייק-אפ SPF 30,,0.00,100.00,false,1.00,96.90,0.01,true,0,
7290001204375,false,סבוקלם אינוביישן מוס ניקוי 100 מל,טטרה פארם,,אינוביישן מוס ניקוי לעור נקי רענן וזוהר,,0.00,0.00,false,1.00,84.90,0.84,true,0,
7290001204382,false,סבוקלם אינוביישן קרם פנים נגד קמטים 50,סבוקלם Sebocalm,,אינוביישן קרם פנים נגד קמטים,,0.00,100.00,false,1.00,199.90,0.03,true,0,
7290001204399,false,סבוקלם אינוביישן קרם עיניים נגד קמטים,טטרה פארם,,אינוביישן קרם עיניים נגד קמטים,,0.00,100.00,false,1.00,199.90,0.13,true,0,
7290001204641,false,אינוביישן סנסטיב פיטו סרום לעור גמיש במראה צעיר וזוהר,סבוקלם Sebocalm,,אינוביישן סנסטיב פיטו סרום לעור גמיש במראה צעיר וזוהר,,0.00,100.00,false,1.00,199.90,0.06,true,0,
7290001204832,false,סבוקלם קלאסיק חמאת גוף שיאה 250 מל,טטרה פארם,,"חמאת גוף שיאה לריכוך, הזנה ומניעת יובש","מ""ל",250.00,100.00,false,1.00,79.90,0.00,true,0,
7290001204993,false,סבוקלם קלאסיק סרום טיפוח 60 מל,סבוקלם Sebocalm,,סרום טיפוח להרגעת עור רגיש,,0.00,100.00,false,1.00,99.90,0.01,true,0,
7290001305058,false,"פלמוליב - נטורלס תחליב רחצה חלב ודבש 500 מ""ל",הנסיך- מפעל לייצור ט,,תחליב רחצה מועשר ברכיבים איכותיים של חלב ודבש,"מ""ל",500.00,100.00,false,1.00,18.90,0.00,true,0,
7290001305188,false,"נוזל לניקוי כלים בריח לימון פלמוליב 750 מ""ל",יבואן ומשווק: ש. שסט,GR,סבון כלים פריחת הלימון,"מ""ל",750.00,100.00,false,1.00,11.90,0.00,true,0,
7290001338100,false,סקין גארד תחליב הגנה 250 50 לעור רגיש,מיוצר עי : אמיליה קוסמטי,,תחליב הגנה לעור רגיש ובהיר במיוחד SPF50,,0.00,100.00,false,1.00,39.90,0.00,true,0,
7290001338155,false,"סקינגארד קרם הגנה לפנים 60 מ""ל SPF50",החברה הדרומית לשיווק בעמ,,קרם הגנה לפנים SPF50,,0.00,100.00,false,1.00,29.90,0.00,true,0,
7290001589342,false,"ספירה תחליב אנתוש יתושים, 70 מ""ל",סאסא קוסמטיקס,,אנתוש דוחה יתושים,,0.00,100.00,false,1.00,17.90,0.00,true,0,
7290001594155,false,"קוקה-קולה בבקבוק אישי 500 מ""ל",החברה המרכזית להפצת משקאות בעמ,,קולה,,0.00,100.00,false,1.00,8.90,0.00,true,0,
7290001594179,false,"פאנטה אורנג' בבקבוק אישי 500 מ""ל",החברה המרכזית להפצת משקאות בעמ,,משקה אורנג',"מ""ל",500.00,100.00,false,1.00,8.90,0.00,true,0,
7290001594186,false,"דיאט קוקה-קולה בבקבוק אישי 500 מ""ל",החברה המרכזית להפצת משקאות בעמ,,משקה קולה דיאט,,0.00,100.00,false,1.00,8.90,0.00,true,0,
7290001594230,false,קינלי סודה בבקבוק זכוכית,החברה המרכזית להפצת משקאות בעמ,,משקה קינלי סודה,"מ""ל",250.00,100.00,false,1.00,5.00,0.00,true,0,
7290001594377,false,פריגת תפוזים 0.5 ליטר חייב בפקדון,החברה המרכזית להפצת משקאות בעמ,,משקה תפוזים,"מ""ל",500.00,100.00,false,1.00,8.90,0.00,true,0,
7290001594391,false,"פריגת משקה קל ענבים בבקבוק אישי 500 מ""ל",החברה המרכזית להפצת משקאות בעמ,,משקה ענבים,"מ""ל",500.00,100.00,false,1.00,8.90,0.00,true,0,
7290001791356,false,"פרש מבשם אויר אוטומטי בניחוח לבנדר סנו 250 מ""ל",החברה הדרומית לשיווק בעמ,IL,פרש הום מבשם אויר מילוי למכשיר אוטומטי בניחוח בלו אייר,,0.00,100.00,false,1.00,15.90,0.00,true,0,
7290001791776,false,"סנו-די דוחה יתושים רול און עם אלוורה סנו 50 מ""ל",החב. הדרומית לשיווק,,רול און פלוס אלוורה,,0.00,100.00,false,1.00,17.90,0.00,true,0,
7290001973233,false,"קמיל בלו מגבונים לחים סנסיטיב ד""ר פישר 120 יחידות","פישר תעשיות פרמבצטיות בע""מ",,סנסיטיב מגבונים עדינים,,0.00,0.00,false,1.00,13.90,0.11,true,0,
7290001973332,false,"קמיל בלו מגבונים לפנים סנסיטיב ד""ר פישר 60 יחידות",פישר תעשיות פרמבצטיות בעמ,,סנסיטיב מגבוני פנים לתינוק,,0.00,0.00,false,1.00,8.90,0.14,true,0,
7290001973363,false,מגבונים קמיל בלו ליציאה שקית 30 יח,פישר תעשיות פרמבצטיות בעמ,IL,סנסיטיב מגבונים עבים במיוחד TO-GO,,0.00,0.00,false,1.00,8.90,0.29,true,0,
7290002000136,false,מגע הדבש -שעווה להסרת שיער למיקרוגל 500 גרם,"ש. שוורץ )באר שבע( בע""\מ",,שעווה לחימום במיקרוגל - דבש ופרופוליס,,0.00,100.00,false,1.00,27.90,0.00,true,0,
7290002000143,false,"חדש -פנג'ל ק.ידיים קלאסיק 80מ""ל",מיוצר עי קונדיטוריית,,קרם ידיים קלאסיק,,0.00,0.00,false,1.00,8.90,0.00,true,0,
7290002000266,false,שעווה מגע המשי הדבש תפוח למיקרו 500 גרם,המאפיה של הרמן,,שעווה לחימום במיקרוגל - דבש ותפוח,גרם,500.00,100.00,false,1.00,27.90,0.00,true,0,
7290002002857,false,ניירות להסרת שיער בשעווה 50 יחידות,"איטיליאן פוד, אס.פי.",,ניירות להסרת שיער בשעווה,,0.00,0.00,false,1.00,29.90,0.59,true,0,
7290002041009,false,"חלאבילין אורגינל 10 מ""ל",תעשיות שיק,,חלאבילין קומפלט קרם דאודורנט לבית השחי,,0.00,100.00,false,1.00,39.90,0.03,true,0,
7290002041368,false,"מידנייט דאודורנט ספריי 150 מ""ל",חלאבין,,מידנייט דאודורנט ספריי,"מ""ל",187.00,100.00,false,1.00,18.90,0.00,true,0,
7290002041801,false,"קרם גוף לאב ליין 275 מ""ל",תעשיות שיק,,לאבליין קרם גוף,"מ""ל",275.00,100.00,false,1.00,39.90,0.00,true,0,
7290002041818,false,"דאו.רול און מידנייט80מ""ל",תעשיות שיק,,מידנייט דאודורנט רול-און עד 48 שעות,,0.00,100.00,false,1.00,18.90,0.00,true,0,
7290002041832,false,דאו.רול און לאב ליין80מ,חלאבין,,לאבליין דאודורנט רול-און עד 48 שעות,,0.00,100.00,false,1.00,18.90,0.00,true,0,
7290002269953,false,קרליין - מסיר איפור דו פאזי כחול,קרליין,,מסיר איפור,"מ""ל",170.00,100.00,false,1.00,44.90,0.00,true,0,
7290002331018,false,"נביעות מים עם פקק ספורט 500מ""ל",החברה המרכזית להפצת משקאות בעמ,,מים מינרלים,,0.00,100.00,false,1.00,4.90,0.00,true,0,
7290002331025,false,"מים מינרלים נביעות ספורט 500 מ""ל פקדון",החברה המרכזית להפצת משקאות בעמ,,מים מינרלים עם פקק נוח לשתיה,,0.00,100.00,false,1.00,5.90,0.00,true,0,
7290002331094,false,"מים מינרליים GO TO נביעות 755 מ""ל",החברה המרכזית להפצת משקאות בעמ,,מים מינרלים טו גו,"מ""ל",755.00,100.00,false,1.00,6.90,0.00,true,0,
7290002331155,false,מים נביעות בטעם אפרסק 0.5 ליטר,החברה המרכזית להפצת משקאות בעמ,,בטעם אפרסק עדין,"מ""ל",500.00,100.00,false,1.00,8.90,0.00,true,0,
7290002331490,false,מים מינרלים נביעות (1 ליטר),החברה המרכזית להפצת משקאות בעמ,,מים מינרלים,,0.00,1.00,false,1.00,5.90,5.90,true,0,
7290002331711,false,נביעות מים מינרלים בטעם ענבים0.5ליטר,החברה המרכזית להפצת משקאות בעמ,,בטעם ענבים עדין,,0.00,100.00,false,1.00,8.90,0.00,true,0,
7290002427032,false,מורז קרם פוליגונום ליום לעור רגיל/שמן,מורז,,קרם יום פוליגונום לעור רגיל עד שמן,,0.00,100.00,false,1.00,69.90,0.01,true,0,
7290002427087,false,מורז מארז כינקייר שמפו+מרכך,מורז,,"מארז כינקייר - שמפו, מרכך רוזמרין ומסרק כינים",,0.00,100.00,false,1.00,64.90,0.00,true,0,
7290002448051,false,דייסת סוכר ענבים פרינוק 500 גרם,סטאר סנקס,,סוכר ענבים,,0.00,100.00,false,1.00,16.90,0.00,true,0,
<<<<<<< HEAD
7290002515333,false,"ד""ר פישר - קמיל בלו סנסיטיב אל סבון עדין לתינוק 500 מ""ל",פישר מעבדות פרמצבטיות בע,,סנסיטיב אל סבון עדין לתינוק,"מ""ל",500.00,100.00,false,1.00,19.90,0.00,true,0,
7290002515364,false,"קמיל בלו אל סבון לתינוק קלאסיק ד""ר פישר 500 מ""ל",פישר מעבדות פרמצבטיות בע,,אל סבון מועשר בלחות משאבה,גרם,500.00,100.00,false,1.00,17.90,0.00,true,0,
7290002515371,false,"קמיל בלו אל סבון לתינוקות ד""ר פישר 1 ליטר",פישר מעבדות פרמצבטיות בע,,אל סבון מועשר בלחות,גרם,1000.00,100.00,false,1.00,26.90,0.00,true,0,
7290002674221,false,"אקווה פרש משחת שינים משאבה מנטה 100 מ""ל",גלקסו סמית קליין,,משחת שיניים משאבה מנטה,,0.00,0.00,false,1.00,20.90,0.20,true,0,
7290002730262,false,"נוזל לניקוי כלים קלאסי פלמוליב 750 מ""ל",יבואן ומשווק: ש. שסט,GR,סבון כלים קלאסי,,0.00,100.00,false,1.00,11.90,0.00,true,0,
7290002730354,false,תחבושת הגיינית וניה מקסי לילה 12 יח',CILAG GMBH INTERNATI,,תחבושת הגיינית maxi,,0.00,0.00,false,1.00,25.90,2.15,true,0,
=======
7290002515333,false,"ד""ר פישר - קמיל בלו סנסיטיב אל סבון עדין לתינוק 500 מ""ל","פישר תעשיות פרמצביטות בע""מ",,סנסיטיב אל סבון עדין לתינוק,"מ""ל",500.00,100.00,false,1.00,19.90,0.00,true,0,
7290002515364,false,"קמיל בלו אל סבון לתינוק קלאסיק ד""ר פישר 500 מ""ל","פישר תעשיות פרמצביטות בע""מ",,אל סבון מועשר בלחות משאבה,גרם,500.00,100.00,false,1.00,17.90,0.00,true,0,
7290002515371,false,"קמיל בלו אל סבון לתינוקות ד""ר פישר 1 ליטר","פישר תעשיות פרמצביטות בע""מ",,אל סבון מועשר בלחות,גרם,1000.00,100.00,false,1.00,26.90,0.00,true,0,
7290002674221,false,"אקווה פרש משחת שינים משאבה מנטה 100 מ""ל",גלקסו סמית קליין,,משחת שיניים משאבה מנטה,,0.00,0.00,false,1.00,20.90,0.20,true,0,
7290002730262,false,נוזל לניקוי כלים קלאסי פלמוליב (750 מל),יבואן ומשווק: ש. שסט,GR,סבון כלים קלאסי,,0.00,100.00,false,1.00,11.90,0.00,true,0,
7290002730354,false,תחבושת הגיינית וניה מקסי לילה 12 יח',ש.שסטוביץ בעמ,,תחבושת הגיינית maxi,,0.00,0.00,false,1.00,25.90,2.15,true,0,
>>>>>>> d048ac2f4f281c9d788043ab4e81b61b0dbe3743
7290002730675,false,"קולגייט משחת שיניים אדומה משפחתי 100 מ""ל",קולגייט-פלמוליב,,משחת שיניים קולגייט אדומה להגננה מפני עששת,,0.00,0.00,false,1.00,9.90,0.09,true,0,
7290002730811,false,"משחת שיניים ג'ל פסים מרעננים קולגייט 100 מ""ל",הנסיך- מפעל לייצור ט,,משחת שיניים ג'ל פסים מרעננים,,0.00,0.00,false,1.00,13.90,0.13,true,0,
7290002730958,false,סבון מוצק בניחוח זיתים ואלוורה פלמוליב 4*100 גרם,הנסיך- מפעל לייצור ט,,סבון מוצק מועשר בתמציות אלוורה וזיתים,,0.00,100.00,false,1.00,19.90,0.00,true,0,
7290002752332,false,"סוכריות מנטוס פירות בגליל, 37.5 גרם",הדקלאים אגודת שיתופי,,סוכריות בטעם פירות,,0.00,100.00,false,1.00,3.90,0.00,true,0,
<<<<<<< HEAD
7290002752349,false,סוכריות מנטוס מנטה 40יח' בגליל 38ג',פרפטי ואן מלה,,סוכריות בטעם מנטה,,0.00,100.00,false,1.00,2.50,0.00,true,0,
7290002768043,false,"תיאדנט מי-פה ענק פלאוריד 150 מ""ל",אמיליה קוסמטיקס בע'\'\מ,,מי פה עם פלואוריד,"מ""ל",150.00,100.00,false,1.00,19.90,0.00,true,0,
7290002782131,false,"פנינה רוזנבלום - דאודורנט ספריי לאישה מס' 1 150 מ""ל",פנינה רוזנבלום,,דאודורנט ספריי מספר 1 לאישה,"מ""ל",150.00,100.00,false,1.00,37.90,0.00,true,0,
7290002782742,false,"פנינה רוזנבלום - דאודורנט ספריי לאישה מס' 2 150 מ""ל",פנינה רוזנבלום,,דאודורנט לנשים מספר 2,"מ""ל",150.00,100.00,false,1.00,31.90,0.00,true,0,
7290002782759,false,"פנינה קרם גוף רוזנבלום 400 מ""ל",פנינה רוזנבלום,,קרם גוף מספר 2,"מ""ל",340.00,100.00,false,1.00,35.90,0.00,true,0,
7290002834687,false,"שמן גזר איכותי למראה שזוף עם מסנני קרינה SPF-6, מכיל 285 סמ""ק",איתן ספקים E,,שמן גזר למראה שזוף SPF6,,0.00,0.00,false,1.00,78.90,0.00,true,0,
7290002904694,false,"טיטניום דאודורנט ספריי לגברים 150 מ""ל","אמיליה קוסמטיקס בע""מ",,דאודורנט ספריי לגבר,"מ""ל",180.00,100.00,false,1.00,16.90,0.00,true,0,
7290002925729,false,"גם וגם משחת שיניים כחול ומי פה בטעם פפרמינט 120 מ""ל","אמיליה קוסמטיקס בע""מ",,משחת שיניים ומי פה בתכשיר אחד פפרמינט,"מ""ל",120.00,100.00,false,1.00,17.90,0.00,true,0,
7290003015917,false,סנומט רולון דוחה יתוש אישי עם אלוורה 50מ,סנומט,,רול און דוחה יתושים אישי אלוורה,,0.00,100.00,false,1.00,17.90,0.00,true,0,
7290003026029,false,"ד""ר פישר - קמיל בלו סנסיטיב שמפו אלדמע 500 מ""ל",פישר מעבדות פרמצבטיות בע,,סנסיטיב שמפו ללא דמעות,"מ""ל",500.00,100.00,false,1.00,19.90,0.00,true,0,
7290003026036,false,"ד""ר פישר - קמיל בלו סנסיטיב אל סבון עדין לתינוק 1 ליטר",פישר מעבדות פרמצבטיות בע,,סנסיטיב אל סבון עדין לתינוק,"מ""ל",1000.00,100.00,false,1.00,32.90,0.00,true,0,
7290003026227,false,"קמיל בלו שמפו לתינוק סנסיטיב אל דמע ד""ר פישר 1 ליטר",פישר מעבדות פרמצבטיות בע,,סנסיטיב שמפו ללא דמעות,"מ""ל",1000.00,100.00,false,1.00,32.90,0.00,true,0,
7290003026234,false,"ד""ר פישר - קמיל בלו תחליב לתינוק 500 מ""ל",פישר מעבדות פרמצבטיות בע,,סנסיטיב תחליב לתינוק,"מ""ל",500.00,100.00,false,1.00,32.90,0.00,true,0,
7290003026319,false,"קמיל בלו משחת החתלה לתינוק ד""ר פישר 120 גרם",פישר מעבדות פרמצבטיות בע,,סנסיטיב משחה לתינוק,גרם,120.00,100.00,false,1.00,21.90,0.00,true,0,
=======
7290002752349,false,סוכריות מנטוס מנטה 40יח' בגליל 38ג',ליימן שליסל בעמ,,סוכריות בטעם מנטה,,0.00,100.00,false,1.00,2.50,0.00,true,0,
7290002768043,false,"תיאדנט מי-פה ענק פלאוריד 150 מ""ל",החברה הדרומית לשיווק בעמ,,מי פה עם פלואוריד,"מ""ל",150.00,100.00,false,1.00,19.90,0.00,true,0,
7290002782131,false,"פנינה רוזנבלום - דאודורנט ספריי לאישה מס' 1 150 מ""ל","פנינה רוזנבלום בע""מ",,דאודורנט ספריי מספר 1 לאישה,"מ""ל",150.00,100.00,false,1.00,37.90,0.00,true,0,
7290002782742,false,"פנינה רוזנבלום - דאודורנט ספריי לאישה מס' 2 150 מ""ל","פנינה רוזנבלום בע""מ",,דאודורנט לנשים מספר 2,"מ""ל",150.00,100.00,false,1.00,31.90,0.00,true,0,
7290002782759,false,קרם גוף מספר 2 פנינה רוזנבלום (340 מל),"פנינה רוזנבלום בע""מ",,קרם גוף מספר 2,"מ""ל",340.00,100.00,false,1.00,35.90,0.00,true,0,
7290002834687,false,"שמן גזר איכותי למראה שזוף עם מסנני קרינה SPF-6, מכיל 285 סמ""ק",איתן ספקים E,,שמן גזר למראה שזוף SPF6,,0.00,0.00,false,1.00,78.90,0.00,true,0,
7290002904694,false,"טיטניום דאודורנט ספריי לגברים 150 מ""ל",החברה הדרומית לשיווק בעמ,,דאודורנט ספריי לגבר,"מ""ל",180.00,100.00,false,1.00,16.90,0.00,true,0,
7290002925729,false,"גם וגם משחת שיניים כחול ומי פה בטעם פפרמינט 120 מ""ל",החברה הדרומית לשיווק בעמ,,משחת שיניים ומי פה בתכשיר אחד פפרמינט,"מ""ל",120.00,100.00,false,1.00,17.90,0.00,true,0,
7290003015917,false,סנומט רולון דוחה יתוש אישי עם אלוורה 50מ,החברה הדרומית לשיווק בעמ,,רול און דוחה יתושים אישי אלוורה,,0.00,100.00,false,1.00,17.90,0.00,true,0,
7290003026029,false,"ד""ר פישר - קמיל בלו סנסיטיב שמפו אלדמע 500 מ""ל","פישר תעשיות פרמצביטות בע""מ",,סנסיטיב שמפו ללא דמעות,"מ""ל",500.00,100.00,false,1.00,19.90,0.00,true,0,
7290003026036,false,"ד""ר פישר - קמיל בלו סנסיטיב אל סבון עדין לתינוק 1 ליטר","פישר תעשיות פרמצביטות בע""מ",,סנסיטיב אל סבון עדין לתינוק,"מ""ל",1000.00,100.00,false,1.00,32.90,0.00,true,0,
7290003026227,false,"קמיל בלו שמפו לתינוק סנסיטיב אל דמע ד""ר פישר 1 ליטר","פישר תעשיות פרמצביטות בע""מ",,סנסיטיב שמפו ללא דמעות,"מ""ל",1000.00,100.00,false,1.00,32.90,0.00,true,0,
7290003026234,false,"ד""ר פישר - קמיל בלו תחליב לתינוק 500 מ""ל","פישר תעשיות פרמצבטיות בע""מ",,סנסיטיב תחליב לתינוק,"מ""ל",500.00,100.00,false,1.00,32.90,0.00,true,0,
7290003026319,false,"קמיל בלו משחת החתלה לתינוק ד""ר פישר 120 גרם","פישר תעשיות פרמצביטות בע""מ",,סנסיטיב משחה לתינוק,גרם,120.00,100.00,false,1.00,21.90,0.00,true,0,
>>>>>>> d048ac2f4f281c9d788043ab4e81b61b0dbe3743
7290003108268,false,קרם לחות להרגעת עור אדמומי ומגורה,סבוקלם Sebocalm,,קרם לחות להרגעת עור אדמומי ומגורה,,0.00,100.00,false,1.00,90.90,0.01,true,0,
7290003108299,false,סבוקלם קלאסיק ג'ל הרגעה 70 מל,טטרה פארם,,ג'ל הרגעה הקלה מיידית לתחושות מצוקה של העור,,0.00,100.00,false,1.00,54.90,0.00,true,0,
7290003108312,false,קרם יסודי ניקוי ועדין לעור רגיש,סבוקלם Sebocalm,,קרם ניקוי יסודי ועדין לעור רגיש,"מ""ל",250.00,100.00,false,1.00,64.90,0.00,true,0,
7290003108619,false,סבוקלם קלאסיק שמפו נגד קשקשים 250 מל,סבוקלם Sebocalm,,שמפו נגד קשקשים,,0.00,100.00,false,1.00,54.90,0.00,true,0,
7290003108626,false,סבוקלם קלאסיק קרם לחות לקרקפת 250 מל,סבוקלם Sebocalm,,קרם לחות לקרקפת להרגעת הקרקפת ולמניעת גירוי ויובש,,0.00,100.00,false,1.00,54.90,0.00,true,0,
7290003108633,false,סבוקלם קלאסיק קרם עשיר לאזורי יובש 50 מל,סבוקלם Sebocalm,,קרם עשיר להזנת העור ולמניעת יובש,,0.00,100.00,false,1.00,96.90,0.01,true,0,
7290003108640,false,סבוקלם קלאסיק קרם עיניים וצוואר 30 מל,סבוקלם Sebocalm,,קרם עיניים לחות והזנה לעור רגיש,,0.00,100.00,false,1.00,96.90,0.03,true,0,
7290003176106,false,הממליס היל קרם לעור (50),טעם טבע אלטמן,,,,0.00,0.00,false,1.00,78.90,0.00,true,0,
7290003227402,false,מידנייט תחליב גוף 275 מל,חלאבין,,מידנייט קרם גוף,"מ""ל",275.00,100.00,false,1.00,29.90,0.00,true,0,
7290003227822,false,חלאבלין SPORTS דאודורנט קרם לבית השחי,תעשיות שיק,,חלאבילין ספורט קרם דאודורנט לבית השחי,,0.00,100.00,false,1.00,39.90,0.03,true,0,
7290003227990,false,"חלאבילין קרם דאודורנט לאישה, 10 ג'",תעשיות שיק,,חלאבילין לנשים קרם דאודורנט לבית השחי,,0.00,100.00,false,1.00,39.90,0.03,true,0,
7290003387205,false,ספיד סטיק - דאודורנט סטיק לגבר רגולר,הנסיך- מפעל לייצור ט,,דאודורנט סטיק לגבר,,0.00,100.00,false,1.00,25.90,0.00,true,0,
7290003387373,false,דאודורנט ספיד סטיק בסיסי קלאסי פרש ספורט לגבר,הנסיך- מפעל לייצור ט,,דאודורנט סטיק קלאסי,,0.00,100.00,false,1.00,25.90,0.00,true,0,
<<<<<<< HEAD
7290003387410,false,שלישיית פדים להסרת איפור בלונס 80 יחידות,ספטונה,GR,פדים להסרת איפור,,0.00,0.00,false,1.00,24.90,0.10,true,0,
7290003401369,false,"קרם לחות לשיער חוחובה נטורל פורמולה 400 מ""ל",מיוצר עי אמיליה קוסמ,,לחות ועיצוב לשיער ללא שטיפה לשיער יבש מאוד ופגום,"מ""ל",400.00,100.00,false,1.00,18.90,0.00,true,0,
7290003401376,false,"קרם לחות ועיצוב לשיער אלוורה נטורל 400 מ""ל",מיוצר עי אמיליה קוסמ,,לחות ועיצוב לשיער ללא שטיפה לשיער רגיל עד יבש,"מ""ל",400.00,100.00,false,1.00,18.90,0.00,true,0,
7290003401642,false,"קרם לחות לתלתלים טבעיים נטורל פורמולה 400 מ""ל",מיוצר עי אמיליה קוסמ,,לחות מעצבת לתלתול טבעי,"מ""ל",400.00,100.00,false,1.00,26.90,0.00,true,0,
=======
7290003387410,false,שלישיית פדים להסרת איפור בלונס 80 יחידות,ש. שסטוביץ בע`מ,GR,פדים להסרת איפור,,0.00,0.00,false,1.00,24.90,0.10,true,0,
7290003401369,false,"קרם לחות לשיער חוחובה נטורל פורמולה 400 מ""ל",החברה הדרומית לשיווק בעמ,,לחות ועיצוב לשיער ללא שטיפה לשיער יבש מאוד ופגום,"מ""ל",400.00,100.00,false,1.00,18.90,0.00,true,0,
7290003401376,false,"קרם לחות ועיצוב לשיער אלוורה נטורל 400 מ""ל",החברה הדרומית לשיווק בעמ,,לחות ועיצוב לשיער ללא שטיפה לשיער רגיל עד יבש,"מ""ל",400.00,100.00,false,1.00,18.90,0.00,true,0,
7290003401642,false,"קרם לחות לתלתלים טבעיים נטורל פורמולה 400 מ""ל",החברה הדרומית לשיווק בעמ,,לחות מעצבת לתלתול טבעי,"מ""ל",400.00,100.00,false,1.00,26.90,0.00,true,0,
>>>>>>> d048ac2f4f281c9d788043ab4e81b61b0dbe3743
7290003441310,false,משחת רפאל לאשה המניקה,שלפארם,,משחת רפאל לאשה המניקה,,0.00,100.00,false,1.00,39.90,0.01,true,0,
7290003521074,false,סרקל מרכך שיער לילדים דר. פישר (1 ליטר),"פישר תעשיות פרמצביטות בע""מ",,מרכך לילדים,,0.00,1.00,false,1.00,28.90,28.90,true,0,
7290003521081,false,"סרקל שמפו אל דמע לילדים ד""ר פישר 1 ליטר","פישר תעשיות פרמצביטות בע""מ",,שמפו לילדים,,0.00,1.00,false,1.00,28.90,28.90,true,0,
7290003521128,false,יולקטין קרם פורטה 75 מל,פישר מעבדות פרמצבטיות בע,,קרם פורטה טיפולי לעור יבש במיוחד,,0.00,100.00,false,1.00,59.90,0.00,true,0,
7290003521142,false,"ד""ר פישר - יולקטין קרם רגליים 90 גרם",פישר מעבדות פרמצבטיות בע,,קרם פורטה טיפולי לכף הרגל לטיפול אינטנסיבי והקלה מיידית,,0.00,100.00,false,1.00,59.90,0.00,true,0,
7290003521166,false,"ד""ר פישר - סרקל קרם רוזמרין לילדים 325 מ""ל","פישר תעשיות פרמצביטות בע""מ",,קרם רוזמרין לילדים,"מ""ל",325.00,100.00,false,1.00,26.90,0.00,true,0,
7290003521197,false,"ד""ר פישר - סרקל תרסיס מתיר קשרים 340 מ""ל","פישר תעשיות פרמצביטות בע""מ",,תרסיס מתיר קשרים לילדים,"מ""ל",340.00,100.00,false,1.00,26.90,0.00,true,0,
7290003521760,false,"אפטרסול ג'ל אלוורה שפורפרת ד""ר פישר 200 מ""ל","פישר תעשיות פרמצביטות בע""מ",,AFTER-SUN ג'ל לחות לטיפול בעור אלוורה טבעית,גרם,200.00,100.00,false,1.00,29.90,0.00,true,0,
7290003522606,false,פארמה וויפס מגבונים אנטי-בקטריאליים 160,"ד""ר פישר Dr fischer",IL,פארמה וויפס מגבונים אנטי-בקטריאליים לניקוי וחיטוי משטחים ואביזרים רפואיים,,0.00,0.00,false,1.00,10.00,0.00,true,0,
7290003676316,false,רפיד בלונד 1+3 10 גרם,General,,אבקה להבהרת שיער 3+1,,0.00,1.00,false,1.00,8.90,0.89,true,0,
7290003953073,false,ופוקל לנשימה קלה 30 מל,תמר שיווק,,ואפוקל,,0.00,0.00,false,1.00,36.90,0.00,true,0,
7290003953196,false,ופוקל קיד לנשימה קלה30מל,תמר שיווק,IL,ואפוקל קיד בייבי,,0.00,100.00,false,1.00,49.90,0.01,true,0,
7290003953714,false,פנטיוורה,תמר שיווק,,,"מ""ל",195.00,100.00,false,1.00,76.90,0.00,true,0,
7290003953721,false,סורקס תרסיס פה 30 מל,תמר שיווק,,ספריי לפה,,0.00,100.00,false,1.00,69.90,0.02,true,0,
7290004078225,false,"שטיפת פה קולגייט פלקס מינט ירוק 500מ""ל",קולגייט- פלמוליב,,מי פה פלאקס ללא אלכוהול,"מ""ל",500.00,100.00,false,1.00,34.90,0.00,true,0,
7290004078690,false,"אגקס נוזל לניקוי אסלות מרענן 750 מ""ל",הנסיך- מפעל לייצור ט,GR,WC ג'ל עם אקונומיקה 3 ב- 1 בניחוח רענן,,0.00,100.00,false,1.00,16.90,0.00,true,0,
7290004078942,false,ליידי ספיד סטיק - דאודורנט ג'ל לאישה 65 גרם,קולגייט-פלמוליב,,דאודורנט ג'ל שאוור פרש,,0.00,100.00,false,1.00,14.90,0.00,true,0,
7290004103972,false,"לקטופיל קרם ידיים 100מ""ל",כ.צ.ט,,קרם ידיים טיפולי לידיים עובדות,,0.00,0.00,false,1.00,34.90,0.34,true,0,
7290004104306,false,טרמומטר לחדר עץ,איתן,,מד חום לחדר מעץ,,0.00,0.00,false,1.00,22.90,22.90,true,0,
7290004464851,false,מידנייט U קרם גוף 400 משאבה,חלאבין,,מידנייט U קרם גוף,"מ""ל",400.00,100.00,false,1.00,29.90,0.00,true,0,
7290004476618,false,שביט אובליפיחה קרם הזנה לפנים,הרבה דרם,,אובליפיחה -קרם הזנה לפנים ולעיניים לעור יבש ומבוגר,,0.00,100.00,false,1.00,76.90,0.01,true,0,
7290004546335,false,מברשת גילוח לומה,איתן ספקים E,,מברשת גילוח,,0.00,0.00,false,1.00,24.90,0.00,true,0,
7290004676322,false,תפוח קרם למניעת סימני מתיחה 200 מל,תפוח,IL,קרם למניעת סימני מתיחה,,0.00,100.00,false,1.00,82.90,0.00,true,0,
<<<<<<< HEAD
7290004731083,false,"סבון נוזלי לידיים ג'נסינג ""כיף""",טרופיקל דגיל תעשיות,,אל סבון קטיפתי ג'נסינג מועשר בלחות,,0.00,1.00,false,1.00,12.90,12.90,true,0,
7290004731472,false,"שלישיית אלסבון צבעוני כיף 500 מ""ל",טרופיקל דגיל תעשיות,,צבעוני אל סבון קטיפתי,,0.00,100.00,false,1.00,19.90,0.00,true,0,
=======
7290004731083,false,אל סבון נוזלי ג`ינסנג כיף (1 ליטר),החברה הדרומית לשיווק בעמ,,אל סבון קטיפתי ג'נסינג מועשר בלחות,,0.00,1.00,false,1.00,12.90,12.90,true,0,
7290004731472,false,"שלישיית אלסבון צבעוני כיף 500 מ""ל",החברה הדרומית לשיווק בעמ,,צבעוני אל סבון קטיפתי,,0.00,100.00,false,1.00,19.90,0.00,true,0,
>>>>>>> d048ac2f4f281c9d788043ab4e81b61b0dbe3743
7290004731816,false,סנו סושי מגבות הפלא למטבח 8 גלילים,סנו מפעלי ברונוס בעמ,IL,מגבות נייר,,0.00,0.00,false,1.00,14.90,1.86,true,0,
7290004731984,false,משחת שיניים אורביטול להלבנה 145 גר,טרופיקל דגיל תעשיות קוסמ,IL,משחת שיניים GO WHITE,,0.00,100.00,false,1.00,12.90,0.00,true,0,
7290005008191,false,"סבון נוזלי ארומה בניחוח לבנדר פטצ'ולי וילנג ילנג פלמוליב 500 מ""ל",הנסיך- מפעל לייצור ט,,"ארומה סנסיישן סבון רחצה מועשר בתמציות של לבנדר, ילנג- ילנג והל","מ""ל",500.00,100.00,false,1.00,18.90,0.00,true,0,
7290005008481,false,ספיד סטיק - דאודורנט ג'ל לגבר ספורט 85 גרם,הנסיך- מפעל לייצור ט,,דאודורנט ג'ל פאוור ספורט,,0.00,100.00,false,1.00,14.90,0.00,true,0,
7290005084355,false,סנסודין משחת שיניים דואל קר פלואוריד 75,גלקסו סמית קליין,,Dual care - משחת שיניים להגנה כפולה לשיניים רגישות,"מ""ל",75.00,100.00,false,1.00,18.90,0.00,true,0,
7290005124686,false,בליסטקס שפתון-תות,מדיליין פריגו,,שפתון בטעם תות עם מסנני קרינה לשפתיים יבשות וסדוקות SPF 15,,0.00,100.00,false,1.00,15.90,0.03,true,0,
7290005169922,false,תה טיבטי קלאסי טבעי 90 שקיקים,SHALPHARM HMZRAH (SODOT,,קלאסי טבעי,,0.00,0.00,false,1.00,59.90,0.66,true,0,
7290005169939,false,תה טיבטי קלאסי נענע 90 שקיקים,SHALPHARM HMZRAH (SODOT,,קלאסי בטעם נענע,,0.00,0.00,false,1.00,59.90,0.66,true,0,
7290005418709,false,"נטורל קרם לחות לקיבוע תלתלים גלי 400 מ""ל",החברה הדרומית לשיווק בעמ,,לחות מעצבת במרקם ג'ל לקיבוע תלתלים,"מ""ל",400.00,100.00,false,1.00,26.90,0.00,true,0,
7290005418716,false,"קרם לחות לבניית תלתלים עגולים נטורל פורמולה 400 מ""ל",החברה הדרומית לשיווק בעמ,,לחות מעצבת לבניית תלתלים עגולים,"מ""ל",400.00,100.00,false,1.00,26.90,0.00,true,0,
7290005423369,false,סנו די קידס תחליב דוחה יתושים לילדים 100,טרופיקל דגיל תעשיות,IL,KIDS תחליב דוחה יתושים לילדים,,0.00,0.00,false,1.00,17.90,0.17,true,0,
7290005423635,false,ריצפז נוזל רצפות דוחה תיקנים סנו 2 ליטר,החברה הדרומית לשיווק בעמ,,נוזל לניקוי רצפה דוחה תיקנים,,0.00,1.00,false,1.00,24.90,12.45,true,0,
7290005424311,false,סנו k רב קוטל זוחלים ומעופפים 475 סמ,החברה הדרומית לשיווק בעמ,,K רב קוטל- קוטל מיידית חרקים זוחלים ומעופפים בבית ובחצר,"מ""ל",500.00,100.00,false,1.00,22.90,0.00,true,0,
7290005424403,false,"אל סבון כיף אצות ים קטיפתי 1ליטר,",החברה הדרומית לשיווק בעמ,,אל סבון קטיפתי אצות ים מועשר בלחות,,0.00,1.00,false,1.00,12.90,12.90,true,0,
7290005424991,false,סנו פרש אוטומטיק בהתזה קצובה ניחוח בייבי פאודר,החברה הדרומית לשיווק בעמ,IL,פרש הום מבשם אויר מילוי למכשיר אוטומטי בניחוח בייבי פאודר,,0.00,100.00,false,1.00,15.90,0.00,true,0,
7290005425127,false,"חיטוי משטחים 99.9% מתז לשומנים ואבנית 750 מ""ל",החברה הדרומית לשיווק בעמ,IL,99.9% מחטא תרסיס לחיטוי וניקוי יסודי,,0.00,100.00,false,1.00,14.90,0.00,true,0,
7290005425646,false,קליר נוזל לניקוי חלונות רב תכליתי סנו 1 ליטר,החברה הדרומית לשיווק בעמ,,נוזל רב-תכליתי לניקוי והברקה,,0.00,1.00,false,1.00,11.90,11.90,true,0,
7290005425660,false,סנומט חשמלי דוחה יתושים טבליות סנו 60 לילות,החברה הדרומית לשיווק בעמ,,דוחה יתושים באמצאות אידוי במכשיר חשמלי,,0.00,0.00,false,1.00,34.90,0.00,true,0,
7290005426568,false,"קרמה - קרם לחות לשיער רגיל 400 מ""ל",החברה הדרומית לשיווק בעמ,,לחות לשיער ללא שטיפה לשיער רגיל,"מ""ל",400.00,100.00,false,1.00,24.90,0.00,true,0,
7290005426865,false,אורביטול - משחת שיניים לילדים בטעם מסטיק 70 גרם,טרופיקל דגיל תעשיות קוסמ,,משחת שיניים לילדים עם פלואוריד למניעת עששת בטעם מסטיק,גרם,70.00,100.00,false,1.00,11.90,0.00,true,0,
7290005427107,false,סנו - סושי מגבות נייר הפלא 6 יחידות,החברה הדרומית לשיווק בעמ,,מגבות נייר,,0.00,0.00,false,1.00,11.90,1.98,true,0,
7290005427770,false,"קרמה - קרם לחות לשיער לגבר 400 מ""ל",טרופיקל דגיל תעשיות,,לחות לשיער למראה מעוצב ללא שטיפה לכל סוגי השיער,"מ""ל",400.00,100.00,false,1.00,24.90,0.00,true,0,
7290005427787,false,"קרמה - קרם לחות לשיער מתולתל 400 מ""ל",החברה הדרומית לשיווק בעמ,,לחות לשיער ללא שטיפה,"מ""ל",400.00,100.00,false,1.00,24.90,0.00,true,0,
7290005427985,false,"קרמה תחליב רחצה לפנים בתוספת גרגירי פילינג 180 מ""ל",גוד פוד פרודקטס S.p,,תחליב רחצה לפנים פילינג,"מ""ל",180.00,100.00,false,1.00,13.90,0.00,true,0,
7290005430510,false,נייר טואלט לבן סנו סופט (18.4x40 מטר),החברה הדרומית לשיווק בעמ,,סופט נייר טואלט לבן,,0.00,0.00,false,1.00,42.90,1.07,true,0,
7290005430602,false,"סנו אוקסיג'ן ספריי להסרת כתמים עם חמצן פעיל 750 מ""ל",החברה הדרומית לשיווק בעמ,,מסיר כתמים ללא אקונומיקה,"מ""ל",750.00,100.00,false,1.00,16.90,0.00,true,0,
7290005500688,false,"פנינה רוזנבלום מסיכה לשיקום ורודה , 1 ק""ג",פנינה רוזנבלום בעמ,,מסיכה לשיער,"מ""ל",1000.00,1.00,false,1.00,47.90,47.90,true,0,
7290005587825,false,לוריאל - דרמו מסיר איפור דו פאזי 125 עברית,לוריאל ישראל קוסמטיקס בעמ,,מסיר איפור עמיד במים,,0.00,100.00,false,1.00,32.00,0.00,true,0,
7290005657573,false,ג`נסיס אולטרה קר קרם לחות יומיומי רגיל50,פישר מעבדות פרמצבטיות בע,,TRI MOIST קרם יום מזין לעור רגיל SPF30,,0.00,100.00,false,1.00,99.90,0.01,true,0,
7290005657580,false,ג`נסיס אולטרה קר קרם יום מועשר יבש 50,פישר מעבדות פרמצבטיות בע,,TRI MOIST קרם יום מזין לעור יבש-יבש מאוד SPF30,,0.00,100.00,false,1.00,99.90,0.01,true,0,
7290005657597,false,ג`נסיס אולטרה קר תחליב יום שמן/מעורב 50,פישר תעשיות פרמצבטיות בע,,TRI MOIST קרם יום מזין לעור מעורב-שמן SPF30,,0.00,100.00,false,1.00,99.90,0.01,true,0,
7290005657627,false,"ג`נסיס אולטרה קר קרם לילה מזין 50 מ""ל",פישר מעבדות פרמצבטיות בע,,TRI-MOIST קרם לילה מזין לכל סוגי העור,,0.00,100.00,false,1.00,99.90,0.01,true,0,
7290005657672,false,"ג`נסיס מינרלס קרם מינרלי שמן 50 מ""ל",General,,MINERALS קרם יום מזין לעור שמן ומעורב,,0.00,100.00,false,1.00,99.90,0.01,true,0,
7290005680052,false,טמפונים סופר פלוס אובה 32 יחידות,גונסון אנד גונסון,,טמפונים סופר פלוס,,0.00,0.00,false,1.00,30.90,1.03,true,0,
7290005717048,false,מלח סדומית,תמר שיווק,,,,0.00,0.00,false,1.00,35.90,0.00,true,0,
7290006185501,false,"פנינה רוזנבלום -אל סבון נוזלי ורוד,1 ליטר","פנינה רוזנבלום בע""מ",,אל סבון נוזלי לגוף מועשר בתמצית קמומיל ורוד,,0.00,1.00,false,1.00,14.90,14.90,true,0,
7290006235220,false,דר פישר קידס מגבונים 30יח TO GO דיספנסר,"ד""ר פישר Dr fischer",,מגבונים היגיינים קידס TO GO דיספנסר,,0.00,0.00,false,1.00,6.90,0.23,true,0,
7290006235633,false,"ד""ר פישר - יולקטין שמפו טיפולי 450 מ""ל",פישר מעבדות פרמצבטיות בע,,שמפו טיפולי לטיפול אינטנסיבי והקלה מיידית,,0.00,100.00,false,1.00,44.90,0.00,true,0,
7290006235640,false,"ד""ר פישר - יולקטין אל סבון 450 מ""ל",פישר מעבדות פרמצבטיות בע,,אל סבון טיפולי בתחליב לטיפול אינטנסיבי והקלה מיידית לעור יבש במיוחד,,0.00,100.00,false,1.00,44.90,0.00,true,0,
7290006235657,false,"ד""ר פישר - יולקטין תחליב 450 מ""ל",פישר מעבדות פרמצבטיות בע,,תחליב גוף לטיפול אינטנסיבי והקלה מיידית,"מ""ל",450.00,100.00,false,1.00,64.90,0.00,true,0,
7290006251275,false,תה ירוק סיני קלאסי ויסוצקי 25 יחידות,תה ויסוצקי (ישראל) בעמ,,תה ירוק סיני קלאסי,,0.00,0.00,false,1.00,26.90,1.07,true,0,
7290006287106,false,"נטורל - ווקס לשיער לעיצוב אלסטי 120 מ""ל",מיוצר עי : אמיליה קוסמטי,,ווקס לעיצוב אלסטי,"מ""ל",120.00,100.00,false,1.00,32.90,0.00,true,0,
7290006401366,false,"סבון לשטיפה אינטימית ליגיניה פרוטקטיב 200 מ""ל",)פייזר (קונסיומר הלט קר,,סבון נוזלי לשמירת היגיינה נשית אינטימית,,0.00,100.00,false,1.00,44.90,0.00,true,0,
7290006401373,false,ליגיניה סבון מרענן לשטיפה אינטימית,פייזר )קונסיומר הלט קר(,,סבון נוזלי לשמירת היגיינה נשית אינטימית על בסיס מרכיבים טבעיים,,0.00,100.00,false,1.00,44.90,0.00,true,0,
7290006651204,false,"ד""ר פישר - יולקטין קרם ידיים 100 מ""ל",פישר מעבדות פרמצבטיות בע,,קרם ידיים טיפולי,,0.00,0.00,false,1.00,34.90,0.34,true,0,
7290006651259,false,דר פישר 9 חודשים קרם הזנה 200 מל,"ד""ר פישר Dr fischer",,9 חודשים קרם הזנה לתקופת ההריון ולאחר לידה היפואלרגני,"מ""ל",200.00,100.00,false,1.00,49.90,0.00,true,0,
7290006651570,false,"קמיל בלו צמחי מרפא שמפו ואל סבון ד""ר פישר 750 מ""ל","פישר תעשיות פרמצבטיות בע""מ",,צמחי מרפא אל סבון ושמפו לתינוק,"מ""ל",750.00,100.00,false,1.00,19.90,0.00,true,0,
7290006651730,false,"ד""ר פישר - אלכוג'ל מגבונים לשמירת היגייניית הידיים 20 יח'","ד""ר פישר Dr fischer",,אלכו-ג'ל מגבונים היגיניים לידיים לניקוי מהיר ויעיל,,0.00,0.00,false,1.00,15.90,0.79,true,0,
7290006677327,false,תה תערובת צמחים פירות90ש,SHALPHARM HMZRAH (SODOT,IL,פורטה תערובת צמחים לחליטה,,0.00,0.00,false,1.00,59.90,0.66,true,0,
7290006677334,false,תה טיבטי פורטה קלאסי90שק,SHALPHARM HMZRAH (SODOT,IL,פורטה תערובת צמחים ופירות לחליטה בטעם פירות,,0.00,100.00,false,1.00,59.90,0.00,true,0,
7290006712684,false,ספיד סטיק 24/7 סטיק כחול,קולגייט פלמוליב,,דאודורנט סטיק פרש ראש 24/7,,0.00,100.00,false,1.00,25.90,0.00,true,0,
7290006712981,false,"משחת שיניים קולגייט ספיידרמן מגיל שש 50 מ""ל",הנסיך- מפעל לייצור ט,PL,משחת שיניים ילדים באטמן לגילאי 6+ לשיניים חזקות בטעם פירות,"מ""ל",50.00,100.00,false,1.00,13.90,0.00,true,0,
7290006788009,false,"שמפו לשיער רגיל 700 מ""ל קרליין",מיוצר עי : אמיליה קוסמטי,,שמפו לשיער רגיל,,0.00,100.00,false,1.00,8.00,0.00,true,0,
<<<<<<< HEAD
7290006788030,false,"שמפו לתלתלים מלאי חיים 700 מ""ל קרליין",מיוצר עי : אמיליה קוסמטי,,שמפו לשיער מתולתל,"מ""ל",700.00,100.00,false,1.00,8.00,0.00,true,0,
=======
7290006788030,false,"שמפו לתלתלים מלאי חיים 700 מ""ל קרליין",החברה הדרומית לשיווק בעמ,,שמפו לשיער מתולתל,"מ""ל",700.00,100.00,false,1.00,8.00,0.00,true,0,
>>>>>>> d048ac2f4f281c9d788043ab4e81b61b0dbe3743
7290006788092,false,"מרכך לתלתלים מלאי חיים 700 מ""ל קרליין",מיוצר עי : אמיליה קוסמטי,,מרכך לשיער מתולתל,,0.00,100.00,false,1.00,8.00,0.00,true,0,
7290006788269,false,קרליין פרפקט קר סרום למיצוק העור,קרליין,,PERFECT CARE סרום למיצוק העור,,0.00,100.00,false,1.00,99.00,0.03,true,0,
7290006788313,false,"קרליין - חלב פנים לעור יבש / עדין 260 מ""ל",קרליין,,חלב פנים לעור רגיל/עדין,"מ""ל",250.00,100.00,false,1.00,39.90,0.00,true,0,
7290006788320,false,קרליין - מי פנים לעור יבש ללא אלכוהול,קרליין,,מי פנים לעור יבש/ללא אלכוהול,"מ""ל",250.00,100.00,false,1.00,39.90,0.00,true,0,
7290006788368,false,קרליין דאודורנט סטיק נושם כתום,קרליין,,דאודורנט סטיק נושם כתום ללא אלכוהול,,0.00,100.00,false,1.00,19.90,0.00,true,0,
<<<<<<< HEAD
7290006788399,false,"דאו רול און נושם סנסיטיב ירוק קרליין 75 מ""ל",אמיליה קוסמטיקס בעמ,,דאודורנט רול און נושם סנסטיב ללא אלכוהול,,0.00,100.00,false,1.00,13.90,0.00,true,0,
7290006788405,false,"קרליין - נושם אקטיב דאודורנט רול און לאישה ברודו 75 מ""ל",מיוצר עי : אמיליה קוסמטי,,דאודורנט רול און נושם בורדו,,0.00,100.00,false,1.00,13.90,0.00,true,0,
7290006788412,false,"קרליין - נושם אקווה דאודורנט רול און לאישה כחול 75 מ""ל",אמיליה קוסמטיקס בעמ,,דאודורנט רול און נושם כחול ללא אלכוהול,,0.00,100.00,false,1.00,13.90,0.00,true,0,
7290006788429,false,"קרליין - נושם סאן רייס דאודורנט רול און לאישה כתום 75 מ""ל","אמיליה קוסמטיקס בע""מ",,דאודורנט רול און נושם כתום ללא אלכוהול,,0.00,100.00,false,1.00,13.90,0.00,true,0,
7290006788436,false,"קרליין - נושם פיור דאודורנט רול און לאישה ורוד 75 מ""ל",משווק: קוסמופארם בעמ,,דאודורנט רול און נושם ורוד ללא אלכוהול,,0.00,100.00,false,1.00,13.90,0.00,true,0,
7290006788443,false,"קרליין - נושם אוקסיג'ן דאודורנט רול און לאישה סגול 75 מ""ל","אמיליה קוסמטיקס בע""מ",,דאודורנט רול און נושם סגול ללא אלכוהול,,0.00,100.00,false,1.00,13.90,0.00,true,0,
7290006788467,false,"קרליין - נושם אקטיב דאודורנט ספריי לאישה בורדו 200 מ""ל",מיוצר עי : אמיליה קוסמטי,,דאודורנט ספריי נושם בורדו,"מ""ל",200.00,100.00,false,1.00,13.90,0.00,true,0,
7290006788481,false,"קרליין - נושם סאן רייס דאודורנט ספריי לאישה כתום 200 מ""ל",מיוצר עי : אמיליה קוסמטי,,דאודורנט ספריי נושם כתום,"מ""ל",200.00,100.00,false,1.00,13.90,0.00,true,0,
7290006788498,false,"קרליין - נושם פיור דאודורנט ספריי לאישה ורוד 200 מ""ל",מיוצר עי : אמיליה קוסמטי,,דאודורנט ספריי נושם ורוד,"מ""ל",200.00,100.00,false,1.00,13.90,0.00,true,0,
7290006788504,false,"קרליין - נושם אוקסיג'ן דאודורנט ספריי לאישה סגול 200 מ""ל",מיוצר עי : אמיליה קוסמטי,,דאודורנט ספריי נושם סגול,"מ""ל",200.00,100.00,false,1.00,13.90,0.00,true,0,
7290006788559,false,"טיטניום ICE דאודורנט תרסיס ספריי 180 מ""ל",אמיליה קוסמטיקס בעמ,,אייס דאודורנט ספריי לגבר,"מ""ל",200.00,100.00,false,1.00,16.90,0.00,true,0,
=======
7290006788399,false,"דאו רול און נושם סנסיטיב ירוק קרליין 75 מ""ל",החברה הדרומית לשיווק בעמ,,דאודורנט רול און נושם סנסטיב ללא אלכוהול,,0.00,100.00,false,1.00,13.90,0.00,true,0,
7290006788405,false,"קרליין - נושם אקטיב דאודורנט רול און לאישה ברודו 75 מ""ל",החברה הדרומית לשיווק בעמ,,דאודורנט רול און נושם בורדו,,0.00,100.00,false,1.00,13.90,0.00,true,0,
7290006788412,false,"קרליין - נושם אקווה דאודורנט רול און לאישה כחול 75 מ""ל",החברה הדרומית לשיווק בעמ,,דאודורנט רול און נושם כחול ללא אלכוהול,,0.00,100.00,false,1.00,13.90,0.00,true,0,
7290006788429,false,"קרליין - נושם סאן רייס דאודורנט רול און לאישה כתום 75 מ""ל",החברה הדרומית לשיווק בעמ,,דאודורנט רול און נושם כתום ללא אלכוהול,,0.00,100.00,false,1.00,13.90,0.00,true,0,
7290006788436,false,"קרליין - נושם פיור דאודורנט רול און לאישה ורוד 75 מ""ל",החברה הדרומית לשיווק בעמ,,דאודורנט רול און נושם ורוד ללא אלכוהול,,0.00,100.00,false,1.00,13.90,0.00,true,0,
7290006788443,false,"קרליין - נושם אוקסיג'ן דאודורנט רול און לאישה סגול 75 מ""ל",החברה הדרומית לשיווק בעמ,,דאודורנט רול און נושם סגול ללא אלכוהול,,0.00,100.00,false,1.00,13.90,0.00,true,0,
7290006788467,false,"קרליין - נושם אקטיב דאודורנט ספריי לאישה בורדו 200 מ""ל",החברה הדרומית לשיווק בעמ,,דאודורנט ספריי נושם בורדו,"מ""ל",200.00,100.00,false,1.00,13.90,0.00,true,0,
7290006788481,false,"קרליין - נושם סאן רייס דאודורנט ספריי לאישה כתום 200 מ""ל",החברה הדרומית לשיווק בעמ,,דאודורנט ספריי נושם כתום,"מ""ל",200.00,100.00,false,1.00,13.90,0.00,true,0,
7290006788498,false,"קרליין - נושם פיור דאודורנט ספריי לאישה ורוד 200 מ""ל",החברה הדרומית לשיווק בעמ,,דאודורנט ספריי נושם ורוד,"מ""ל",200.00,100.00,false,1.00,13.90,0.00,true,0,
7290006788504,false,"קרליין - נושם אוקסיג'ן דאודורנט ספריי לאישה סגול 200 מ""ל",החברה הדרומית לשיווק בעמ,,דאודורנט ספריי נושם סגול,"מ""ל",200.00,100.00,false,1.00,13.90,0.00,true,0,
7290006788559,false,"טיטניום ICE דאודורנט תרסיס ספריי 180 מ""ל",החברה הדרומית לשיווק בעמ,,אייס דאודורנט ספריי לגבר,"מ""ל",200.00,100.00,false,1.00,16.90,0.00,true,0,
>>>>>>> d048ac2f4f281c9d788043ab4e81b61b0dbe3743
7290006789914,false,"קרליין - מי פנים אויל פרי 260 מ""ל",קרליין,,OIL FREE מי פנים,"מ""ל",250.00,100.00,false,1.00,39.90,0.00,true,0,
7290006789921,false,"קרליין - תחליב לחות אויל פרי 50 מ""ל",קרליין,,OIL FREE תחליב לחות קל,,0.00,100.00,false,1.00,54.90,0.01,true,0,
7290006789938,false,"קרליין - תמיסה לייבוש פצעים אויל פרי 15 מ""ל",קרליין,,OIL FREE תמיסת יבוש נקודתי,,0.00,100.00,false,1.00,54.90,0.03,true,0,
7290006791467,false,"נטורל - סרום לשיער להגמשת התלתלים 145 מ""ל",מיוצר עי : אמיליה קוסמטי,,סרום לשיער מתולתל,"מ""ל",145.00,100.00,false,1.00,50.90,0.00,true,0,
7290006791474,false,"נטורל - סרום לשיער לשמירה על חוזק 145 מ""ל",General,,סרום לשיער רגיל או ארוך,,0.00,100.00,false,1.00,50.90,0.00,true,0,
7290006791870,false,"נטורל - ג'ל שיער לעיצוב חזק 500 מ""ל",מיוצר עי : אמיליה קוסמטי,,ג'ל לעיצוב חזק במיוחד,,0.00,100.00,false,1.00,23.90,0.00,true,0,
<<<<<<< HEAD
7290006822192,false,נקטר דיאט חמוציות אושן ספריי פריגת 1 ליטר,מבשלות בירה בינלאומיות ב,,דיאט חמוציות,,0.00,1.00,false,1.00,9.90,9.90,true,0,
7290006992161,false,מטרנה - דייסת קורנפלור פרוביוטי 200 גרם,מולינו ניקולי s.p.a,,דייסת קורנפלור 6+ חודשים,גרם,200.00,100.00,false,1.00,14.90,0.00,true,0,
7290006992185,false,"מטרנה - דייסת אורז פרוביוטי כשל""פ 200 גרם",מולינו ניקולי s.p.a,,דייסת דגנים אורז 6+ חודשים,גרם,200.00,100.00,false,1.00,14.90,0.00,true,0,
7290006992192,false,דייסה מטרנה סולת פרוביוטיקה,מטרנה תעשיות ש.מ,,דייסת דגנים סולת 6+,גרם,200.00,100.00,false,1.00,14.90,0.00,true,0,
7290006992208,false,מטרנה דייסת 8 דגנים מעורבים 200 גרם,מטרנה תעשיות ש.מ,,דייסת 8 דגנים מעורבים 6+,גרם,200.00,100.00,false,1.00,14.90,0.00,true,0,
7290006992390,false,"מטרנה - דייסת וניל פרוביוטי כשל""פ 200 גרם",מולינו ניקולי s.p.a,,דייסה בטעם וניל 6+,גרם,200.00,100.00,false,1.00,14.90,0.00,true,0,
7290008000239,false,"שטיפה אינטימית מועשר בלחות פמינה 220 מ""ל",פמינה,,תחליב רחצה אינטימי קוקוס,,0.00,100.00,false,1.00,29.90,0.00,true,0,
7290008000246,false,"פמינה - שטיפה אינטימית מועשר באלוורה 220 מ""ל",פמינה,,תחליב רחצה אינטימי אלוורה,,0.00,100.00,false,1.00,29.90,0.00,true,0,
=======
7290006822192,false,נקטר דיאט חמוציות אושן ספריי פריגת 1 ליטר,החברה המרכזית להפצת משקאות בעמ,,דיאט חמוציות,,0.00,1.00,false,1.00,9.90,9.90,true,0,
7290006992161,false,מטרנה - דייסת קורנפלור פרוביוטי 200 גרם,קבוצת אוסם סחר שותפות מוגבלת,,דייסת קורנפלור 6+ חודשים,גרם,200.00,100.00,false,1.00,14.90,0.00,true,0,
7290006992185,false,"מטרנה - דייסת אורז פרוביוטי כשל""פ 200 גרם",קבוצת אוסם סחר שותפות מוגבלת,,דייסת דגנים אורז 6+ חודשים,גרם,200.00,100.00,false,1.00,14.90,0.00,true,0,
7290006992192,false,דייסה מטרנה סולת פרוביוטיקה,קבוצת אוסם סחר שותפות מוגבלת,,דייסת דגנים סולת 6+,גרם,200.00,100.00,false,1.00,14.90,0.00,true,0,
7290006992208,false,מטרנה דייסת 8 דגנים מעורבים 200 גרם,קבוצת אוסם סחר שותפות מוגבלת,,דייסת 8 דגנים מעורבים 6+,גרם,200.00,100.00,false,1.00,14.90,0.00,true,0,
7290006992390,false,"מטרנה - דייסת וניל פרוביוטי כשל""פ 200 גרם",קבוצת אוסם סחר שותפות מוגבלת,,דייסה בטעם וניל 6+,גרם,200.00,100.00,false,1.00,14.90,0.00,true,0,
7290008000239,false,"שטיפה אינטימית מועשר בלחות פמינה 220 מ""ל",גורי ע.ע.ע בעמ,,תחליב רחצה אינטימי קוקוס,,0.00,100.00,false,1.00,29.90,0.00,true,0,
7290008000246,false,"פמינה - שטיפה אינטימית מועשר באלוורה 220 מ""ל",גורי ע.ע.ע. בע`מ,,תחליב רחצה אינטימי אלוורה,,0.00,100.00,false,1.00,29.90,0.00,true,0,
>>>>>>> d048ac2f4f281c9d788043ab4e81b61b0dbe3743
7290008000734,false,"תחליב גוף לקטופיל 250מ""ל",כ.צ.ט,,קרם גוף טיפולי,"מ""ל",250.00,100.00,false,1.00,39.90,0.00,true,0,
7290008000796,false,"סופרמן משחת שיניים לילדים בטעם פירות כצט 50 מ""ל",גורי ע.ע.ע. בע`מ,,משחת שיניים ג'ל עם פלואוריד בטעם פירות מרענן,,0.00,100.00,false,1.00,11.90,0.00,true,0,
7290008000826,false,"משחת שיניים לילדים בטעם פירות לגילאים 2-6 כצט 50 מ""ל",גורי ע.ע.ע. בע`מ,,משחת שיניים לילדים בטעם פירות מרענן גילאי 2-6,"מ""ל",50.00,100.00,false,1.00,11.90,0.00,true,0,
7290008013178,false,קרם לחות לאיזון עור פנים שומני עם פצעונים SPF 30,צטאפיל Cetaphil,CA,קרם לחות לאיזון עור פנים שומני עם פצעונים מכיל מסנן קרינה ארוך טווח SPF30,,0.00,100.00,false,1.00,129.90,0.01,true,0,
7290008016841,false,צטאפיל תרחיץ ניקוי פנים,רפא,CA,תרחיץ ניקוי לעור רגיל עד שמן,,0.00,100.00,false,1.00,93.90,0.00,true,0,
7290008016933,false,צטאפיל דרמקונטרול קצף ניקוי לפנים,רפא,CA,פרו קצף ניקוי לעור עם פצעונים,,0.00,100.00,false,1.00,99.00,0.00,true,0,
7290008017138,false,מרכך רוזמרין לשיער רך וקל לסירוק לשימוש יומיומי,מורז,,מרכך שיער לסירוק קל ולניחוח מרענן,,0.00,100.00,false,1.00,34.90,0.00,true,0,
7290008017367,false,מורז ספריי כינקייר 100 מל,מורז,,ספריי כינקייר לשמירה על היגיינת הראש,,0.00,0.00,false,1.00,69.90,0.69,true,0,
7290008017459,false,שמפו צמחי לטיפול בקשקשים מצמח הרוזמרין,מורז,,שמפו צמחי לטיפול בקשקשים מצמח הרוזמרין,,0.00,100.00,false,1.00,49.90,0.00,true,0,
7290008017466,false,מורז שמפו לשיער יבש 500 מל,מורז,,שמפו לשיער יבש,,0.00,100.00,false,1.00,49.90,0.00,true,0,
7290008017473,false,מורז שמפו לשיער רגיל 500 מל,מורז,,שמפו צמחי לשיער רגיל עד שמן,,0.00,100.00,false,1.00,49.90,0.00,true,0,
7290008017626,false,מורז רדסקין קרם פוליגונום לשפשפות 250 מל,מורז,,קרם פוליגונום לשפשפות אריזת חיסכון,,0.00,100.00,false,1.00,79.90,0.00,true,0,
7290008017718,false,כינקייר - שמפו לטיפול בכינים,מורז,,כינקייר שמפו טבעי לטיפול בכינים,"מ""ל",500.00,100.00,false,1.00,54.90,0.00,true,0,
7290008017732,false,מורז קרם פוליגונום ליום לעור יבש,מורז,,קרם יום פוליגונום לעור יבש,,0.00,100.00,false,1.00,69.90,0.01,true,0,
7290008017886,false,"כפתן - קרם פוליגונום לכף הרגל לעור קשה, סדוק ויבש",מורז,,"כפתן קרם פוליגונום לכף הרגל לעור קשה, סדוק ויבש",,0.00,0.00,false,1.00,59.90,0.59,true,0,
7290008017909,false,מורז מגן פוליגונום לשפתים טיפולי,מורז,,שפתון פוליגונום לשפתיים יבשות,,0.00,100.00,false,1.00,19.90,0.01,true,0,
7290008017916,false,משושת - משחת פוליגונום להגנה על עור מגורה,מורז,,משחת פוליגונום להקלה על עור מגורה (משושת),,0.00,100.00,false,1.00,59.90,0.01,true,0,
7290008017930,false,קרם פוליגונום לכפות ידיים יבשות וסדוקות,מורז,,קרם פוליגונום לכפות ידיים יבשות וסדוקות,,0.00,0.00,false,1.00,49.90,0.49,true,0,
7290008017954,false,מורז רדסקין קרם פוליגונום לשפשפות 100 מל,מורז,,רדסקין קרם פוליגונום לשפשפות,,0.00,0.00,false,1.00,59.90,0.59,true,0,
7290008017985,false,מורז קרם ידיים קוסמטי100 - ברונזה,מורז,,קרם ידיים קוסמטי,,0.00,0.00,false,1.00,24.90,0.24,true,0,
7290008068512,false,בייבי פסטה משחה קמומיל לתינוק 100 גר',ויטאמד צריכה,,משחה לתינוק קמומיל,,0.00,0.00,false,1.00,24.90,0.24,true,0,
7290008075527,false,תרימוקסי שמפו לגבר 500 מל,תרימה,IL,תרימוקסי שמפו טיפולי לגברים,,0.00,100.00,false,1.00,49.90,0.00,true,0,
7290008084956,false,בייבי פסטה משחה לתינוק,בייבי פסטה,,משחה לתינוק,גרם,120.00,100.00,false,1.00,17.90,0.00,true,0,
7290008092197,false,"פרסקינדול אקטיב גל 100 מ""ל",מדיטרנד,,ג'ל פעיל להקלה מיידית בכאב מקומי שרירים תפוסים כאבי פרקים,,0.00,0.00,false,1.00,64.90,0.64,true,0,
7290008104036,false,"לקטופיל - תחליב סבון טיפולי 500 מ""ל",פמינה,,תחליב סבון טיפולי,"מ""ל",500.00,100.00,false,1.00,59.90,0.00,true,0,
<<<<<<< HEAD
7290008104050,false,"שטיפת אינטימית לקטופיל פמינה 220 מ""ל",כצט נוביס סעמ,,קלאסיק תחליב רחצה אינטימי,,0.00,100.00,false,1.00,24.90,0.00,true,0,
=======
7290008104050,false,"שטיפת אינטימית לקטופיל פמינה 220 מ""ל",גורי ע.ע.ע. בע`מ,,קלאסיק תחליב רחצה אינטימי,,0.00,100.00,false,1.00,24.90,0.00,true,0,
>>>>>>> d048ac2f4f281c9d788043ab4e81b61b0dbe3743
7290008116534,false,ליסטרין שטיפת פה קול מינט 250 מל,ג'\ונסון אנד ג'\ונסון,,קול מינט שטיפת פה,"מ""ל",250.00,100.00,false,1.00,19.90,0.00,true,0,
7290008116565,false,שטיפת פה ליסטרין מנטה מרענן 500 מ`ל,ג'\ונסון אנד ג'\ונסון,,שטיפת פה מנטה מרענן,,0.00,100.00,false,1.00,35.90,0.00,true,0,
7290008116862,false,בלנאום שמן רחצה יומיומי לתינוקות וילדים,שקד תבל בעמ,,בייבי - שמן אמבט לתינוקות וילדים,"מ""ל",500.00,100.00,false,1.00,99.90,0.00,true,0,
7290008116886,false,בלנאום שמן רחצה טיפולי לתינוקות וילדים 5,שקד תבל בעמ,,שמן אמבט לעור יבש - בייבי פורטה,"מ""ל",500.00,100.00,false,1.00,99.90,0.00,true,0,
7290008141000,false,משחת ארניקה לעיסוי העור,S.L.A (DR.SAMUELOV,,משחת ארניקה לעיסוי העור,,0.00,100.00,false,1.00,54.90,0.02,true,0,
7290008141017,false,משחת קלנדולה משחה להקלה במקרים של עור פגום,S.L.A (DR.SAMUELOV,,משחה להקלה במקרים של עור פגום ולשיפור מרקם העור,,0.00,100.00,false,1.00,54.90,0.02,true,0,
7290008141024,false,וולדה משחת הממליס 10%,S.L.A (DR.SAMUELOV,,משחת הממליס למריחה באיזור הרגליים והישבן,,0.00,0.00,false,1.00,58.90,0.00,true,0,
7290008318518,false,"דאו.לאבליין ספריי 187מ""ל",חלאבין,,לאבליין דאודורנט ספריי,"מ""ל",187.00,100.00,false,1.00,18.90,0.00,true,0,
7290008318662,false,קרם גוף חלאבין כתום 275מ,חלאבין,,קרם גוף כתום,"מ""ל",275.00,100.00,false,1.00,36.90,0.00,true,0,
7290008318921,false,טל קרם לידיים יבשות 150,General,,קרם מועשר לידיים יבשות,,0.00,100.00,false,1.00,14.90,0.00,true,0,
7290008330381,false,בדין דפים למייבש כביסה ורוד 40 יח',יוניליוור ישראל שיווק בע`מ,,דפים מרככים וריחניים למייבש הכביסה ורוד,,0.00,0.00,false,1.00,19.90,0.49,true,0,
7290008443616,false,"מרכך לשיער יבש אדום נקה 7 750 מ""ל",החברה הדרומית לשיווק בעמ,,קונדישינר לשיער יבש,,0.00,100.00,false,1.00,8.00,0.00,true,0,
7290008444231,false,"קרליין - קרם ג'ל לחות יאנג 50 מ""ל",קרליין,,YOUNG קרם/ג'ל לחות,,0.00,100.00,false,1.00,59.90,0.01,true,0,
7290008690713,false,נקטר חמוציות אושן ספריי פריגת (1 ליטר),החברה המרכזית להפצת משקאות בעמ,,נקטר חמוציות,,0.00,1.00,false,1.00,9.90,9.90,true,0,
7290008711678,false,אקטיסופ סבון הגייני250מל,ניאופארם,,סבון היגייני מועשר בתמציות צמחי מרפא,,0.00,100.00,false,1.00,38.90,0.00,true,0,
7290008750264,false,"מסטיק מאסט ציקלס דובדבן 28 גרם לל""ס מגדים",שטראוס גרופ בע`מ,,גומי לעיסה ללא סוכר בטעם ספירמינט עדין,,0.00,0.00,false,1.00,4.90,0.00,true,0,
7290008752244,false,תפוצ'יפס קראנץ' בטעם גריל עלית 50 גרם,"שטראוס פריטו ליי בע""\מ )",,חטיף תפוח אדמה קראנצ' בטעם גריל,,0.00,100.00,false,1.00,4.90,0.00,true,0,
7290008753111,false,תפוצ'יפס קראנץ' בטעם מקסיקני עלית 50 גרם,"שטראוס פריטו ליי בע""\מ )",,קראנצ' חטיף תפו''א בטעם מקסיקני,,0.00,100.00,false,1.00,4.90,0.00,true,0,
<<<<<<< HEAD
7290008753364,false,דוריטוס גריל עלית 55 ג',שטראוס פריטו ליי בע,,חטיף תירס מתובל בטעם גריל,,0.00,100.00,false,1.00,2.90,0.00,true,0,
7290008753371,false,דוריטוס נאצו מקסיקני 55 גר,STRAUSS-ISRAEL,,,,0.00,0.00,false,1.00,2.90,0.00,true,0,
7290008754415,false,גומי מאסט בטעם ספירמינט עדין פליפטופ 28 ג' עלית,"שטראוס גרופ בע""מ",,גומי לעיסה ללא סוכר בטעם ספירמינט עדין,,0.00,100.00,false,1.00,4.90,0.00,true,0,
=======
7290008753364,false,דוריטוס גריל עלית 55 ג',שטראוס פריטו ליי בעמ,,חטיף תירס מתובל בטעם גריל,,0.00,100.00,false,1.00,2.90,0.00,true,0,
7290008753371,false,דוריטוס 55 גר`נאצ`ו מקסיקני,שטראוס פריטו ליי בעמ,,,,0.00,0.00,false,1.00,2.90,0.00,true,0,
7290008754415,false,גומי מאסט בטעם ספירמינט עדין פליפטופ 28 ג' עלית,שטראוס גרופ בע`מ,,גומי לעיסה ללא סוכר בטעם ספירמינט עדין,,0.00,100.00,false,1.00,4.90,0.00,true,0,
>>>>>>> d048ac2f4f281c9d788043ab4e81b61b0dbe3743
7290008905855,false,SOS בוקל פלוס תרסיס 15 מל,ויטליטי,,SOS BUCAL PLUS - בוקל פלוס תרסיס 100% טבעי,,0.00,100.00,false,1.00,92.90,0.06,true,0,
7290008909853,false,"קוקה קולה זירו בקבוק 500 מ""ל.",החברה המרכזית להפצת משקאות בעמ,,ZERO,,0.00,100.00,false,1.00,8.90,0.00,true,0,
7290008968157,false,אינטימה קצף להיגיינה נשית אובלפיכה-עץ התה,קמילוטרקט,,אינטימה  קצף להיגיינה נשית יומיומית,"מ""ל",200.00,100.00,false,1.00,59.90,0.00,true,0,
7290008968645,false,קמילוטרקט מסכה משקמת לשיער 250 מל,קמילוטרקט,,מסכת שיער משקמת ביוטין-ארגן,,0.00,100.00,false,1.00,59.90,0.00,true,0,
7290008968867,false,קמילוטרקט אקטיב אמפולות 8 יחידות,הרבה דרם,,אמפולות לטיפול בשיער דליל,,0.00,0.00,false,1.00,152.90,19.11,true,0,
7290008968959,false,קמילוטרקט אינטימה יאנג 200 מל,הרבה דרם,,אינטימה יאנג קצף הגיינה אישית לנערות,,0.00,100.00,false,1.00,55.90,0.00,true,0,
7290008975155,false,מטרנה סנסיטיב פגים 400 גרם,מטרנה תעשיות ש.מ,,תרכובת מזון להזנת המשך של פגים,גרם,400.00,100.00,false,1.00,37.90,0.00,true,0,
7290010035380,false,תמיסה לשטיפת פה יומיומית ללא אלכוהול,פארו paro,,תמיסה לשטיפת פה יומיומית ללא אלכוהול,,0.00,100.00,false,1.00,58.90,0.00,true,0,
<<<<<<< HEAD
7290010065271,false,פרינוק - מחית תפוחי עץ 130 גרם,פרינוק,,מחית תפוחי עץ שלב 1,גרם,130.00,100.00,false,1.00,5.50,0.00,true,0,
7290010065295,false,פרינוק - מחית תפוחי עץ ובננה 130 גרם,פרינוק,,מחית תפוח ובננה שלב 2,,0.00,100.00,false,1.00,5.50,0.00,true,0,
7290010065332,false,מחית תפוח עץ בננה ג'וניור פרינוק 190 גרם,פרוטה פודווין איי.אס,,מחית בננה ותפוח עץ שלב 3,,0.00,100.00,false,1.00,6.50,0.00,true,0,
7290010065349,false,מחית סלט פירות ג'וניור פרינוק 190 גרם,פרוטה פודווין איי.אס,,מחית סלט פירות שלב 3,,0.00,100.00,false,1.00,6.50,0.00,true,0,
7290010065745,false,מחית לפתן פירות ג'וניור פרינוק 190 גרם,פרוטה פודווין איי.אס,,מחית לפתן פירות שלב 3,,0.00,100.00,false,1.00,6.50,0.00,true,0,
7290010117970,false,סבבה בוטנים קלויים מצופים - אריזה אישית,"שטראוס פריטו ליי בע""",,בוטנים אמריקאים,,0.00,100.00,false,1.00,2.00,0.00,true,0,
7290010119950,false,דוריטוס חמוץ חריף 55 גרם-סטריפ,שטראוס גרופ,,חטיף תירס מתובל חמוץ חריף,,0.00,100.00,false,1.00,2.90,0.00,true,0,
7290010161669,false,אדם פרימייר דאודורנט ספריי 200 מל,זוהר קוסמטיקס,IL,PREMIER דאודורנט ספריי לגבר,,0.00,100.00,false,1.00,17.90,0.00,true,0,
=======
7290010065271,false,פרינוק - מחית תפוחי עץ 130 גרם,גורי מוצרי צריכה בעמ,,מחית תפוחי עץ שלב 1,גרם,130.00,100.00,false,1.00,5.50,0.00,true,0,
7290010065295,false,פרינוק - מחית תפוחי עץ ובננה 130 גרם,גורי מוצרי צריכה (1991) בעמ,,מחית תפוח ובננה שלב 2,,0.00,100.00,false,1.00,5.50,0.00,true,0,
7290010065332,false,מחית תפוח עץ בננה ג'וניור פרינוק 190 גרם,גורי מוצרי צריכה (1991) בעמ,,מחית בננה ותפוח עץ שלב 3,,0.00,100.00,false,1.00,6.50,0.00,true,0,
7290010065349,false,מחית סלט פירות ג'וניור פרינוק 190 גרם,גורי מוצרי צריכה (1991) בעמ,,מחית סלט פירות שלב 3,,0.00,100.00,false,1.00,6.50,0.00,true,0,
7290010065745,false,מחית לפתן פירות ג'וניור פרינוק 190 גרם,גורי מוצרי צריכה (1991) בעמ,,מחית לפתן פירות שלב 3,,0.00,100.00,false,1.00,6.50,0.00,true,0,
7290010117970,false,סבבה בוטנים קלויים מצופים - אריזה אישית,שטראוס פריטו ליי בע`מ,,בוטנים אמריקאים,,0.00,100.00,false,1.00,2.00,0.00,true,0,
7290010119950,false,חטיף דוריטוס בטעם חמוץ חריף 55 גרם,שטראוס פריטו ליי בע`מ,,חטיף תירס מתובל חמוץ חריף,,0.00,100.00,false,1.00,2.90,0.00,true,0,
7290010161669,false,"אדם פריימר דאורדורנט ספריי לגבר 200 מ""",ש. שסטוביץ בע`מ,IL,PREMIER דאודורנט ספריי לגבר,,0.00,100.00,false,1.00,17.90,0.00,true,0,
>>>>>>> d048ac2f4f281c9d788043ab4e81b61b0dbe3743
7290010182237,false,לאב ליין דאו.רול און כתום,חלאבין,,לאבליין orange דאודורנט רול-און עד 48 שעות,,0.00,100.00,false,1.00,18.90,0.00,true,0,
7290010182985,false,חלאבלין דאודורנט סטיק 72 שעות כחול,חלאבין,IL,לאבילין דאודורנט סטיק עד 72 שעות כחול,,0.00,100.00,false,1.00,29.90,0.00,true,0,
7290010182992,false,חלאבלין דאודורנט סטיק 72 שעות אדום,חלאבין,IL,לאבילין דאודורנט סטיק עד 72 שעות אדום,,0.00,100.00,false,1.00,29.90,0.00,true,0,
7290010222759,false,אלפסין שמפו קפאין C1 מארז שלישייה,סמואלוב,DE,שמפו קפאין C1 מארז,,0.00,100.00,false,1.00,119.90,0.00,true,0,
7290010222766,false,"וולדה ארומה תוש ספריי, 1 מ""ל",וולדה WELEDA,,ארומה תוש -ספריי תרסיס המכיל שמנים ארומטיים,,0.00,100.00,false,1.00,54.90,0.00,true,0,
7290010294503,false,אקטיסופ סבון מוצק טיפולי,LIFE OF TRI,,,,0.00,0.00,false,1.00,24.90,0.00,true,0,
7290010294787,false,ונו קשטן ג'ל לרגליים30גר,LIFE OF TRI,,,,0.00,100.00,false,1.00,52.90,0.01,true,0,
7290010378074,false,אקניל תרחיץ פנים 150מל,(PERRIGO(AGIS,,תרחיץ פנים טיפולי נטול שומן,,0.00,100.00,false,1.00,69.50,0.00,true,0,
7290010380466,false,"קרליין - קרם ג'ל לפנים יאנג 50 מ""ל 15SPF",קרליין,,YOUNG קרם ג'ל SPF 15,,0.00,100.00,false,1.00,59.90,0.01,true,0,
<<<<<<< HEAD
7290010382811,false,"לחות קלילה לשיער מתולתל נטורל פורמולה, 400 מ""ל",קרליין,,לחות קלילה על בסיס מים לשיער מתולתל,,0.00,100.00,false,1.00,26.90,0.00,true,0,
7290010382842,false,"קרם נטורל פורמולה קרם לחות קלילה לשיער רגיל, 400 מ""ל קלילה רגיל",מיוצר עי : אמיליה קוסמטי,,לחות קלילה על בסיס מים לשיער רגיל חלק עד גלי,,0.00,100.00,false,1.00,26.90,0.00,true,0,
7290010748518,false,"סרקל פורטה שמפו לילדים 750 מ""ל",פישר מעבדות פרמצבטיות בע,,שמפו פורטה,"מ""ל",750.00,100.00,false,1.00,29.90,0.00,true,0,
7290010748525,false,"סרקל פורטה מרכך לילדים 750 מ""ל",פישר מעבדות פרמצבטיות בע,,מרכך פורטה,"מ""ל",750.00,100.00,false,1.00,29.90,0.00,true,0,
7290010748853,false,"ד""ר פישר - אפקטיב קר קרם ידיים סנסיטיב 150 מ""ל",פישר מעבדות פרמצבטיות בע,,קרם ידיים וציפורניים לעור רגיש-ללא בושם,"מ""ל",150.00,100.00,false,1.00,17.90,0.00,true,0,
7290010748860,false,"ד""ר פישר - אפקטיב קר קרם ידיים אינטנסיב 150 מ""ל",פישר מעבדות פרמצבטיות בע,,קרם ידיים וציפורניים לעור יבש במיחד,"מ""ל",150.00,100.00,false,1.00,17.90,0.00,true,0,
7290010748877,false,"אפקטיב קר קרם גוף סנסטיב לעור רגיש ח 700 מ""ל",פישר מעבדות פרמצבטיות בע,,קרם גוף לעור רגיש ללא בישום,"מ""ל",700.00,100.00,false,1.00,29.90,0.00,true,0,
7290010748884,false,אפקטיב קר קרם גוף אינטנסיב לעור יבש במיוחד ח 700,פישר מעבדות פרמצבטיות,,קרם גוף לעור יבש במיוחד,"מ""ל",700.00,100.00,false,1.00,29.90,0.00,true,0,
7290010748891,false,אפקטיב קר קרם גוף מולטי ויטמין לעור רגיל יבש ח 7,פישר מעבדות פרמצבטיות בע,,קרם גוף לעור רגיל-יבש,"מ""ל",700.00,100.00,false,1.00,29.90,0.00,true,0,
7290010838219,false,ממתיק על בסיס צמח הסטיביה - שקיות,"קיפל טבליות וממתיקים בע""מ",,סטיביה ממתיק על בסיס צמח הסטיביה 0 קלוריות לשקית,,0.00,0.00,false,1.00,34.90,0.34,true,0,
7290010883059,false,מברשת שיניים חשמלית בוב ספוג אורביטול,ELECTRIC S.S.,CN,מברשת שיניים לילדים עם סוללות בוב ספוג,,0.00,0.00,false,1.00,39.90,0.00,true,0,
7290011018184,false,פיוז טי תה קר בטעם אפרסק,מבשלות בירה בינלאומי,,בטעם אפרסק,,0.00,100.00,false,1.00,8.90,0.00,true,0,
7290011018214,false,פיוז טי תה קר בטעם מנגו אננס,פארייפאבה אגרואינדוס,,בטעם מנגו אננס,,0.00,100.00,false,1.00,9.90,0.00,true,0,
7290011026066,false,"ד""ר פישר - סרקל שמפו + מרכך לילדים 1 ליטר",פישר מעבדות פרמצבטיות בע,,שמפו ומרכך לילדים,,0.00,1.00,false,1.00,28.90,28.90,true,0,
7290011026301,false,"ד""ר פישר - שמפו לשיער כסוף 400 מ""ל",פישר מעבדות פרמצבטיות,,SILVER שמפו לשיער כסוף,"מ""ל",400.00,100.00,false,1.00,29.90,0.00,true,0,
7290011026523,false,שמפו לתינוק לפני השינה Senstive עם לבנדר וקמומיל,פישר מעבדות פרמצבטיות בע,,סנסיטיב לפני השינה שמפו לתינוק,"מ""ל",500.00,100.00,false,1.00,19.90,0.00,true,0,
7290011026530,false,ק.ב סנסטיב אל סבון לבנדר קמומיל לפני השינה 500 מ,פישר מעבדות פרמצבטיות בע,,סנסיטיב לפני השינה אל סבון לתינוק,"מ""ל",500.00,100.00,false,1.00,19.90,0.00,true,0,
7290011113926,false,דאודורנט ספריי טיטניום בלאק Titanium Black,משווק: וסמופארם בעממ,,דאודורנט ספריי לגבר בלק,"מ""ל",200.00,100.00,false,1.00,16.90,0.00,true,0,
7290011115166,false,נקה 7 ארומה סבון נוזלי לבנדר 1 ל',טרופיקל דגיל תעשיות,,תחליב רחצה סגול לבנדר,,0.00,1.00,false,1.00,16.90,16.90,true,0,
7290011115289,false,אל סבון מוצק מבושם בניחוח עדין קלאסיק - מארז רביעיה,"גליל כימיכלים בע""מ",,אל סבון מוצק מבושם בניחוח עדין,גרם,400.00,100.00,false,1.00,15.90,0.00,true,0,
=======
7290010382811,false,"לחות קלילה לשיער מתולתל נטורל פורמולה, 400 מ""ל",החברה הדרומית לשיווק בעמ,,לחות קלילה על בסיס מים לשיער מתולתל,,0.00,100.00,false,1.00,26.90,0.00,true,0,
7290010382842,false,"קרם נטורל פורמולה קרם לחות קלילה לשיער רגיל, 400 מ""ל קלילה רגיל",החברה הדרומית לשיווק בעמ,,לחות קלילה על בסיס מים לשיער רגיל חלק עד גלי,,0.00,100.00,false,1.00,26.90,0.00,true,0,
7290010748518,false,"סרקל פורטה שמפו לילדים 750 מ""ל",פישר תעשיות פרמבצטיות בעמ,,שמפו פורטה,"מ""ל",750.00,100.00,false,1.00,29.90,0.00,true,0,
7290010748525,false,"סרקל פורטה מרכך לילדים 750 מ""ל",פישר תעשיות פרמבצטיות בעמ,,מרכך פורטה,"מ""ל",750.00,100.00,false,1.00,29.90,0.00,true,0,
7290010748853,false,"ד""ר פישר - אפקטיב קר קרם ידיים סנסיטיב 150 מ""ל","פישר תעשיות פרמצביטות בע""מ",,קרם ידיים וציפורניים לעור רגיש-ללא בושם,"מ""ל",150.00,100.00,false,1.00,17.90,0.00,true,0,
7290010748860,false,"ד""ר פישר - אפקטיב קר קרם ידיים אינטנסיב 150 מ""ל","פישר תעשיות פרמצביטות בע""מ",,קרם ידיים וציפורניים לעור יבש במיחד,"מ""ל",150.00,100.00,false,1.00,17.90,0.00,true,0,
7290010748877,false,"אפקטיב קר קרם גוף סנסטיב לעור רגיש ח 700 מ""ל",פישר תעשיות פרמצבטיות בעמ,,קרם גוף לעור רגיש ללא בישום,"מ""ל",700.00,100.00,false,1.00,29.90,0.00,true,0,
7290010748884,false,אפקטיב קר קרם גוף אינטנסיב לעור יבש במיוחד ח 700,"פישר תעשיות פרמצביטות בע""מ",,קרם גוף לעור יבש במיוחד,"מ""ל",700.00,100.00,false,1.00,29.90,0.00,true,0,
7290010748891,false,אפקטיב קר קרם גוף מולטי ויטמין לעור רגיל יבש ח 7,פישר תעשיות פרמצבטיות בעמ,,קרם גוף לעור רגיל-יבש,"מ""ל",700.00,100.00,false,1.00,29.90,0.00,true,0,
7290010838219,false,ממתיק על בסיס צמח הסטיביה - שקיות,"קיפל טבליות וממתיקים בע""מ",,סטיביה ממתיק על בסיס צמח הסטיביה 0 קלוריות לשקית,,0.00,0.00,false,1.00,34.90,0.34,true,0,
7290010883059,false,אורביטול מברשת שיניים בוב ספוג חשמלית,החב הדרומית לשיווק,CN,מברשת שיניים לילדים עם סוללות בוב ספוג,,0.00,0.00,false,1.00,39.90,0.00,true,0,
7290011018184,false,תה קר בטעם אפרסק פיוז-טי (500 מל),החברה המרכזית להפצת משקאות בעמ,,בטעם אפרסק,,0.00,100.00,false,1.00,8.90,0.00,true,0,
7290011018214,false,פיוז טי תה קר בטעם מנגו אננס,החברה המרכזית להפצת משקאות בעמ,,בטעם מנגו אננס,,0.00,100.00,false,1.00,9.90,0.00,true,0,
7290011026066,false,"ד""ר פישר - סרקל שמפו + מרכך לילדים 1 ליטר","פישר תעשיות פרמצביטות בע""מ",,שמפו ומרכך לילדים,,0.00,1.00,false,1.00,28.90,28.90,true,0,
7290011026301,false,"ד""ר פישר - שמפו לשיער כסוף 400 מ""ל","פישר תעשיות פרמצביטות בע""מ",,SILVER שמפו לשיער כסוף,"מ""ל",400.00,100.00,false,1.00,29.90,0.00,true,0,
7290011026523,false,שמפו לתינוק לפני השינה Senstive עם לבנדר וקמומיל,"פישר תעשיות פרמצביטות בע""מ",,סנסיטיב לפני השינה שמפו לתינוק,"מ""ל",500.00,100.00,false,1.00,19.90,0.00,true,0,
7290011026530,false,ק.ב סנסטיב אל סבון לבנדר קמומיל לפני השינה 500 מ,"פישר תעשיות פרמצביטות בע""מ",,סנסיטיב לפני השינה אל סבון לתינוק,"מ""ל",500.00,100.00,false,1.00,19.90,0.00,true,0,
7290011113926,false,דאודורנט ספריי טיטניום בלאק Titanium Black,החברה הדרומית לשיווק בעמ,,דאודורנט ספריי לגבר בלק,"מ""ל",200.00,100.00,false,1.00,16.90,0.00,true,0,
7290011115166,false,נקה 7 ארומה סבון נוזלי לבנדר 1 ל',החברה הדרומית לשיווק בעמ,,תחליב רחצה סגול לבנדר,,0.00,1.00,false,1.00,16.90,16.90,true,0,
7290011115289,false,אל סבון מוצק מבושם בניחוח עדין קלאסיק - מארז רביעיה,החברה הדרומית לשיווק בעמ,,אל סבון מוצק מבושם בניחוח עדין,גרם,400.00,100.00,false,1.00,15.90,0.00,true,0,
>>>>>>> d048ac2f4f281c9d788043ab4e81b61b0dbe3743
7290011223243,false,"טואלט דאק ג'ל לאסלה בניחוח לבנדר 55 מ""ל","איטיליאן פוד, אס.פי.",,ג'ל אסלה בניחוח לבנדר,,0.00,100.00,false,1.00,12.90,0.00,true,0,
7290011278168,false,כי-מט תרסיס משמנים טהורים להיגיינת הראש,פיור אויל PURE OIL,,כי מט תרסיס טבעי משמנים טהורים להגיינית הראש,,0.00,100.00,false,1.00,61.90,0.01,true,0,
7290011278687,false,פיור אויל דיטוש רול און,תמר שיווק,,רול און תכשיר למריחה והגנה על העור המכיל 100% שמנים טהורים,,0.00,100.00,false,1.00,31.90,0.00,true,0,
7290011300975,false,פנינה סבון נוזלי ורוד פרדייז 500 מל,פנינה רוזנבלום בעמ,,אל סבון נוזלי ורוד פרדייז,,0.00,100.00,false,1.00,8.90,0.00,true,0,
7290011332020,false,"שמן רחצה טיפולי לתינוק לעור רגיל אמול 500 מ""ל פישר","פישר תעשיות פרמבצטיות בע""מ",,שמן רחצה טיפולי לתינוק,,0.00,100.00,false,1.00,89.90,0.00,true,0,
7290011447014,false,מטרנה דייסת סלט פירות 200 גרם,קבוצת אוסם סחר שותפות מוגבלת,,דייסת סלט פירות 6+,גרם,200.00,100.00,false,1.00,14.90,0.00,true,0,
7290011447267,false,מטרנה פרימיום חלבי שלב 1 700 גרם חיסכון,קבוצת אוסם סחר שותפות מוגבלת,,תרכובת מזון לתינוקות שלב 1,,0.00,100.00,false,1.00,58.90,0.00,true,0,
7290011447281,false,מטרנה פרימיום חלבי שלב 2 700 גרם חיסכון,קבוצת אוסם סחר שותפות מוגבלת,,תרכובת מזון המשך לתינוקות שלב 2,גרם,700.00,100.00,false,1.00,58.90,0.00,true,0,
7290011447304,false,מטרנה פרימיום חלבי שלב 3 700 גרם חיסכון,קבוצת אוסם סחר שותפות מוגבלת,,תרכובת מזון המשך לתינוקות שלב 3,,0.00,100.00,false,1.00,58.90,0.00,true,0,
7290011517564,false,רוז לאב ליין דאו.רול און 48 ללא אלומיניו,חלאבין Halvin,,לאבליין rouge דאודורנט רול-און עד 48 שעות,,0.00,100.00,false,1.00,18.90,0.00,true,0,
7290011517571,false,רוז לאב ליין דאו.ספריי 48 ללא אלומיניום,חלאבין Halvin,,לאבליין rouge דאודורנט ספריי,,0.00,100.00,false,1.00,18.90,0.00,true,0,
7290011522605,false,"גלייז מעצב שיער לתלתלים 400 מ""ל",ג'נרל מילס סאן אדריא,,מעצב ומחזק תלתלים לשיער מתולתל /מסולסל/ קשה לסידור,"מ""ל",400.00,100.00,false,1.00,31.90,0.00,true,0,
7290011525316,false,"ד""ר פישר - קמיל בלו סנסיטיב תחליב לתינוק שיבולת 500 מ""ל",פישר תעשיות פרמצבטיות בעמ,,סנסיטיב שיבולת שועל תחליב טיפולי לתינוק,"מ""ל",500.00,100.00,false,1.00,29.90,0.00,true,0,
7290011525323,false,אל סבון טיפולי לתינוק קמיל בלו סנסטיב שיבולת שועל,פישר תעשיות פרמבצטיות בעמ,,סנסיטיב שיבולת שועל אל סבון טיפולי לתינוק,"מ""ל",500.00,100.00,false,1.00,22.90,0.00,true,0,
7290011525682,false,ג`נסיס מינרלס קרם עיניים 20 מל,General,,MINERALS קרם עיניים,,0.00,100.00,false,1.00,99.90,0.04,true,0,
7290011525712,false,"קמיל בלו אל סבון סנסיטיב לפני השינה ד""ר פישר 1 ליטר","פישר תעשיות פרמצביטות בע""מ",,סנסיטיב לפני השינה אל סבון לתינוק,"מ""ל",1000.00,100.00,false,1.00,32.90,0.00,true,0,
7290011525729,false,שמפו לתינוק קמיל בלו סנסטיב לפני השינה עם לבנדר וקמומיל,"פישר תעשיות פרמצביטות בע""מ",,סנסיטיב לפני השינה שמפו לתינוק,"מ""ל",1000.00,100.00,false,1.00,32.90,0.00,true,0,
7290011598211,false,"סנו - אנטי קאלק מרסס ניקוי כללי 4 ב-1 700 מ""ל",החברה הדרומית לשיווק בעמ,,אנטי קאלק ספריי ניקוי כללי 4 ב-1,,0.00,100.00,false,1.00,17.90,0.00,true,0,
7290011622428,false,כתמטמינים-חטיף בריאות לתינוקות וילדים 45 ג',גורי מוצרי צריכה (1991) בעמ,IL,"חטיף אצבעות בוטנים ותירס, מגיל 6+ חודשים",,0.00,100.00,false,1.00,7.90,0.00,true,0,
7290011622442,false,טבעונים - חטיף טבעות דגנים מלאים בטעם טבעי 45 גרם,הארט Heart,,"חטיף טבעות דגנים מלאים במתיקות מעודנת, מגיל 9+ חודשים בטעם טבעי",,0.00,100.00,false,1.00,4.00,0.00,true,0,
7290011622664,false,כתמטמינים - חטיף אצבעות טחינה אורז ותירס 45 גרם,גורי מוצרי צריכה בעמ,IL,"חטיף אצבעות טחינה (50%) אורז ותירס, מגיל 6 חודשים",,0.00,100.00,false,1.00,2.50,0.00,true,0,
7290011622701,false,טבעונים - חטיף טבעות דגנים מלאים בטעם גזר וסלק 45 גרם,אשבול,,"חטיף טבעות דגנים מלאים במתיקות מעודנת, מגיל 9+ חודשים בטעם גזר סלק",,0.00,100.00,false,1.00,7.90,0.00,true,0,
7290011622763,false,ביסקוויטמינים פלוס בטעם וניל 150 גרם,גורי מוצרי צריכה (1991) בעמ,IL,"ביסקוויטים לפעוטות וילדים בטעם וניל, מגיל שנה ומעלה",,0.00,100.00,false,1.00,16.90,0.00,true,0,
7290011668570,false,בריא מהטבע גרנולה פירות יבשים 450 גרם פנינה רוזנבלום,בריא מהטבע פנינה רוזנבלום,,גרנולה פירות יבשים לא קלויה ללא תוספת סוכר,,0.00,100.00,false,1.00,30.90,0.00,true,0,
7290011714871,false,בליסטקס סטיק פטל לימון,מדיליין פריגו,,שפתון פטל לימון SPF 15,,0.00,100.00,false,1.00,15.90,0.03,true,0,
7290011714895,false,בליסטקס מד-פלוס משחה טיפולית לשפתיים,מדיליין פריגו,,מד פלוס פורמולה המחזירה את הלחות הטבעית לשפתיים,,0.00,100.00,false,1.00,29.90,0.04,true,0,
<<<<<<< HEAD
7290011743833,false,"סנסודיין משחת שיניים פרונאמל 75 מ""ל",גלקסו סמית קליין,,Pro-namel משחת שיניים לחיזוק האמייל,"מ""ל",75.00,100.00,false,1.00,21.90,0.00,true,0,
=======
7290011743833,false,משחת שיניים פרונאמל סנסודיין (75 מל),גלקסו סמית קליין,,Pro-namel משחת שיניים לחיזוק האמייל,"מ""ל",75.00,100.00,false,1.00,21.90,0.00,true,0,
>>>>>>> d048ac2f4f281c9d788043ab4e81b61b0dbe3743
7290011744885,false,"אקווה פרש משחת שיניים ילדים לשיני חלב 50 מ""ל",גלקסו סמית קליין,,משחה לשיני חלב לגילאי 2-6,,0.00,100.00,false,1.00,15.90,0.00,true,0,
7290011744892,false,"אקווה פרש - משחת שיניים ילדים ג'וניור 6+ 50 מ""ל",גלקסו סמית קליין,SK,JUNIOR משחת שיניים לילדים +6,,0.00,100.00,false,1.00,15.90,0.00,true,0,
7290011745707,false,משחת שיניים פרונמל Pro namel לילדים לגילאי 6-12,גלקסו סמית קליין,,משחת שיניים עם פלואוריד לגילאי 6-12 שנים,,0.00,100.00,false,1.00,16.90,0.00,true,0,
7290011765446,false,משחת שיניים לילדים בוב ספוג בטעם מיץ ענבים עם פלואוריד למניעת עששת,טרופיקל דגיל תעשיות קוסמ,,משחת שיניים לילדים עם פלואוריד למניעת עששת,,0.00,100.00,false,1.00,11.90,0.00,true,0,
7290011771140,false,סבוקלם קלאסיק שפתון חמאת שיאה 8 מל,טטרה פארם,,שפתון חמאת שיאה,,0.00,100.00,false,1.00,29.90,0.03,true,0,
7290011771201,false,"סבוקלם קלאסיק אקטיב 50 מ""ל",סבוקלם Sebocalm,,אקטיב קרם לחות,,0.00,100.00,false,1.00,99.90,0.01,true,0,
7290011771225,false,תחליב להרגעת עור הפנים אחרי גילוח,סבוקלם Sebocalm,,MEN תחליב לאחר גילוח להרגעת עור הפנים לאחר הגילוח,,0.00,100.00,false,1.00,99.90,0.01,true,0,
7290011771270,false,סבוקלם קלאסיק דאודורנט לעור רגיש 70 מל,סבוקלם Sebocalm,,דאודורנט לעור רגיש,,0.00,100.00,false,1.00,49.90,0.00,true,0,
7290011771294,false,סבוקלם אינוביישן קרם הזנה 50 מל,טטרה פארם,,אינוביישן קרם הזנה נגד קמטים לטיפוח עור יבש,,0.00,100.00,false,1.00,199.90,0.03,true,0,
7290011771379,false,סבוקלם אינוביישן קרם שפתיים 10 מל,טטרה פארם,,אינוביישן קרם שפתיים להפחתת קמטים באזור השפתיים,,0.00,100.00,false,1.00,84.90,0.08,true,0,
7290011771515,false,"סבוקלם יאנג קרם לחות 50 מ""ל",טטרה פארם,,יאנג קרם לחות קרם דל שומן לעור שמן ובעייתי,,0.00,100.00,false,1.00,74.90,0.01,true,0,
7290011771539,false,סבוקלם יאנג גל ניקוי 160 מל,טטרה פארם,,יאנג ג'ל ניקוי לניקוי יסודי של עור שמן ומעורב,"מ""ל",160.00,100.00,false,1.00,64.90,0.00,true,0,
7290011771553,false,סבוקלם יאנג תרחיף לטיפול נקודתי 25 מל,טטרה פארם,,יאנג תרחיף לטיפול נקודתי שמן ובעייתי,,0.00,100.00,false,1.00,64.90,0.02,true,0,
7290011771836,false,"סבוקלם טריפל מדיום 70 מ""ל",טטרה פארם,,קרם לחות דמי מייק -אפ SPF30,,0.00,100.00,false,1.00,96.90,0.01,true,0,
7290011877446,false,קרם נגד גירויים לתינוק עם הנוסחה המשולשת SBC,החברה הדרומית לשיווק בעמ,IL,SENSITIVE קרם למניעת גירויים,,0.00,0.00,false,1.00,15.90,0.15,true,0,
7290011909642,false,שביט רימונים קרם לחות לפנים רגיל עד יבש,הרבה דרם,,רימונים קרם לחות לפנים לעור רגיל עד יבש,,0.00,100.00,false,1.00,99.90,0.01,true,0,
7290011909802,false,שביט אובליפיחה קרם לחות לפנים,הרבה דרם,,אובליפיחה קרם לחות לפנים,,0.00,100.00,false,1.00,76.90,0.01,true,0,
7290011909819,false,שביט רימונים ק.הזנה לילה לפנים,הרבה דרם,,קרם הזנה ללילה אנטי אייגי'נג,,0.00,100.00,false,1.00,99.90,0.01,true,0,
7290011910105,false,שביט רימונים סרום פנים ועיניים,הרבה דרם,,רימונים סרום פנים ועיניים,,0.00,100.00,false,1.00,99.90,0.03,true,0,
7290011912635,false,ליסטרין שטיפת פה הגנה על השיניים והחניכי,שקד תבל בעמ,IT,שטיפת פה הגנה על החניכיים ועל השיניים,,0.00,100.00,false,1.00,19.90,0.00,true,0,
7290011912642,false,ליסטרין שטיפת פה הגנה על השיניים והחניכי,ג'\ונסון אנד ג'\ונסון,,שטיפת פה להגנה על השיניים והחניכיים,,0.00,100.00,false,1.00,35.90,0.00,true,0,
7290012066368,false,"לייסר - אורתו משחת שיניים ג'ל מנטה 75 מ""ל",לאסר LACER,,להגנה יומיומית על השיניים והחניכיים לבעלי גשר בשיניים,,0.00,100.00,false,1.00,25.90,0.00,true,0,
7290012066375,false,"לייסר - אורתו שטיפת פה מנטה 500 מ""ל",לאסר LACER,,להגנה יומיומית על השיניים והחניכיים לבעלי גשר בשיניים,,0.00,100.00,false,1.00,48.90,0.00,true,0,
7290012066382,false,סנסי - משחת שיניים ג'ל לשיניים רגישות,לאסר LACER,,משחת שיניים לשיניים רגישות,,0.00,100.00,false,1.00,27.90,0.00,true,0,
7290012066542,false,פילקסיל שמפו טיפולי 300 מל,פילקסיל Pilexil,,שמפו לחיזוק שיער,,0.00,100.00,false,1.00,69.90,0.00,true,0,
7290012066559,false,פילקסיל ספריי טיפולי לשיער 120 מל,תרו,,ספריי טיפולי לחיזוק השיער,,0.00,100.00,false,1.00,159.90,0.01,true,0,
7290012066832,false,לאסר בלאנק שטיפת פה להלבנת שיניים תרו,לאסר LACER,ES,שטיפת פה להלבנה בטעם מנטה,,0.00,100.00,false,1.00,47.90,0.00,true,0,
7290012066849,false,לאסר בלנק שטיפת פה לרענון הנשימה 500מל,תרו,ES,שטיפת פה לרענון הנשימה,,0.00,100.00,false,1.00,47.90,0.00,true,0,
7290012066856,false,לאסר בלאנק משחת שיניים בטעם מנטה 75 מל,תרו,ES,משחת שיניים להלבנה בטעם מנטה,,0.00,100.00,false,1.00,28.90,0.00,true,0,
7290012066887,false,קצף לשטיפה אינטימית לשימוש יומיומי,וונליי,IT,קצף לשטיפה אינטימית לשימוש יומיומי,,0.00,100.00,false,1.00,39.90,0.00,true,0,
7290012066894,false,קרם וגינלי ליובש בנרתיק,וונליי,IT,קרם וגינלי ליובש בנרתיק,,0.00,100.00,false,1.00,49.90,0.01,true,0,
7290012066900,false,וונליי גל פעיל וגינלי 30 מל,תרו,IT,ג'ל פעיל וגינלי לדלקת נרתיקית חיידקית,,0.00,100.00,false,1.00,49.90,0.01,true,0,
7290012066917,false,קרם פלורה וגינלי לפטריה בנרתיק,וונליי,IT,קרם פלורה וגינלי לפטריה בנרתיק,,0.00,100.00,false,1.00,49.90,0.01,true,0,
7290012066962,false,פילקסיל בלאק שמפו לגבר לחיזוק השיער,פילקסיל Pilexil,ES,שמפו לגבר לחיזוק השיער,,0.00,100.00,false,1.00,69.90,0.00,true,0,
7290012071003,false,קמיל בלו משחה לתינוק דר. פישר (200 גרם),"פישר תעשיות פרמצביטות בע""מ",IL,משחת החתלה לתינוק,,0.00,100.00,false,1.00,27.90,0.00,true,0,
7290012071690,false,מגבונים אנטי-בקטריאליים לניקוי משטחים,"פישר תעשיות פרמצביטות בע""מ",IL,אלכו-ג'ל מגבונים לניקוי וחיטוי משטחים,,0.00,0.00,false,1.00,12.90,0.64,true,0,
7290012071935,false,"ד""ר פישר - אמול לתינוק שמן רחצה טיפולי קלאסי 200 מ""ל","ד""ר פישר Dr fischer",,שמן רחצה קלאסי לתינוק,"מ""ל",200.00,100.00,false,1.00,49.90,0.00,true,0,
<<<<<<< HEAD
7290012116025,false,שמפו פיית הפרפרים לסירוק קל מכיל רוזמרין,קוסמופארם בע'\'\מ,,שמפו לסירוק קל-פיית הפרחים,,0.00,100.00,false,1.00,14.90,0.00,true,0,
7290012116032,false,כיף פיות מרכך לסירוק קל 750 מל,טרופיקל דגיל תעשיות,,מרכך לסירוק קל-פיית הפרפרים,,0.00,100.00,false,1.00,14.90,0.00,true,0,
7290012116070,false,"אל סבון נוזלי פיות בתמציות אלוורה כיף 750 מ""ל",החברה הדרומית,,אל סבון מועשר בתמציות אלוורה-פיית הקשתות,,0.00,100.00,false,1.00,14.90,0.00,true,0,
7290012116261,false,סנו מדיק ג'ל לניקוי ידיים אלוורה 500 מל,גוד פוד פרודקטס S.p,IL,ג'ל ניקוי ידיים בתוספת אלוורה 70% אלכוהול בניחוח ליים מעורר,,0.00,100.00,false,1.00,29.90,0.00,true,0,
7290012116612,false,אורביטול מברשת שיניים מארז 4 יח',ג'נרל מילס סאן אדריא,,מברשת שיניים,,0.00,0.00,false,1.00,17.90,4.47,true,0,
7290012116629,false,תחליב רול און דוחה יתושים לתינוקות ולילדים סנו די,מיוצר עי קונדיטוריית,,כדורית רול און תחליב דוחה יתושים לתינוקות וילדים,,0.00,100.00,false,1.00,17.90,0.00,true,0,
7290012116735,false,נייר טואלט גליל כפול סנו סופט 24 גלילים,סנו מפעלי ברונוס בעמ,,נייר טואלט נייר דו שכבתי,,0.00,0.00,false,1.00,39.90,1.66,true,0,
=======
7290012116025,false,שמפו פיית הפרפרים לסירוק קל מכיל רוזמרין,החברה הדרומית לשיווק בעמ,,שמפו לסירוק קל-פיית הפרחים,,0.00,100.00,false,1.00,14.90,0.00,true,0,
7290012116032,false,כיף פיות מרכך לסירוק קל 750 מל,החברה הדרומית לשיווק בעמ,,מרכך לסירוק קל-פיית הפרפרים,,0.00,100.00,false,1.00,14.90,0.00,true,0,
7290012116070,false,"אל סבון נוזלי פיות בתמציות אלוורה כיף 750 מ""ל",החברה הדרומית לשיווק בעמ,,אל סבון מועשר בתמציות אלוורה-פיית הקשתות,,0.00,100.00,false,1.00,14.90,0.00,true,0,
7290012116261,false,סנו מדיק ג'ל לניקוי ידיים אלוורה 500 מל,החברה הדרומית לשיווק בעמ,IL,ג'ל ניקוי ידיים בתוספת אלוורה 70% אלכוהול בניחוח ליים מעורר,,0.00,100.00,false,1.00,29.90,0.00,true,0,
7290012116612,false,אורביטול מברשת שיניים סופט 4 יח`,החברה הדרומית לשיווק בעמ,,מברשת שיניים,,0.00,0.00,false,1.00,17.90,4.47,true,0,
7290012116629,false,תחליב רול און דוחה יתושים לתינוקות ולילדים סנו די,החברה הדרומית לשיווק בעמ,,כדורית רול און תחליב דוחה יתושים לתינוקות וילדים,,0.00,100.00,false,1.00,17.90,0.00,true,0,
7290012116735,false,נייר טואלט דו שכבתי גליל כפול - מארז 24 גלילים,החברה הדרומית לשיווק בעמ,,נייר טואלט נייר דו שכבתי,,0.00,0.00,false,1.00,39.90,1.66,true,0,
>>>>>>> d048ac2f4f281c9d788043ab4e81b61b0dbe3743
7290012117398,false,קרמה מן גל לאחר גילוח לעור עדין 150 מל,החברה הדרומית,,ג'ל לאחר גילוח לעור עדין ללא אלכוהול,,0.00,100.00,false,1.00,12.90,0.00,true,0,
7290012117428,false,"ג'ל רחצה ושמפו מעיינות מנטה קרמה מן 700 מ""ל",החברה הדרומית לשיווק בעמ,,שמפו וג'ל רחצה מנטה 2 ב-1,,0.00,100.00,false,1.00,22.90,0.00,true,0,
7290012117435,false,"קרמה - שמפו וג'ל רחצה 2 ב-1 אלוורה 700 מ""ל",החברה הדרומית לשיווק בעמ,,שמפו וג'ל רחצה אלוורה 2 ב-1,,0.00,100.00,false,1.00,22.90,0.00,true,0,
7290012117541,false,מרכך כביסה מרוכז צהוב סנו מקסימה 1 ליטר,החברה הדרומית לשיווק בעמ,IL,מרכך כביסה סופר מרוכז ZEN,,0.00,1.00,false,1.00,17.90,17.90,true,0,
7290012117558,false,מקסימה מרכך כביסה מרוכז ורוד בניחוח מאסק סנו 1 ליטר,החברה הדרומית לשיווק בעמ,,מרכך כביסה סופר מרוכז מאסק,,0.00,1.00,false,1.00,17.90,17.90,true,0,
7290012117626,false,שטיפת פה דנטלית לילדים בטעם ענבים בוב ספוג,קוסמופארם בע'\'\מ,,שטיפת פה דנטלית לילדים בטעם ענבים בוב ספוג,,0.00,100.00,false,1.00,17.90,0.00,true,0,
7290012117916,false,אינסטלטור נוזל לפתיחת סתימות סנו 1 ליטר,החברה הדרומית לשיווק בעמ,IL,אינסטלטור נוזלי,,0.00,1.00,false,1.00,29.90,29.90,true,0,
7290012192098,false,חלאבין לאבילין רול און 72 שעות אדום,חלאבין Halvin,IL,לאבילין דאודורנט רול-און עד 72 שעות אדום,,0.00,100.00,false,1.00,29.90,0.00,true,0,
7290012192104,false,חלאבלין רול און 72 שעות כחול,חלאבין Halvin,,לאבילין דאודורנט רול-און עד 72 שעות כחול,,0.00,100.00,false,1.00,29.90,0.00,true,0,
7290012193071,false,גורדן קסמי שיניים דקים מארז זוג,ג'ורדן,,קיסמי שיניים דקים דו צדדיים מארז זוג,,0.00,0.00,false,1.00,29.90,0.14,true,0,
7290012350245,false,"קרליין - קרם יום משקם רויואל 50 מ""ל",קרליין,,REVIVAL קרם יום SPF15,,0.00,100.00,false,1.00,140.00,0.02,true,0,
7290012350252,false,"קרליין - קרם יום לילה רויואל 50 מ""ל",קרליין,,REVIVAL קרם לילה,,0.00,100.00,false,1.00,140.00,0.02,true,0,
7290012350269,false,"קרליין - קרם עיניים רויואל 30 מ""ל",קרליין,,REVIVAL קרם עיניים,,0.00,100.00,false,1.00,140.00,0.04,true,0,
7290012350276,false,"קרליין - סרום רויואל 30 מ""ל",קרליין,,REVIVAL סרום,,0.00,100.00,false,1.00,140.00,0.04,true,0,
<<<<<<< HEAD
7290012367700,false,קרם גוף אינטנסיב רליף Intensive relief לעור יבש ומגורה,פישר מעבדות פרמצבטיות בע,,קרם גוף לעור יבש ומגורה,,0.00,100.00,false,1.00,29.90,0.00,true,0,
7290012367717,false,קרם ידיים וציפורניים Intensive relief לעור יבש ומגורה,פישר מעבדות פרמצבטיות בע,,קרם ידיים וציפורניים לעור יבש ומגורה,,0.00,100.00,false,1.00,17.90,0.00,true,0,
=======
7290012367700,false,קרם גוף אינטנסיב רליף Intensive relief לעור יבש ומגורה,"פישר תעשיות פרמבצטיות בע""מ",,קרם גוף לעור יבש ומגורה,,0.00,100.00,false,1.00,29.90,0.00,true,0,
7290012367717,false,קרם ידיים וציפורניים Intensive relief לעור יבש ומגורה,"פישר תעשיות פרמצביטות בע""מ",,קרם ידיים וציפורניים לעור יבש ומגורה,,0.00,100.00,false,1.00,17.90,0.00,true,0,
>>>>>>> d048ac2f4f281c9d788043ab4e81b61b0dbe3743
7290012367823,false,"ד""ר פישר - אמול לתינוק שמן רחצה טיפולי לעור יבש במיוחד 200 מ""ל",פישר מעבדות פרמצבטיות בע,,שמן רחצה טיפולי לעור יבש במיוחד,,0.00,100.00,false,1.00,59.90,0.00,true,0,
7290012367908,false,שמן טיפולי לתינוק בתוספת אלוורה Kamil Blue Sensitive,פישר תעשיות פרמצבטיות בעמ,IL,סנסיטיב שמן טיפולי לתינוק בתוספת אלוורה,,0.00,100.00,false,1.00,17.90,0.00,true,0,
7290012491030,false,מאמי קייר קרם למניעת סימני מתיחה,General,,קרם למניעת סימני מתיחה,,0.00,100.00,false,1.00,100.90,0.00,true,0,
7290012491047,false,"שמפו קלנדולה אורגני אל דמע 400 מ""ל MOMMY CARE",מאמי קר Mommy Care,,שמפו קלנדולה לתינוק,,0.00,100.00,false,1.00,35.90,0.00,true,0,
7290012491078,false,"סבון קלנדולה לתינוק 400 מ""ל Mommy Care",מאמי קר Mommy Care,,סבון קלנדולה לתינוק,,0.00,100.00,false,1.00,35.90,0.00,true,0,
7290012491115,false,מאמי קייר קרם הגנה לגוף SPF15,מאמי קר,,קרם הגנה לגוף 15 SPF,,0.00,0.00,false,1.00,60.90,0.60,true,0,
7290012491122,false,מאמי קייר קרם הגנה לפנים SPF15,מאמי קר,,קרם הגנה לפנים 15 SPF,,0.00,100.00,false,1.00,60.90,0.01,true,0,
7290012491337,false,מאמי קייר קרם גוף לתינוק 120 מל,מאמי קר,,קרם גוף לתינוק,,0.00,0.00,false,1.00,44.90,0.37,true,0,
7290012491405,false,"סבון טבעי לניקוי בקבוקים, מוצצים ומשאבות חלב",מאמי קר Mommy Care,,"סבון טבעי מיוחד לניקוי בקבוקים,מוצצים ומשאבות חלב",,0.00,100.00,false,1.00,27.90,0.00,true,0,
7290012491443,false,מאמי קייר שמן אמבט לתינוק 400 מל,מאמי קר,,שמן אמבט לתינוק קלנדולה קמומיל,,0.00,100.00,false,1.00,94.90,0.00,true,0,
7290012491467,false,"Mommy Care סבון טבעי לילדים 400 מ""ל",לה קרים,,סבון לילדים,,0.00,100.00,false,1.00,35.90,0.00,true,0,
7290012491474,false,שמפו לילדים לריכוך השיער והזנת עור הקרקפת,מאמי קר Mommy Care,,שמפו לילדים,,0.00,100.00,false,1.00,35.90,0.00,true,0,
7290012491696,false,תערובת ציטרונלה להגנה מפני עקיצות יתושים,מאמי קר Mommy Care,IL,תערובת ציטרונלה,,0.00,100.00,false,1.00,39.90,0.00,true,0,
7290012701788,false,דר עור דריי נוטריק קרם לילה לעור יבש,ניאופארם,,DRY-OR קרם לילה לעור יבש,,0.00,100.00,false,1.00,149.90,0.02,true,0,
7290012701832,false,CLASSIC OR פילינג גרגירים עדין כל סוגי עור 100מל,"ד""ר עור DOCTOR OR",,CLASSIC-OR פילינג גרגירים עדין לכל סוגי העור,,0.00,0.00,false,1.00,99.90,0.99,true,0,
7290012701849,false,דר עור קלאסיק ג'ל לניקוי יסודי 150 מל,ניאופארם,,CLASSIC-OR ג'ל לניקוי יסודי לכל סוגי העור,,0.00,100.00,false,1.00,79.90,0.00,true,0,
7290012702167,false,מורז מסכת שיער לטיפול ושיקום שיער פגום,מורז,,מסיכה פוליגונום לשיער,,0.00,100.00,false,1.00,69.90,0.00,true,0,
7290012702259,false,מורז גל לניקוי פנים 150 מל,מורז,,ג'ל לניקוי פנים מפרחי קמומיל ואכילאה,,0.00,100.00,false,1.00,39.90,0.00,true,0,
7290012702266,false,סבון לשטיפה אינטימית 250,מורז,,סבון לשטיפה אינטימית עם תמצית חמוציות,,0.00,100.00,false,1.00,49.90,0.00,true,0,
7290012702273,false,מורז מרכך שיער אשה 500 מל,מורז,,מרכך שיער רוזמרין,,0.00,100.00,false,1.00,39.90,0.00,true,0,
7290012702358,false,מורז קרם פוליגונום למניעת סימני מתיחה150,מורז,,קרם פוליגונום למניעת סימני מתיחה,,0.00,100.00,false,1.00,99.90,0.00,true,0,
7290012702624,false,מורז מגן שפתיים דובדבן,SALA (MORAZ,US,מגן שפתיים דובדבן,,0.00,100.00,false,1.00,14.90,0.03,true,0,
7290012702822,false,מורז ספריי הגנה שקוף SPF50 200 מל,SALA (MORAZ,IL,ספריי שקוף להגנה מקרני השמש SPF50,,0.00,100.00,false,1.00,89.90,0.00,true,0,
7290012702839,false,מורז ספריי הגנה שקוף לילדים SPF50 200 מל,מורז,IL,ספריי שקוף לילדים להגנה מקרני השמש SPF50,,0.00,100.00,false,1.00,89.90,0.00,true,0,
7290012803352,false,רייד תרסיס קוטל יתושים/זבובים 300 מל,אס.סי.ג'ונסון מידרכט,,קוטל זבובים ויתושים,"מ""ל",400.00,100.00,false,1.00,19.90,0.00,true,0,
7290012823343,false,משחת שיניים אורביטול קידס סטעם סוכריות ג'לי 70 גרם,החברה הדרומית,IL,משחת שיניים לילדים עם פלואוריד למניעת עששת SHIMMER&SHINE בטעם סוכריות ג'לי גילאי 2-6,,0.00,100.00,false,1.00,11.90,0.00,true,0,
7290012823398,false,מטליות חד פעמיות לניקוי הרצפה בניחוח מרכך כביסה 10יח' סנו,החברה הדרומית לשיווק בעמ,IL,מטליות לחות לניקוי הרצפה בניחוח מרכך כביסה,,0.00,0.00,false,1.00,14.90,1.49,true,0,
7290012823602,false,נייר טואלט סופט סילק לבן 32 גלילים סנו,החברה הדרומית לשיווק בעמ,IL,סופט נייר טואלט לבן,,0.00,0.00,false,1.00,31.90,0.99,true,0,
7290012850592,false,RETIN-OR קרם לילה אנטי אייג'ינג לעור בוגר +45,"ד""ר עור DOCTOR OR",,RETIN-OR קרם לילה אנטי אייג'ינג לעור בוגר +45,,0.00,100.00,false,1.00,199.90,0.03,true,0,
7290012854392,false,בליסטקס תות-בליסטר חדש,מדיליין פריגו,US,שפתון בטעם תות עם מסנני קרינה לשפתיים יבשות וסדוקות SPF 15,,0.00,0.00,false,1.00,15.90,0.00,true,0,
7290012854408,false,בליסטקס מנטה -בליסטר חדש,מדיליין פריגו,US,שפתון בטעם מנטה לשפתיים יבשות וסדוקות SPF 15,,0.00,0.00,false,1.00,15.90,0.00,true,0,
7290012854675,false,בליסטקס משחה טיפולית לשפתיים נוסחה חדשה,מדיליין פריגו,,משחה טיפולית לשפתיים SPF 10,,0.00,100.00,false,1.00,29.90,0.04,true,0,
7290012854835,false,בליסטקס לחות לטיפוח יומי תפזורת,מדיליין פריגו,,לחות לטיפוח יומי SPF 15,,0.00,100.00,false,1.00,29.90,0.04,true,0,
7290012938580,false,"סנסודיין משחת שיניים להלבנה עדינה 75 מ""ל",גלקסוסמית'\קליין קונסיומ,,Gentle whitening - משחת שיניים להלבנה עדינה,,0.00,100.00,false,1.00,18.90,0.00,true,0,
<<<<<<< HEAD
7290012938597,false,"סנסודיין משחת שיניים רפיד רליף 75 מ""ל","סמיתקליין ביצ'ם בע""מ",,Rapid relief - משחת שיניים לשיניים רגישות,,0.00,100.00,false,1.00,21.90,0.00,true,0,
=======
7290012938597,false,משחת שיניים רפיד רליף סנסודיין (75 מל),"סמיתקליין ביצ'ם בע""מ",,Rapid relief - משחת שיניים לשיניים רגישות,,0.00,100.00,false,1.00,21.90,0.00,true,0,
>>>>>>> d048ac2f4f281c9d788043ab4e81b61b0dbe3743
7290012938740,false,"משחת שיניים פרש מינט מנטה 75מ""ל סנסודיין",גלקסו סמית קליין,,Fresh mint - משחת שיניים מנטה מרענן,"מ""ל",75.00,100.00,false,1.00,18.90,0.00,true,0,
7290012938924,false,אקוהפרש מי פה ללא אלכוהול 500 מל,מולינו ניקולי s.p.a,,שטיפת פה ללא אלכוהול 24 שעות הגנה מגיל 6 שנים ומעלה,,0.00,100.00,false,1.00,20.90,0.00,true,0,
7290012979064,false,דר עור אוילי אל סבון לניקוי עור שמן 150,"ד""ר עור DOCTOR OR",,OILY-OR אל סבון לניקוי עור מעורב עד שמן,"מ""ל",125.00,100.00,false,1.00,79.90,0.00,true,0,
7290012979156,false,RETIN-OR סרום אנטי אייג'ינג לעור בוגר +45,"ד""ר עור DOCTOR OR",,RETIN-OR סרום אנטי אייג'ינג לעור בוגר +45,,0.00,100.00,false,1.00,199.90,0.06,true,0,
7290012979187,false,RENEW-OR קרם עיניים אנטי אייג'ינג לעור בוגר +30,"ד""ר עור DOCTOR OR",,RENEW-OR קרם עיניים אנטי אייג'ינג לעור בוגר +30,,0.00,100.00,false,1.00,139.90,0.06,true,0,
7290012979194,false,RENEW-OR קרם לילה אנטי אייג'ינג לעור בוגר +30,"ד""ר עור DOCTOR OR",,RENEW-OR קרם לילה אנטי אייג'ינג לעור בוגר +30,,0.00,100.00,false,1.00,149.90,0.02,true,0,
7290012979217,false,דר עור סבו קרם לחות לעור רגיש ואדמומי,"ד""ר עור DOCTOR OR",,סבו-עור קרם לחות לעור רגיש אדמומי ומגורה,,0.00,100.00,false,1.00,99.90,0.01,true,0,
7290012979224,false,SEBO-OR שמפו לטיפול בקשקשים ובקרקפת מגורה,"ד""ר עור DOCTOR OR",,סבו-עור שמפו לטיפול בקשקשים ובקרקפת מגורה,"מ""ל",220.00,100.00,false,1.00,59.90,0.00,true,0,
7290012979231,false,SEBO OR אל-סבון לעור פנים רגיש ואדמומי 150מל,"ד""ר עור DOCTOR OR",,סבו-עור אל-סבון לעור פנים רגיש ואדמומי,"מ""ל",200.00,100.00,false,1.00,64.90,0.00,true,0,
7290012979279,false,דר עור אקטיב שמפו לחיזוק סיבי השערה,"ד""ר עור DOCTOR OR",,ACTIVE-OR שמפו לחיזוק סיבי השערה,"מ""ל",200.00,100.00,false,1.00,69.90,0.00,true,0,
7290012979293,false,דר עור דאודורנט רול ללא אלומיניום מל,"ד""ר עור DOCTOR OR",,DEO-OR דאודורנט רול און ללא אלומיניום,,0.00,100.00,false,1.00,54.90,0.00,true,0,
7290012979309,false,דר עור דאודורנט רול בניחוח רענן 70 מל,"ד""ר עור DOCTOR OR",,דאו-עור דאודורנט רול און בניחוח רענן,,0.00,100.00,false,1.00,54.90,0.00,true,0,
7290012979316,false,דר עור דאודורנט רול און ללא בושם 70 מל,ניאופארם,,דאו עור דאודורנט רול און ללא בושם,,0.00,100.00,false,1.00,54.90,0.00,true,0,
7290013007001,false,"אס.או.אס דרמל קרם 15 מ""ל",ויטליטי,,קרם אס.או.אס דרמאל,,0.00,0.00,false,1.00,90.00,0.00,true,0,
7290013083661,false,"מטרנה אקסטרה קר שלב 1 חסכון 700 גרם תמ""ל",קבוצת אוסם סחר-שות.מוגבלת,,אקסטרה קייר תרכובת מזון לתינוקות שלב 1,,0.00,100.00,false,1.00,67.90,0.00,true,0,
7290013083678,false,"מטרנה אקסטרה קר שלב 2 חסכון 700 גרם תמ""ל",קבוצת אוסם סחר-שות.מוגבלת,,אקסטרה קייר תרכובת מזון המשך לתינוקות שלב 2,,0.00,100.00,false,1.00,67.90,0.00,true,0,
7290013083685,false,תחליף חלב מטרנה אקסטרה קר שלב 3 חסכון 700 גרם,קבוצת אוסם סחר-שות.מוגבלת,,אקסטרה קייר תרכובת מזון המשך לתינוקות שלב 3,,0.00,100.00,false,1.00,67.90,0.00,true,0,
7290013092557,false,בפנטן בייבי משחה יומיומית להחתלה,באייר OTC,,בייבי משחת החתלה למניעה וטיפול בתפרחת חיתולים,,0.00,0.00,false,1.00,79.90,0.79,true,0,
7290013092564,false,בפנטן בייבי משחה יומיומית להחתלה,באייר OTC,,בייבי משחת החתלה למניעה וטיפול בתפרחת חיתולים,,0.00,100.00,false,1.00,34.90,0.01,true,0,
7290013092779,false,קרם בפנטן סנסידרם,באייר OTC,DE,"סנסידרם - להקלה בתסמיני אקזמה, ללא קורטיזון",,0.00,100.00,false,1.00,49.90,0.00,true,0,
7290013092878,false,בפנטן בייבי משחה יומיומית להחתלה,באייר OTC,DE,בייבי משחת החתלה למניעה וטיפול בתפרחת חיתולים,,0.00,100.00,false,1.00,49.90,0.00,true,0,
7290013133816,false,לובלו לגבר בודד,לבלו,,שפתון לחות לגבר בודד,,0.00,100.00,false,1.00,15.90,0.03,true,0,
7290013237897,false,טסקיו דאודורנט סטיק לגבר,חלאבין Halvin,IL,דאודורנט סטיק לגבר,,0.00,100.00,false,1.00,22.90,0.00,true,0,
<<<<<<< HEAD
7290013268020,false,מקסימה מרכך כביסה מרוכז בניחוח אולטרא פרש סנו 1 ליטר,"סנו מפעלי ברונוס בע""\מ",,מרכך כביסה סופר מרוכז אולטרה פרש,,0.00,1.00,false,1.00,17.90,17.90,true,0,
7290013268204,false,סנובון מגבונים לניקוי וחיטוי מושב האסלה,טרופיקל דגיל- תעשיות,IL,מגבונים לניקוי וחיטוי מושב האסלה,,0.00,0.00,false,1.00,8.90,0.44,true,0,
7290013268440,false,אורביטול צמד מברשות שיניים בובספוג+פיגור,החברה הדרומית,CN,זוג מברשות שיניים בוב ספוג 4+ שנים,,0.00,0.00,false,1.00,19.90,9.95,true,0,
7290013268983,false,מרכך כביסה סופר מרוכז בבישום עוצמתי סנו מקסימה 1 ל',"סנו מפעלי ברונוס בע""\מ",IL,מרכך כביסה JOY,,0.00,1.00,false,1.00,17.90,17.90,true,0,
7290013268990,false,מרכך כביסה מרוכז לבן ביו סנו מקסימה 1 ליטר,"סנו מפעלי ברונוס בע""\מ",IL,מרכך כביסה סופר מרוכז BIO,,0.00,1.00,false,1.00,17.90,17.90,true,0,
7290013269003,false,מרכך כביסה סופר מרוכז בייבי לתינוקות ולעור רגיש,"סנו מפעלי ברונוס בע""\מ",,מרכך כביסה סופר מרוכז בייבי קר,,0.00,1.00,false,1.00,17.90,17.90,true,0,
7290013269348,false,K3 תחנת פיתיון קוטל תיקנים (ג'וקים) בבית ובחצר,טרופיקל דגיל תעשיות,IL,K-3 תחנת פיתיון,,0.00,0.00,false,1.00,49.90,0.00,true,0,
7290013269621,false,ריצפז פרש לניקוי רצפות בניחוח מלון בוטיק,מיוצר עי קונדיטוריית,IL,תרכיז לניקוי כל סוגי הרצפות בניחוח מלון בוטיק פרש הום,,0.00,1.00,false,1.00,21.90,10.95,true,0,
7290013269638,false,ספוג הפלא אקסטרה Extra- מארז 6 יח',החברה הדרומית,IL,סושי ספוג הפלא EXTRA,,0.00,0.00,false,1.00,13.90,2.31,true,0,
7290013269850,false,נייר אפיה אקולוגי סנו סושי 50 יחידות,מולינו ניקולי s.p.a,IL,סושי נייר אפייה טבעי,,0.00,0.00,false,1.00,12.90,0.00,true,0,
7290013358356,false,פירורי לחם מוזהבים מאסטר שף 320 גרם,מנה י.א בעמ,IL,פירורי לחם מוזהבים,,0.00,100.00,false,1.00,5.00,0.00,false,0,
=======
7290013268020,false,מקסימה מרכך כביסה מרוכז בניחוח אולטרא פרש סנו 1 ליטר,החברה הדרומית לשיווק בעמ,,מרכך כביסה סופר מרוכז אולטרה פרש,,0.00,1.00,false,1.00,17.90,17.90,true,0,
7290013268204,false,סנובון מגבונים לניקוי וחיטוי מושב האסלה,טרופיקל דגיל- תעשיות,IL,מגבונים לניקוי וחיטוי מושב האסלה,,0.00,0.00,false,1.00,8.90,0.44,true,0,
7290013268440,false,אורביטול צמד מברשות שיניים בובספוג+פיגור,החברה הדרומית לשיווק בעמ,CN,זוג מברשות שיניים בוב ספוג 4+ שנים,,0.00,0.00,false,1.00,19.90,9.95,true,0,
7290013268983,false,מרכך כביסה סופר מרוכז בבישום עוצמתי סנו מקסימה 1 ל',החברה הדרומית לשיווק בעמ,IL,מרכך כביסה JOY,,0.00,1.00,false,1.00,17.90,17.90,true,0,
7290013268990,false,מרכך כביסה מרוכז לבן ביו סנו מקסימה 1 ליטר,החברה הדרומית לשיווק בעמ,IL,מרכך כביסה סופר מרוכז BIO,,0.00,1.00,false,1.00,17.90,17.90,true,0,
7290013269003,false,מרכך כביסה סופר מרוכז בייבי לתינוקות ולעור רגיש,החברה הדרומית לשיווק בעמ,,מרכך כביסה סופר מרוכז בייבי קר,,0.00,1.00,false,1.00,17.90,17.90,true,0,
7290013269348,false,K3 תחנת פיתיון קוטל תיקנים (ג'וקים) בבית ובחצר,החברה הדרומית לשיווק בעמ,IL,K-3 תחנת פיתיון,,0.00,0.00,false,1.00,49.90,0.00,true,0,
7290013269621,false,ריצפז פרש לניקוי רצפות בניחוח מלון בוטיק,החברה הדרומית לשיווק בעמ,IL,תרכיז לניקוי כל סוגי הרצפות בניחוח מלון בוטיק פרש הום,,0.00,1.00,false,1.00,21.90,10.95,true,0,
7290013269638,false,ספוג הפלא אקסטרה Extra- מארז 6 יח',החברה הדרומית לשיווק בעמ,IL,סושי ספוג הפלא EXTRA,,0.00,0.00,false,1.00,13.90,2.31,true,0,
7290013269850,false,נייר אפיה אקולוגי סנו סושי 50 יחידות,החברה הדרומית לשיווק בעמ,IL,סושי נייר אפייה טבעי,,0.00,0.00,false,1.00,12.90,0.00,true,0,
7290013358356,false,פירורי לחם מוזהבים מאסטר שף (320גרם),ש. שסטוביץ בע`מ,IL,פירורי לחם מוזהבים,,0.00,100.00,false,1.00,5.00,0.00,false,0,
>>>>>>> d048ac2f4f281c9d788043ab4e81b61b0dbe3743
7290013462039,false,דר פישר אמול פורטה שמן רחצה טיפולי 500מל,מדי פישר,,פורטה שמן רחצה טיפולי לתינוק,,0.00,100.00,false,1.00,99.90,0.00,true,0,
7290013496027,false,"אקטי שמפו טיפולי 200מ""ל",LIFE OF TRI,,,,0.00,100.00,false,1.00,31.90,0.00,true,0,
7290013539502,false,סטייל קרם לחות ארגן מרוקאי 400 מל,א.ל.ארמן ייצור תמרוקים ב,IL,קרם לחות לשיער ארגן מרוקאי,,0.00,100.00,false,1.00,30.90,0.00,true,0,
7290013539519,false,"מסכת הזנה ארגן מרוקאי סטייל 500 מ""ל",א.ל ארמן,IL,מסכת הזנה ארגן מרוקאי,,0.00,100.00,false,1.00,29.90,0.00,true,0,
7290013585257,false,ספרייט זירו בבקבוק אישי,החברה המרכזית להפצת משקאות בעמ,IL,ZERO משקה מוגז דל קלוריות בטעם למון ליים,,0.00,100.00,false,1.00,8.90,0.00,true,0,
7290013585387,false,בקבוק זירו קוקה-קולה (1 ליטר),החברה המרכזית להפצת משקאות בעמ,IL,ZERO משקה מוגז דל קלוריות,,0.00,1.00,false,1.00,9.90,9.90,true,0,
7290013585394,false,בקבוק קוקה-קולה (1 ליטר),החברה המרכזית להפצת משקאות בעמ,IL,קולה משקה מוגז,,0.00,1.00,false,1.00,9.90,9.90,true,0,
7290013652645,false,אוליביול Oliveyol קרם לטיפול ומניעת תפרחת חיתולים,פישר תעשיות פרמצבטיות בעמ,,משחה טיפולית,,0.00,0.00,false,1.00,35.90,0.35,true,0,
7290013652775,false,מסכת הזנה לשיער רגיל-יבש Natural care,פישר מעבדות פרמצבטיות,IL,מסכת הזנה לשיער רגיל- יבש,,0.00,100.00,false,1.00,35.90,0.00,true,0,
<<<<<<< HEAD
7290013652782,false,נטורל קר קרם לחות לשיער מתולתל- יסמין ופרחי מגנוליה,פישר מעבדות פרמצבטיות,IL,קרם לחות לשיער מתולתל,,0.00,100.00,false,1.00,19.90,0.00,true,0,
7290013652812,false,"נטורל קר קרם ידיים רגיל/יבש 150 מ""ל",פישר מעבדות פרמצבטיות בע,,קרם ידיים לעור יבש,,0.00,100.00,false,1.00,14.90,0.00,true,0,
7290013652829,false,קרם ידיים לעור יבש במיוחד Natural care,פישר מעבדות פרמצבטיות בע,,קרם ידיים לעור יבש במיוחד,,0.00,100.00,false,1.00,14.90,0.00,true,0,
7290013652980,false,ד.פ.נטורל קר קרם גוף רגיל/יבש-דובדבן,"ד""ר פישר Dr fischer",,קרם גוף לעור רגיל /יבש דובדבן,,0.00,100.00,false,1.00,23.90,0.00,true,0,
7290013652997,false,"ד""ר פישר - נטורל קר קרם גוף יבש במיוחד 450 מ""ל",פישר מעבדות פרמצבטיות,,קרם גוף לעור יבש במיוחד,,0.00,100.00,false,1.00,23.90,0.00,true,0,
=======
7290013652782,false,נטורל קר קרם לחות לשיער מתולתל- יסמין ופרחי מגנוליה,"פישר תעשיות פרמבצטיות בע""מ",IL,קרם לחות לשיער מתולתל,,0.00,100.00,false,1.00,19.90,0.00,true,0,
7290013652812,false,"נטורל קר קרם ידיים רגיל/יבש 150 מ""ל",פישר תעשיות פרמבצטיות בעמ,,קרם ידיים לעור יבש,,0.00,100.00,false,1.00,14.90,0.00,true,0,
7290013652829,false,קרם ידיים לעור יבש במיוחד Natural care,פישר מעבדות פרמצבטיות בע,,קרם ידיים לעור יבש במיוחד,,0.00,100.00,false,1.00,14.90,0.00,true,0,
7290013652980,false,ד.פ.נטורל קר קרם גוף רגיל/יבש-דובדבן,פישר תעשיות פרמבצטיות בעמ,,קרם גוף לעור רגיל /יבש דובדבן,,0.00,100.00,false,1.00,23.90,0.00,true,0,
7290013652997,false,"ד""ר פישר - נטורל קר קרם גוף יבש במיוחד 450 מ""ל",פישר תעשיות פרמבצטיות בעמ,,קרם גוף לעור יבש במיוחד,,0.00,100.00,false,1.00,23.90,0.00,true,0,
>>>>>>> d048ac2f4f281c9d788043ab4e81b61b0dbe3743
7290013756343,false,לנסינו משחה לאמהות מניקות 40 גרם,מדי-קיור,,משחה לאמהות מניקות,,0.00,100.00,false,1.00,63.90,0.01,true,0,
7290013788955,false,לקטופיל שמפו טיפולי נגד קשקשים,כ.צ.ט,,שמפו טיפולי נגד קשקשים,,0.00,100.00,false,1.00,49.90,0.00,true,0,
7290013847102,false,נתחי טונה בהירה בשמן - מארז שלישיה,דיפלומט מפיצים (1968) בעמ**,TR,נתחי טונה בהירה בשמן,,0.00,100.00,false,1.00,9.90,0.00,true,0,
7290013848055,false,קרמה מן קרם גוף בניחוח גברי 400 מ' ל,קוסמופארם בע'\'\מ,IL,קרם גוף בניחוח גברי,,0.00,100.00,false,1.00,25.90,0.00,true,0,
7290013848062,false,"קרמה - שמפו וג'ל רחצה מנטה 2 ב-1 לגבר 400 מ""ל",החברה הדרומית,IL,MEN שמפו וג'ל רחצה מנטה 2 ב-1,,0.00,100.00,false,1.00,12.90,0.00,true,0,
7290013848345,false,מארז מטליות לחיטוי וניקוי יסודי אנטיבקטריאלי 99.9%,החברה הדרומית לשיווק בעמ,IL,99.9% מחטא מטליות לחיטוי ולניקוי יסודי,,0.00,0.00,false,1.00,14.90,4.96,true,0,
7290013848383,false,קרמה מן גל רחצה אקטיב בלוק 700 מל לגבר,החברה הדרומית לשיווק בעמ,,ג'ל רחצה אקטיב בלוק,,0.00,100.00,false,1.00,22.90,0.00,true,0,
7290013848727,false,מכשיר אוטומטי לבישום אוויר בתוספת מילוי SOFT HARMONY,החברה הדרומית לשיווק בעמ,IL,סנו פרש מכשיר אוטומטי לבישום אוויר + מילוי בניחוח פלורל הרמוני,,0.00,0.00,false,1.00,44.90,44.90,true,0,
7290013848758,false,מקסימה גל כביסה מרוכז בייבי 3ליטר סנסטיב,החברה הדרומית לשיווק בעמ,,בייבי ג'ל כביסה מרוכז סנסטיב,,0.00,1.00,false,1.00,32.90,10.96,true,0,
7290013848970,false,"קרמה - דאודורנט ספריי לאישה קלאסי 150 מ""ל",מיוצר עי : אמיליה קוסמטי,,דאודורנט ספריי קלאסי,,0.00,100.00,false,1.00,16.90,0.00,true,0,
7290013859082,false,יאנג זיט אאוט מסכה לטיפול בעור הנוטה לפצעונים,סבוקלם Sebocalm,,יאנג זיט אאוט מסכה לטיפול בעור הנוטה לפצעונים,,0.00,100.00,false,1.00,74.90,0.05,true,0,
7290013859099,false,סבוקלם אינוביישן קרם יום נגד קמטים SPF25,טטרה פארם,,אינוביישן קרם יום נגד קמטים לעור רגיש SPF25 הגנה מקרני השמש,,0.00,100.00,false,1.00,199.90,0.03,true,0,
7290013859334,false,סבוקלם אינוביישן BB קרם נטורל,טטרה פארם,,אינוביישן BB קרם SPF20 בגוון 01 נטורל,,0.00,100.00,false,1.00,164.90,0.04,true,0,
7290013859341,false,סבוקלם אינוביישן BB קרם בז,טטרה פארם,,אינוביישן BB קרם SPF20 בגוון 02 בז',,0.00,100.00,false,1.00,164.90,0.04,true,0,
7290013859419,false,סבוקלם קלאסיק סבון פנים לעור רגיש 150 מל,סבוקלם Sebocalm,,סבון פנים לעור רגיש,,0.00,100.00,false,1.00,69.90,0.00,true,0,
7290013859518,false,סבוקלם אינוביישן BB קרם לייט בז,טטרה פארם,,אינוביישן BB קרם SPF20 בגוון 015 לייט בז',,0.00,100.00,false,1.00,164.90,0.04,true,0,
7290013859600,false,סבוקלם קלאסיק מי פנים לעור רגיש 200 מל,טטרה פארם,,מי פנים לעור רגיש,,0.00,100.00,false,1.00,69.90,0.00,true,0,
7290013859617,false,אינוביישן ג'ל לקונטור העיניים להפחתת סימני עייפות,סבוקלם Sebocalm,IL,אינוביישן ג'ל לקונטור העיניים להפחתת סימני עייפות תחת העיניים,,0.00,100.00,false,1.00,99.90,0.06,true,0,
7290013859648,false,סבוקלם קלאסיק קרם ידיים אינטינסיב ריפייר,טטרה פארם,,קרם ידיים אינטינסיב ריפייר,,0.00,100.00,false,1.00,59.90,0.01,true,0,
7290013859815,false,סבוקלם קלאסיק בין לילה 15 מל,טטרה פארם,IL,בין לילה משחה מרוכזת להרגעת אדמומיות בעור,,0.00,100.00,false,1.00,79.90,0.05,true,0,
7290013859952,false,סבוקלם קלאסיק קרם לילה עשיר 50 מל,טטרה פארם,IL,קרם לילה עשיר להזנת העור ולמניעת יובש לעור רגיש,,0.00,100.00,false,1.00,96.90,0.01,true,0,
7290013859969,false,סבוקלם אינוביישן מסכה אנזימטית 50 מל,טטרה פארם,IL,אינוביישן מסיכת פיליניג אנזימטית להתחדשות העור,,0.00,100.00,false,1.00,129.90,0.02,true,0,
7290013859976,false,סבוקלם קלאסיק קרם לחות 90 מל,טטרה פארם,IL,קרם לחות להרגעת עור אדמומי ומגרה,,0.00,100.00,false,1.00,96.90,0.01,true,0,
7290013859983,false,סבוקלם אינוביישן קרם לילה רטינול 50 מל,טטרה פארם,IL,אינוביישן קרם לילה רטינול להפחתת הקמטים ולשיפור מרקם העור,,0.00,100.00,false,1.00,199.90,0.03,true,0,
7290013863591,false,חלאבילין סטיק דאודורנט 60 מל,חלאבין,IL,חלאבילין דאודורנט סטיק,,0.00,100.00,false,1.00,22.90,0.00,true,0,
7290014002203,false,חליטת לימונית ולואיזה הגן הקסום ויסוצקי 25 יחידות,תה ויסוצקי (ישראל) בעמ,IL,חליטת צמחים לימונית ולואיזה,,0.00,0.00,false,1.00,18.90,0.00,true,0,
7290014002944,false,גן קסום חליטת פירות וצמחים חמדת שקד 25 שקיקים,תה ויסוצקי (ישראל) בעמ,IL,חליטת צמחים חמדת שקד,,0.00,0.00,false,1.00,24.90,0.00,true,0,
7290014002982,false,תה ירוק לימונית ולואיזה ויסוצקי 25 יחידות תוספת סטיביה,תה ויסוצקי (ישראל) בעמ,,תה ירוק לימונית ולואיזה בתוספת עלי סטיביה,,0.00,0.00,false,1.00,26.90,1.07,true,0,
7290014059085,false,"משחת שיניים סנסודיין 75 מ""ל פרימיום לשיקום והגנה","סמית קליין ביצ'ם בע""",,Repair & protect -משחת שיניים לשיקום עמוק,,0.00,100.00,false,1.00,21.90,0.00,true,0,
7290014059184,false,קורגה לשיניים תותבות36יח,גורי,,טבליות לניקוי שיניים תותבות,,0.00,0.00,false,1.00,30.90,0.00,true,0,
7290014059436,false,"משחת שיניים סנסודיין 75 מ""ל פרימיום לשיקום והגנה מלבינה 75 מ""ל","סמית קליין ביצ'ם בע""",,Repair & protect -משחת שיניים מלבינה לשיקום והגנה,,0.00,100.00,false,1.00,21.90,0.00,true,0,
7290014204690,false,אלסבון 1 ליטר משאבה ורוד פנינה רוזנבלום,פנינה רוזנבלום בעמ,IL,אל סבון נוזלי ורוד,,0.00,1.00,false,1.00,15.90,15.90,true,0,
7290014204713,false,"תרסיס גוף מס' 2 250 מ""ל פנינה רוזנבלום",פנינה רוזנבלום בעמ,IL,תרסיס גוף,,0.00,100.00,false,1.00,29.90,0.00,true,0,
7290014258716,false,תרכובת מזון צמחי על בסיס חלבון סויה מגיל לידה,קבוצת אוסם סחר שותפות מוגבלת,IL,צמחי תרכובת מזון לתינוקות מגיל לידה ואילך,,0.00,100.00,false,1.00,47.90,0.00,true,0,
7290014258723,false,תרכובת מזון צמחי לתינוקות מגיל 0 עד גיל שנה,קבוצת אוסם סחר שותפות מוגבלת,IL,צמחי תרכובת מזון לתינוקות מגיל לידה ועד גיל שנה,,0.00,100.00,false,1.00,64.90,0.00,true,0,
7290014258730,false,תרכובת מזון צמחי לתינוקות מגיל 12 חודשים ואילך,קבוצת אוסם סחר שותפות מוגבלת,IL,צמחי תרכובת מזון המשך לפעוטות מגיל שנה ואילך,,0.00,100.00,false,1.00,64.90,0.00,true,0,
7290014331198,false,משחת שיניים לשיני חלב גיל 2-6 במבי,דנטלון,SE,משחת שיניים לשיני חלב 2-6 שנים - במבי,,0.00,100.00,false,1.00,11.90,0.00,true,0,
7290014331204,false,משחת שיניים לשיני חלב גיל 2-6 דב לבן,דנטלון,SE,משחת שיניים לשיני חלב 2-6 שנים - דב לבן,,0.00,100.00,false,1.00,11.90,0.00,true,0,
7290014331211,false,משחת שיניים לשיני חלב 50 מל חד קרן,דנטלון,SE,משחת שיניים לשיני חלב 2-6 שנים - חד קרן,,0.00,100.00,false,1.00,11.90,0.00,true,0,
7290014331228,false,משחת שיניים לשיני חלב 50 מל פינגווין,דנטלון,SE,משחת שיניים לשיני חלב 2-6 שנים - פינגווין,,0.00,100.00,false,1.00,11.90,0.00,true,0,
7290014331235,false,משחת שיניים לשיניים קבועות 50 מל ארנב,דנטלון,SE,משחת שיניים לשיניים קבועות 6-12 שנים - ארנב,,0.00,100.00,false,1.00,11.90,0.00,true,0,
7290014331242,false,משחת שיניים לשיניים קבועות גיל6-12 שועל,דנטלון,SE,משחת שיניים לשיניים קבועות 6-12 שנים - שועל,,0.00,100.00,false,1.00,11.90,0.00,true,0,
7290014331259,false,משחת שיניים לשיניים קבועות 50 מל חד קרן,דנטלון,SE,משחת שיניים לשיניים קבועות 6-12 שנים - חד קרן,,0.00,100.00,false,1.00,11.90,0.00,true,0,
7290014331266,false,משחת שיניים לשיניים קבועות גיל6-12 עז,דנטלון,SE,משחת שיניים לשיניים קבועות 6-12 שנים - עז,,0.00,100.00,false,1.00,11.90,0.00,true,0,
7290014331358,false,גורדן מברשת GREEN CLEAN לתינוקות ירוק,דנטלון,MY,מברשת שיניים רכה במיוחד GREEN CLEAN לתינוקות גילאי 0-2 סופט צבע ירוק,,0.00,0.00,false,1.00,14.90,0.00,true,0,
7290014331372,false,גורדן מברשת CHANGE למבוגרים צבע מנטה,דנטלון,MY,מברשת CHANGE למבוגרים צבע מנטה,,0.00,0.00,false,1.00,21.90,0.00,true,0,
7290014331389,false,גורדן מברשת CHANGE למבוגרים צבע אדום,דנטלון,MY,מברשת CHANGE למבוגרים צבע אדום,,0.00,0.00,false,1.00,21.90,0.00,true,0,
7290014331396,false,גורדן מברשת CHANGE למבוגרים צבע ורוד,דנטלון,MY,מברשת CHANGE למבוגרים צבע ורוד,,0.00,0.00,false,1.00,21.90,0.00,true,0,
7290014331433,false,גורדן מברשת GREEN CLEAN לתינוקות אפור,דנטלון,MY,מברשת שיניים רכה במיוחד GREEN CLEAN לתינוקות גילאי 0-2 סופט צבע אפור,,0.00,0.00,false,1.00,14.90,0.00,true,0,
7290014331457,false,גורדן זוג מברשות שיניים לתינוקות0-2 כחול,General,MY,מברשת שיניים לגילאי 0-2 שנים,,0.00,0.00,false,1.00,19.90,0.00,true,0,
7290014331600,false,גורדן זוג מברשות שיניים לתינוקות0-2 ורוד,General,MY,מברשת שיניים לגילאי 0-2 שנים,,0.00,0.00,false,1.00,19.90,0.00,true,0,
7290014331624,false,גורדן מארז זוג מב.שיניים לילדים 3-5 כחול,General,MY,מארז מברשת שיניים לילדים 3-5 שנים,,0.00,0.00,false,1.00,19.90,0.00,true,0,
7290014331716,false,גורדן מארז זוג מב.שיניים לילדים 3-5 ורוד,General,MY,מארז מברשת שיניים לילדים 3-5 שנים,,0.00,0.00,false,1.00,19.90,0.00,true,0,
7290014331723,false,גורדן מארז זוג מב.שיניים לילדים 6-9 כחול,General,MY,מארז מברשות שיניים לילדים 6-9 שנים,,0.00,0.00,false,1.00,19.90,0.00,true,0,
7290014331730,false,גורדן מארז זוג מב.שיניים לילדים 6-9 ורוד,General,MY,מארז מברשות שיניים לילדים 6-9 שנים,,0.00,0.00,false,1.00,19.90,0.00,true,0,
7290014397163,false,"מטהר אוויר פרש הום פריחת השקד, ורד אנגלי וכותנה",החברה הדרומית לשיווק בעמ,IL,פרש הום מבשם אויר מילוי למכשיר אוטומטי בניחוח פלורל הרמוני,,0.00,100.00,false,1.00,15.90,0.00,true,0,
7290014397835,false,סנו - מט דוחה יתושים נוזלי מכשיר + מילוי 45 לילות,החברה הדרומית לשיווק בעמ,,,,0.00,0.00,false,1.00,39.90,0.00,true,0,
7290014397842,false,סנו - מט דוחה יתושים נוזלי מכשיר + מילוי 90 לילות,General,IT,מכשיר חשמלי+2 יחידות מילוי,,0.00,0.00,false,1.00,49.90,0.55,true,0,
<<<<<<< HEAD
7290014397958,false,"סנו - די רולאון דוחה יתושים ממקור טבעי 50 מ""ל",החברה הדרומית,,תחליב המכיל דוחה יתושים ממקור טבעי,,0.00,100.00,false,1.00,17.90,0.00,true,0,
=======
7290014397958,false,"סנו - די רולאון דוחה יתושים ממקור טבעי 50 מ""ל",החברה הדרומית לשיווק בעמ,,תחליב המכיל דוחה יתושים ממקור טבעי,,0.00,100.00,false,1.00,17.90,0.00,true,0,
>>>>>>> d048ac2f4f281c9d788043ab4e81b61b0dbe3743
7290014417847,false,ניוואה רביעיית סבון מוצק חלב 360גר,ביירסדורץ,,מילק סבון מוצק מטפח,,0.00,100.00,false,1.00,14.90,0.00,true,0,
7290014424081,false,פראנס ביוטי שעווה ברולר טיבעי,נורוליס,IT,שעווה ברולר טבעי - לשיער קצר וקוצני,,0.00,0.00,false,1.00,12.90,0.12,true,0,
7290014424098,false,פראנס ביוטי שעווה ברולר-ורוד,נורוליס,IT,שעווה ברולר ורוד - לשיער בינוני עד קשה,,0.00,0.00,false,1.00,12.90,0.12,true,0,
7290014424456,false,פראנס ביוטי שעווה מתקלפת לבנה,נורוליס,IT,שעווה מתקלפת לאיזורים עדינים לבנה - לשיער חזק,,0.00,100.00,false,1.00,49.90,0.00,true,0,
7290014424463,false,פראנס ביוטי שעווה מתקלפת ורודה,נורוליס,IT,שעווה מתקלפת לאיזורים עדינים ורודה - לשיער בינוני,,0.00,100.00,false,1.00,49.90,0.00,true,0,
7290014426061,false,משחת שיניים הלו קיטי בטעם ענבים לגיל 2-6,גורי ע.ע.ע. בע`מ,,"משחת שיניים בטעם ענבים, לגילאי 2-6 שנים",,0.00,100.00,false,1.00,11.90,0.00,true,0,
7290014454132,false,לאב ליין וויט דאודורנט ספריי,חלאבין,,לאבליין white דאודורנט ספריי,,0.00,100.00,false,1.00,18.90,0.00,true,0,
7290014525290,false,חטיפי סלים דליס קריספי תות מרבה 125 גרם,סלים דליס Slim Delis,NL,קריספי חטיף עם מילוי בטעם תות שדה,,0.00,100.00,false,1.00,15.90,0.00,true,0,
7290014525306,false,חטיפי סלים דליס קריספי אוכמניות מרבה 125 גרם,סלים דליס Slim Delis,NL,קריספי חטיף עם מילוי בטעם אוכמניות,,0.00,100.00,false,1.00,15.90,0.00,true,0,
<<<<<<< HEAD
7290014547322,false,סנסודין זוג מברשות שיניים שיקום כחול+תכל,סנסודיין,CN,מברשות שיניים שיקום והגנה,,0.00,0.00,false,1.00,29.90,14.95,true,0,
7290014547353,false,סנסודין זוג מברשות שיניים דואלקר ירוק+יר,"L Co., Industrial Shummi",CN,מברשות שיניים דואלקר,,0.00,0.00,false,1.00,29.90,14.95,true,0,
=======
7290014547322,false,סנסודין זוג מברשות שיניים שיקום כחול+תכל,גורי ע.ע.ע. בעמ,CN,מברשות שיניים שיקום והגנה,,0.00,0.00,false,1.00,29.90,14.95,true,0,
7290014547353,false,סנסודין זוג מברשות שיניים דואלקר ירוק+יר,גורי ע.ע.ע בעמ,CN,מברשות שיניים דואלקר,,0.00,0.00,false,1.00,29.90,14.95,true,0,
>>>>>>> d048ac2f4f281c9d788043ab4e81b61b0dbe3743
7290014547377,false,סנסודין מברשת שיניים קלין&פרש,גלקסוס סמית קליין,CN,מברשת שיניים קלין&פרש,,0.00,0.00,false,1.00,19.90,0.00,true,0,
7290014626058,false,"ולדה קרם קלנדולה החתלה, שלישיה 3 * 75 גרם",S.L.A (DR.SAMUELOV,,קרם קלנדולה החתלה לתינוק,,0.00,100.00,false,1.00,129.90,0.00,true,0,
7290014626249,false,"מארז זוג משחת שיניים לילדים 2*50 מ""ל",S.L.A (DR.SAMUELOV,,משחת שיניים לילדים זוג,,0.00,0.00,false,1.00,64.90,0.64,true,0,
7290014626546,false,"וולדה תחליב רחצה ושמפו, שלישיה 3 * 200 מ""ל",S.L.A (DR.SAMUELOV,DE,תחליב רחצה ושמפו קלנדולה לתינוק,,0.00,100.00,false,1.00,129.90,0.00,true,0,
7290014720008,false,נייטשר נאט שמפו לשיער רגיל 400 מל,נייטשר נאט Nature Nut,,שמפו לשיער רגיל היפואלרגני,,0.00,100.00,false,1.00,32.90,0.00,true,0,
7290014720015,false,נייטשר נאט שמפו לשיער יבש-פגום 400 מל,נייטשר נאט Nature Nut,,שמפו לשיער יבש-פגום,,0.00,100.00,false,1.00,32.90,0.00,true,0,
7290014720022,false,נייטשר נאט מרכך לשיער יבש-פגום 400 מל,נייטשר נאט Nature Nut,,מרכך לשיער יבש-פגום,,0.00,100.00,false,1.00,32.90,0.00,true,0,
7290014720039,false,נייטשר נאט קרם לחות לשיער יבש-פגום 400,נייטשר נאט Nature Nut,,קרם לחות ועיצוב לשיער יבש ופגום,,0.00,100.00,false,1.00,43.90,0.00,true,0,
7290014720046,false,נייטשר נאט מסכה לשיער יבש-פגום 250 מל,נייטשר נאט Nature Nut,,מסכה לשיער יבש-פגום,,0.00,100.00,false,1.00,43.90,0.00,true,0,
7290014720084,false,נייטשר נאט ג`ל רחצה 400 מ`ל,נייטשר נאט Nature Nut,,,,0.00,100.00,false,1.00,32.90,0.00,true,0,
7290014720107,false,נייטשר נאט שמפו לשיער רגיל 750 מל,נייטשר נאט Nature Nut,IL,שמפו לשיער רגיל,,0.00,100.00,false,1.00,49.90,0.00,true,0,
7290014720114,false,נייטשר נאט שמפו לשיער יבש-פגום 750 מל,נייטשר נאט Nature Nut,IL,שמפו לשיער יבש-פגום,,0.00,100.00,false,1.00,49.90,0.00,true,0,
7290014720121,false,שמפו טיפולי לשיער דליל ולחיזוק השיער,נייטשר נאט Nature Nut,IL,שמפו טיפולי לשיער דליל ולחיזוק השיער,,0.00,100.00,false,1.00,49.90,0.00,true,0,
7290014720152,false,נטורליפ שלישיית שפתונים תות/אבטיח/דובדבן,הרבה דרם,,"שפתון לחות בשלושה טעמים- תות, דובדבן ואבטיח",,0.00,0.00,false,1.00,24.90,0.00,true,0,
7290014720183,false,נייטשר נאט סרום לשיער 50 מל,נייטשר נאט Nature Nut,IL,סרום לשיער סדרת האגוזים,,0.00,100.00,false,1.00,49.90,0.00,true,0,
7290014720244,false,נייטשר נאט קרם לחות לפנים 50 מל,הרבה דרם,IL,קרם לחות לפנים לכל סוגי העור. סדרת הזרעים,,0.00,100.00,false,1.00,89.90,0.01,true,0,
7290014720503,false,נייטשר נאט סרום לפנים 30 מל,נייטשר נאט Nature Nut,IL,סרום לפנים לכל סוגי העור. סדרת הזרעים,,0.00,100.00,false,1.00,89.90,0.02,true,0,
7290014720510,false,נייטשר נאט דאודורנט רול און 50 מל,נייטשר נאט Nature Nut,IL,דאודורנט רול און,,0.00,100.00,false,1.00,39.90,0.00,true,0,
7290014720558,false,שביט אובליפיחה מסכת קרטין לשיער 300 מל,הרבה דרם,IL,אובליפיחה מסכת קרטין,,0.00,100.00,false,1.00,59.90,0.00,true,0,
7290014720589,false,שביט אובליפיחה דאו רול און 60 מל ללא אלו,הרבה דרם,IL,אובליפיחה דאודורנט רול און ללא אלומיניום,,0.00,100.00,false,1.00,39.90,0.00,true,0,
7290014720602,false,שביט עץ התה דאו רול און 60 מל ללא אלו,הרבה דרם,IL,עץ התה דאודורנט רול און ללא אלומיניום,,0.00,100.00,false,1.00,39.90,0.00,true,0,
7290014720619,false,נייטשר נאט שמפו לשיער נגד קשקשים 400 מל,נייטשר נאט Nature Nut,IL,שמפו טיפולי נגד קשקשים,,0.00,100.00,false,1.00,43.90,0.00,true,0,
7290014720626,false,חוחובה זהב - קרם לחות אורגני,הרבה דרם,US,חוחובה זהב - קרם לחות אורגני,,0.00,100.00,false,1.00,179.90,0.03,true,0,
7290014720633,false,חוחובה זהב - קרם לילה אורגני,הרבה דרם,US,חוחובה זהב - קרם לילה אורגני,,0.00,100.00,false,1.00,199.90,0.03,true,0,
7290014720640,false,חוחובה זהב - קרם עיניים אורגני,הרבה דרם,US,חוחובה זהב - קרם עיניים אורגני,,0.00,100.00,false,1.00,179.90,0.05,true,0,
7290014720718,false,שביט דאו רולאון קליפת ארז ללא אלומיניום,הרבה דרם,IL,דאודורנט רול און ללא אלומיניום קליפת ארז,,0.00,100.00,false,1.00,39.90,0.00,true,0,
7290014720725,false,שביט דאו רולאון כותנה נורדית ללא אלומיני,הרבה דרם,IL,דאודורנט רול און ללא אלומיניום לנערות כותנה נורדית,,0.00,100.00,false,1.00,39.90,0.00,true,0,
7290014720800,false,נייטשר נאט קפסולות לטיפוח שיער שעבר החלק,הרבה דרם,IT,קפסולות לטיפוח שיער שעבר החלקה ועיצוב בחום,,0.00,0.00,false,1.00,59.90,1.99,true,0,
7290014720817,false,קמילוטרקט קפסולות סרום לשיער 28 יחידות,הרבה דרם,IT,קפסולות סרום לשיער לחיזוק ולטיפוח סיב השערה משי-קרטין,,0.00,0.00,false,1.00,69.90,2.49,true,0,
7290014720831,false,נייטשר נאט סבון פנים 150 מל,הרבה דרם,IL,סבון פנים,,0.00,100.00,false,1.00,49.90,0.00,true,0,
7290014720848,false,קמילוטרקט שמפו טיפולי סרפד רוזמרין 400 מ,קמילוטרקט,IL,שמפו טיפולי סרפד-רוזמרין,,0.00,100.00,false,1.00,59.90,0.00,true,0,
7290014720855,false,קמילוטרקט שמפו FREE סרפד רוזמרין 400 מל,קמילוטרקט,IL,שמפו FREE סרפד-רוזמרין,,0.00,100.00,false,1.00,64.90,0.00,true,0,
7290014720862,false,קמילוטרקט PLUS שמפו נגד קשקשים 400 מל,קמילוטרקט,IL,PLUS שמפו סרפד רוזמרין נגד קשקשים,,0.00,100.00,false,1.00,64.90,0.00,true,0,
7290014720879,false,קמילוטרקט FORTE שמפו לחיזוק השיער 400 מל,קמילוטרקט,IL,FORTE שמפו סרפד רוזמרין לחיזוק השיער,,0.00,100.00,false,1.00,79.90,0.00,true,0,
7290014720886,false,קמילוטרקט מרכך שיער ארגן רוזמרין 400 מל,קמילוטרקט,IL,מרכך שיער ארגן רוזמרין,,0.00,100.00,false,1.00,59.90,0.00,true,0,
7290014720893,false,קמילוטרקט אל סבון 400 מל,קמילוטרקט,IL,אל סבון קמומיל-מרוה,,0.00,100.00,false,1.00,39.90,0.00,true,0,
7290014720923,false,קמילוטרקט אינטימה דאו-פום 200 מל,הרבה דרם,IL,אינטימה DEO-FOAM קצף ניקוי למניעת ריחות,,0.00,100.00,false,1.00,59.90,0.00,true,0,
7290014720930,false,נייטשר נאט קרם לחות מגדיר תלתלים 200 מל,נייטשר נאט Nature Nut,IL,קרם לחות מגדיר תלתלים,,0.00,100.00,false,1.00,44.90,0.00,true,0,
7290014720947,false,חוחובה זהב - שמן טהור 50 מל,הרבה דרם,US,חוחובה זהב - שמן טהור,,0.00,100.00,false,1.00,119.90,0.02,true,0,
7290014720961,false,נייטשר נאט מסכת הידרוגל לפנים,הרבה דרם,KP,מסכת הידרוג'ל לפנים,,0.00,0.00,false,1.00,24.90,0.00,true,0,
7290014775466,false,פלקסיטול קרם ידיים לעור יבש 70 גרם,טעם טבע אלטמן,AU,קרם ידיים לעור יבש מאוד,,0.00,100.00,false,1.00,46.90,0.00,true,0,
7290014775473,false,פלקסיטול משחה לכף רגל 70 גרם,טעם טבע אלטמן,AU,משחה לכף הרגל,,0.00,100.00,false,1.00,55.90,0.00,true,0,
7290014800977,false,"אמול נטורל לתינוק .ח. 500 מ""ל",פישר תעשיות פרמבצטיות בעמ,,שמן רחצה טיפולי לתינוק,,0.00,100.00,false,1.00,99.90,0.00,true,0,
7290014855458,false,מגבוני בייביסיטר פרפורמנס ללא בישום מארז 72X4יח',בייביסיטר Babysitter,IL,מגבונים לחים לתינוק ללא בישום עבים במיוחד מארז,,0.00,0.00,false,1.00,19.90,4.97,true,0,
7290014901254,false,"מרכך קרטין לאחר החלקה ועיצוב בחום סטייל 750 מ""ל",א.ל ארמן ייצור תמרוק,,מרכך קרטין לאחר החלקה ועיצוב בחום,,0.00,100.00,false,1.00,29.90,0.00,true,0,
7290014901261,false,"מסכה קרטין לאחר החלקה ועיצוב בחום סטייל 500 מ""ל",א.ל ארמן ייצור תמרוק,,מסיכת קרטין לאחר החלקה ועיצוב בחום,,0.00,100.00,false,1.00,34.90,0.00,true,0,
7290014901308,false,משחת שיניים לשיניים רגישות Complete protection,"סמית קליין ביצ'ם בע""",,Complete protection - משחת שיניים להגנה מלאה,,0.00,100.00,false,1.00,21.90,0.00,true,0,
7290014901315,false,סנסודיין משחה הגנה מלאה אקסטרה פרש 75 מל,"סמית קליין ביצ'ם בע""",,Complete protection - משחת שיניים להגנה מלאה אקסטרה פרש,,0.00,100.00,false,1.00,21.90,0.00,true,0,
7290014901896,false,"מי פה סנסודיין מנטה מרענן 500 מ""ל",גלקסוסמיתקליין,GB,מי פה להקלה על רגישות בטעם מנטה,,0.00,100.00,false,1.00,27.90,0.00,true,0,
7290014949744,false,"אוטן טרופי ספריי יבש ל- 8שעות 100מ""ל",מיוצר עי קונדיטוריית,,תרסיס יבש דוחה יתושים פעיל 8 שעות,,0.00,0.00,false,1.00,19.90,0.19,true,0,
7290014949751,false,אוטן ג'וניור ג'ל דוחה יתושים לילדים,ג'נרל מילס סאן אדריא,,ג'ל דוחה יתושים לילדים,,0.00,0.00,false,1.00,19.90,0.19,true,0,
7290014949768,false,אוטן אפטר בייט 25 מ''ל,המאפיה של הרמן,IT,אפטר בייט ג'ל להרגעה מהירה של העור לאחר עקיצה,,0.00,100.00,false,1.00,19.90,0.00,true,0,
7290014952393,false,מאמי קר קרם טיפולי לתינוק ליובש וקור,General,IL,קרם טיפולי לתינוק ליובש וקור,,0.00,100.00,false,1.00,46.90,0.00,true,0,
7290014952584,false,ג'ל להרגעת העור - לכוויות ועקיצות יתושים,מאמי קר Mommy Care,IL,ג'ל להרגעת העור,,0.00,100.00,false,1.00,39.90,0.00,true,0,
7290014952775,false,מאמי קר סבון לניקוי בקבוקים 60מל TO GO,General,IL,"סבון טבעי מיוחד לניקוי בקבוקים,מוצצים ומשאבות חלב - TO GO",,0.00,100.00,false,1.00,13.90,0.00,true,0,
7290014952980,false,מאמי קייר קרם פנים לתינוק 60 מל,לה קרים,IL,קרם פנים לתינוק לעור רגיש למניעה וטיפול ביובש,,0.00,100.00,false,1.00,44.90,0.00,true,0,
7290014962521,false,"טפטפים משחת שיניים לילדים מגיל 2-6 50 מ""ל",גורי ע.ע.ע. בע`מ,IL,משחת שיניים לילדים ג'ל עם פלורואיד בטעם ענבים לגלאי2-6,,0.00,100.00,false,1.00,12.90,0.00,true,0,
7290014962538,false,משחת שיניים ג'וניור מנטה מעודן לגילאי 6+,כצט CTS,IL,משחת שיניים ג'וניור ג'ל עם פלואוריד בטעם מנטה מעודן לגלאי 6+,,0.00,100.00,false,1.00,12.90,0.00,true,0,
7290014989689,false,בליסטקס ליפ בריליאנס,מדיליין פריגו,US,שפתון לשפתיים יבשות וסדוקות עם מסנני קרינה SPF 15,,0.00,100.00,false,1.00,15.90,0.04,true,0,
7290015025942,false,"קרם ידיים קלאסי עם שמן שקדים פנג'ל 80 מ""ל",מיוצר עי קונדיטוריית,IL,קרם ידיים מועשר בשמן שקדים,,0.00,100.00,false,1.00,8.90,0.00,true,0,
7290015081627,false,אולטרסול FREE קרם גל לפנים SPF50 50,פישר מעבדות פרמצבטיות בע,,FREE קרם ג'ל לפנים 50SPF,,0.00,100.00,false,1.00,49.90,0.00,true,0,
7290015081634,false,אולטרסול FREE קרם גל לפנים SPF30 50,פישר מעבדות פרמצבטיות בע,,FREE קרם ג'ל לפנים SPF30,,0.00,100.00,false,1.00,44.90,0.00,true,0,
7290015081672,false,אולטרסול WET&GO ספריי רציף SPF50 200,פישר מעבדות פרמצבטיו,,WET'N GO ספריי שקוף לעור רטוב SPF50,,0.00,100.00,false,1.00,54.90,0.00,true,0,
7290015081689,false,אולטרסולWET&GO קידס ספריי רציף SPF50 200,פישר מעבדות פרמצבטיו,,WET'N GO ספריי שקוף לילדים לעור רטוב SPF50,,0.00,100.00,false,1.00,54.90,0.00,true,0,
7290015081726,false,אולטרסול FREE ספריי רציף תחליב SPF50 200,פישר מעבדות פרמצבטיות בע,,FREE ספריי תחליבי,,0.00,100.00,false,1.00,59.90,0.00,true,0,
7290015081948,false,אולטרסול ספורט MAX קרם גל לפנים 75 SPF50,פישר מעבדות פרמצבטיות בע,IL,ספורט מקס קרם ג'ל לפנים SPF50,,0.00,100.00,false,1.00,49.90,0.00,true,0,
<<<<<<< HEAD
7290015081955,false,"ד""ר פישר - אולטרסול ספורט מקס ספריי שקוף 200 מ""ל 50SPF",פישר מעבדות פרמצבטיות בע,IL,ספורט מקס ספריי שקוף SPF50,,0.00,100.00,false,1.00,59.90,0.00,true,0,
7290015155823,false,מחית תפוחי עץ חטיפטף ללא תוספת סוכר,פרוטה פודיווין איי.א,CZ,מחית תפוח עץ,,0.00,100.00,false,1.00,5.50,0.00,true,0,
7290015155830,false,מחית תפוחי עץ ובננה חטיפטף ללא תוספת סוכר,פרוטה פודווין איי.אס,CZ,מחית תפוח עץ ובננה,,0.00,100.00,false,1.00,5.50,0.00,true,0,
7290015155847,false,מחית סלט פירות חטיפטף ללא תוספת סוכר,פרוטה פודיווין איי.א,CZ,מחית סלט פירות,,0.00,100.00,false,1.00,5.50,0.00,true,0,
7290015156769,false,מחית פרינוק פאוץ' תפוח ואוכמניות 120 גרם,פרוטה פודווין איי.אס,CZ,מחית תפוח עץ ואוכמניות,,0.00,100.00,false,1.00,5.50,0.00,true,0,
7290015156776,false,מחית פירות טרופיים חטיפטף ללא תוספת סוכר,פרוטה פודווין איי.אס,CZ,מחית פירות טרופיים,,0.00,100.00,false,1.00,5.50,0.00,true,0,
7290015156790,false,מחית לפתן פירות חטיפטף ללא תוספת סוכר,פרוטה פודווין איי.אס,CZ,מחית לפתן פירות,,0.00,100.00,false,1.00,5.50,0.00,true,0,
7290015156813,false,פאוץ' מחית פירות מעורבים פרינוק 120 גרם,פרוטה פודווין איי.אס,CZ,מחית פירות מעורבים,,0.00,100.00,false,1.00,5.50,0.00,true,0,
=======
7290015081955,false,"ד""ר פישר - אולטרסול ספורט מקס ספריי שקוף 200 מ""ל 50SPF",פישר תעשיות פרמבצטיות בעמ,IL,ספורט מקס ספריי שקוף SPF50,,0.00,100.00,false,1.00,59.90,0.00,true,0,
7290015155823,false,מחית תפוחי עץ חטיפטף ללא תוספת סוכר,גורי מוצרי צריכה (1991) בעמ,CZ,מחית תפוח עץ,,0.00,100.00,false,1.00,5.50,0.00,true,0,
7290015155830,false,מחית תפוחי עץ ובננה חטיפטף ללא תוספת סוכר,גורי מוצרי צריכה (1991) בעמ,CZ,מחית תפוח עץ ובננה,,0.00,100.00,false,1.00,5.50,0.00,true,0,
7290015155847,false,מחית סלט פירות חטיפטף ללא תוספת סוכר,גורי מוצרי צריכה (1991) בעמ,CZ,מחית סלט פירות,,0.00,100.00,false,1.00,5.50,0.00,true,0,
7290015156769,false,מחית פרינוק פאוץ' תפוח ואוכמניות 120 גרם,גורי מוצרי צריכה (1991) בעמ,CZ,מחית תפוח עץ ואוכמניות,,0.00,100.00,false,1.00,5.50,0.00,true,0,
7290015156776,false,מחית פירות טרופיים חטיפטף ללא תוספת סוכר,גורי מוצרי צריכה (1991) בעמ,CZ,מחית פירות טרופיים,,0.00,100.00,false,1.00,5.50,0.00,true,0,
7290015156790,false,מחית לפתן פירות חטיפטף ללא תוספת סוכר,גורי מוצרי צריכה (1991) בעמ,CZ,מחית לפתן פירות,,0.00,100.00,false,1.00,5.50,0.00,true,0,
7290015156813,false,פאוץ' מחית פירות מעורבים פרינוק 120 גרם,גורי מוצרי צריכה (1991) בעמ,CZ,מחית פירות מעורבים,,0.00,100.00,false,1.00,5.50,0.00,true,0,
>>>>>>> d048ac2f4f281c9d788043ab4e81b61b0dbe3743
7290015190329,false,תפוח מסכת זהב לעיניים 24 קראט,General,KR,מסכת זהב לעיניים 24 קראט,,0.00,0.00,false,1.00,19.90,0.00,true,0,
7290015190343,false,תפוח מסכת זהב 24K ביו מגנטית 20 מל,General,IL,מסכת זהב 24K ביו מגנטית,,0.00,100.00,false,1.00,25.90,0.01,true,0,
7290015190350,false,תפוח מסכת פחם ביו מגנטית 20 מל,General,IL,מסכת פחם ביו מגנטית,,0.00,100.00,false,1.00,25.90,0.01,true,0,
7290015293617,false,קרם גוף לתינוק 400 מל קמיל בלו דר פישר,פישר תעשיות פרמצבטיות בעמ,IL,NATURE קרם גוף לתינוק,,0.00,100.00,false,1.00,39.90,0.00,true,0,
7290015293624,false,קמיל בלו NATURE אל סבון ושמפו לתינוק 400,פישר תעשיות פרמבצטיות בעמ,IL,NATURE אל סבון ושמפו לתינוק 2IN1,,0.00,100.00,false,1.00,35.90,0.00,true,0,
7290015366250,false,"סטייל - ספריי קרטין לשיער 120 מ""ל",א.ל. ארמן,IL,ספריי קרטין להגנה מחום הפן,,0.00,100.00,false,1.00,34.90,0.00,true,0,
7290015366342,false,ספירה - מילוי נוזלי להרחקת יתושים 2 יח',גורי ע.ע.ע. בעמ,IT,2 יחידות מילוי נוזלי להרחקת יתושים,,0.00,0.00,false,1.00,24.90,0.00,true,0,
7290015366366,false,ספירה - מכשיר חשמלי ו2 יחידות מילוי נוזלי להרחקת יתושים 90 לילות,גורי ע.ע.ע. בעמ,IT,מכשיר חשמלי ו- 2 יחידות מילוי נוזלי להרחקת יתושים,,0.00,0.00,false,1.00,44.90,0.00,true,0,
7290015366373,false,ספירה אנתוש דוחה יתושים לילדים ותינוקות,סאסא קוסמטיקס,IL,אנתוש KIDS תחליב דוחה יתושים לילדים ותינוקות,,0.00,100.00,false,1.00,17.90,0.00,true,0,
7290015366380,false,ספירה אנתוש ספריי דוחה יתושים 70 מל,סאסא קוסמטיקס,IL,אנתוש ספריי דוחה יתושים,,0.00,100.00,false,1.00,17.90,0.00,true,0,
7290015366663,false,"משחת שיניים מנטה עדין אקווה פרש 100 מ""ל",גלקסוסמיתקליין,,משחת שיניים מנטה עדין,,0.00,0.00,false,1.00,8.90,0.08,true,0,
7290015366670,false,משחת שיניים בטעם מנטה אקוהפרש (100 מל),גלקסוסמיתקליין,,משחת שיניים מנטה,,0.00,0.00,false,1.00,8.90,0.08,true,0,
7290015366731,false,סטייל שמן ארגן קוקוס 120 מל,א.ל ארמן,IL,שמן ארגן קוקוס,,0.00,100.00,false,1.00,34.40,0.00,true,0,
7290015366748,false,"שמן לשיער ארגן קוקוס סטייל 120 מ""ל",א.ל ארמן,IL,שמן ארגן מרוקאי,,0.00,100.00,false,1.00,49.90,0.00,true,0,
7290015424882,false,פמינה מגבונים אינטימיים 20 יח TO GO,פמינה,,חמוציות TO GO היפואלרגני PH3.5,,0.00,0.00,false,1.00,14.90,0.74,true,0,
7290015470384,false,קרם ידיים מטפח אינטנסיב מועשר בשמן שקדים,אינטרקוסמא,IL,קרם ידיים מטפח אינטנסיב מועשר בשמן שקדים לטיפול בעור יבש,,0.00,0.00,false,1.00,12.90,0.12,true,0,
7290015596008,false,דרמקסול תרחיץ טיפולי לעור בעייתי 500 גרם,מדי פישר,IL,תרחיץ טיפולי לעור בעייתי,,0.00,100.00,false,1.00,59.90,0.00,true,0,
7290015596817,false,"ד""ר פישר - אפקטיב קר קרם גוף מועשר בשמן קוקוס 450 מ""ל",פישר תעשיות פרמצבטיות בעמ,IL,קרם גוף מועשר בשמן קוקוס,,0.00,100.00,false,1.00,24.90,0.00,true,0,
7290015596831,false,"קרם גוף מעושר בשמן אבוקדו אפקטיב קר ד""ר פישר",פישר תעשיות פרמבצטיות בעמ,IL,קרם גוף מועשר בשמן אבוקדו,,0.00,100.00,false,1.00,24.90,0.00,true,0,
7290015733120,false,מטרנה גולד שלב 1 תרכובת מזון על בסיס חלבי,קבוצת אוסם סחר שותפות מוגבלת,IL,גולד תרכובת מזון לתינוקות על בסיס חלבי שלב 1,,0.00,100.00,false,1.00,74.90,0.00,true,0,
7290015733144,false,מטרנה גולד שלב 2 תרכובת מזון על בסיס חלבי,קבוצת אוסם סחר-שות.מוגבלת,IL,גולד תרכובת מזון המשך לתינוקות על בסיס חלבי שלב 2,,0.00,100.00,false,1.00,74.90,0.00,true,0,
7290015733427,false,מטרנה דייסת גם וגם וניל פרו12*300ג 2019,קבוצת אוסם סחר שותפות מוגבלת,IL,גם וגם דייסת וניל 6+,,0.00,100.00,false,1.00,19.90,0.00,true,0,
7290015733441,false,מטרנה דייסת גם וגם דגנים פרו 300 גר`,קבוצת אוסם סחר שותפות מוגבלת,IL,גם וגם דייסת דגנים מעורבים 6+,,0.00,100.00,false,1.00,19.90,0.00,true,0,
7290015733465,false,דייסת מטרנה גם וגם קרנפלור פרו 300 גרם,קבוצת אוסם סחר שותפות מוגבלת,IL,גם וגם דייסת קורנפלור 6+,,0.00,100.00,false,1.00,19.90,0.00,true,0,
7290015733557,false,מטרנה גולד טו גו שלב 1 135 גרם,מטרנה תעשיות ש.מ.,IL,GOLD תרכובת מזון לתינוקות על בסיס חלבי שלב 1 מארז TO GO,,0.00,100.00,false,1.00,14.90,0.00,true,0,
7290015733571,false,מטרנה גולד TO GO שלב 2 135 גרם,מטרנה תעשיות ש.מ.,IL,GOLD תרכובת מזון המשך לתינוקות על בסיס חלבי שלב 2 מארז TO GO,,0.00,100.00,false,1.00,14.90,0.00,true,0,
7290015733915,false,"מטרנה א.ר. בד""ץ 400 גרם",מטרנה תעשיות ש.מ.,IL,A.R תרכובת מזון לתינוקות - החל מלידה ואלך,,0.00,100.00,false,1.00,45.90,0.00,true,0,
7290015733939,false,"תרכובת מזון A.R על בסיס חלבי בתוספת עמילן תפו""א ותירס",קבוצת אוסם סחר שותפות מוגבלת,IL,A.R תרכובת מזון לתינוקות - החל מלידה ואלך,,0.00,100.00,false,1.00,79.90,0.00,true,0,
7290015733977,false,תרכובת מזון קומפורט על בסיס חלבי דל לקטוז,קבוצת אוסם סחר שותפות מוגבלת,IL,קומפורט HM-O תרכובת מזון לתינוקות דל לקטוז,,0.00,100.00,false,1.00,69.90,0.00,true,0,
7290015793469,false,"קרם להקלה בגירוי, צריבה ותפרחת חיתולים לעור רגיש",אורה קרם,,משחה לתפרחת חיתולים,,0.00,100.00,false,1.00,19.90,0.00,true,0,
7290015793476,false,אורה קרם - משחה לתפרחת חיתולים,אורה קרם,IL,משחה לתפרחת חיתולים,,0.00,100.00,false,1.00,31.90,0.00,true,0,
7290015793483,false,"קרם להקלה בגירוי, צריבה ותפרחת חיתולים",אורה קרם,IL,משחה לתפרחת חיתולים,,0.00,100.00,false,1.00,19.90,0.00,true,0,
7290015833134,false,גל אלכוהול בקבוק 200 מל,סופר-פארם,,ג'ל הגייני לניקוי הידיים 70% אלכוהול,,0.00,100.00,false,1.00,14.90,0.00,true,0,
7290015848862,false,"ד""ר פישר - אולטרסול תחליב 250 מ""ל 50SPF",פישר מעבדות פרמצבטיות בע,IL,תחליב הגנה SPF50,,0.00,100.00,false,1.00,54.90,0.00,true,0,
7290015848886,false,"ד""ר פישר - אולטרסול תחליב קידס 250 מ""ל 50SPF",פישר מעבדות פרמצבטיות בע,IL,תחליב הגנה לילדים SPF50,,0.00,100.00,false,1.00,54.90,0.00,true,0,
7290015848909,false,אולטרסול תחליב קידס 30/250,פישר מעבדות פרמצבטיות בע,IL,תחליב הגנה לילדים SPF30,,0.00,100.00,false,1.00,49.90,0.00,true,0,
7290015848923,false,אולטרסול תחליב הגנה מבוגרים 30/250,פישר מעבדות פרמצבטיות בע,IL,תחליב הגנה SPF30,,0.00,100.00,false,1.00,49.90,0.00,true,0,
7290015848947,false,אולטרסול תחליב250SPF50מל,פישר מעבדות פרמצבטיות בע,IL,תחליב הגנה +SPF50,,0.00,100.00,false,1.00,59.90,0.00,true,0,
7290015848961,false,"אולטרסול קרם פנים 75 מ""ל",פישר מעבדות פרמצבטיות בע,IL,קרם פנים +SPF50,,0.00,100.00,false,1.00,49.90,0.00,true,0,
7290015848978,false,"ד""ר פישר - אולטרסול קרם פנים 75 מ""ל 30SPF",פישר מעבדות פרמצבטיות בע,IL,קרם פנים SPF30,,0.00,100.00,false,1.00,29.90,0.00,true,0,
7290015848992,false,"ד""ר פישר - אולטרסול קרם פנים קידס 75 מ""ל 50SPF",פישר מעבדות פרמצבטיות בע,IL,קרם פנים לילדים SPF50,,0.00,100.00,false,1.00,39.90,0.00,true,0,
7290015876124,false,סנסידיליי קרם לחות לעור יבש ומגורה,באייר OTC,DE,סנסידיילי קרם לחות לעור יבש ומגורה במיוחד,,0.00,100.00,false,1.00,119.00,0.00,true,0,
7290015876223,false,בפנטן - בייבי משחת החתלה 50 גרם שלשה,באייר OTC,DE,בייבי משחה למניעה וטיפול בתפרחת חיתולים- מארז שלישייה,,0.00,100.00,false,1.00,119.90,0.00,true,0,
7290016002003,false,סבוקלם בייבי קרם פנים לתינוק 50 מל,טטרה פארם,IL,BABY קרם פנים לתינוק,,0.00,100.00,false,1.00,54.90,0.01,true,0,
7290016002034,false,סבוקלם בייבי לאטופי קרם גוף 100 מל,טטרה פארם,IL,BABY לאטופי קרם גוף טיפולי,,0.00,0.00,false,1.00,89.90,0.89,true,0,
7290016002072,false,סבוקלם בייבי משחת החתלה 60 מל,טטרה פארם,IL,BABY משחת החתלה,,0.00,100.00,false,1.00,54.90,0.00,true,0,
7290016002140,false,סבוקלם קלאסיק כמוסות לעור בריא 30 כמוסות,טטרה פארם,IL,כמוסות לעור בריא תוסף תזונה לשיפור מראה העור,,0.00,0.00,false,1.00,99.90,3.33,true,0,
7290016002188,false,סבוקלם בייבי אל סבון ושמפו לתינוק 400 מל,סבוקלם Sebocalm,IL,BABY אל סבון ושמפו,,0.00,100.00,false,1.00,54.90,0.00,true,0,
7290016002355,false,סבוקלם בייבי שמן אמבט לתינוק 400 מל,טטרה פארם,IL,BABY שמן אמבט,,0.00,100.00,false,1.00,89.90,0.00,true,0,
7290016002379,false,סבוקלם קלאסיק מסיר איפור 150 מל,טטרה פארם,IL,מסיר איפור,,0.00,100.00,false,1.00,69.90,0.00,true,0,
7290016002829,false,סבוקלם קלאסיק מים מיסלריים 180 מל,טטרה פארם,IL,מים מיסלריים לניקוי,,0.00,100.00,false,1.00,79.90,0.00,true,0,
7290016094008,false,אולטרסול קרם פנים 50 75 מל,פישר תעשיות פרמבצטיות בעמ,IL,קרם פנים SPF50,,0.00,100.00,false,1.00,39.90,0.00,true,0,
7290016094015,false,"ד""ר פישר - אולטרסול קרם פנים קידס 75 מ""ל 30SPF",פישר מעבדות פרמצבטיות בע,IL,קרם פנים לילדים SPF30,,0.00,100.00,false,1.00,29.90,0.00,true,0,
7290016094022,false,"ד""ר פישר - אולטרסול ספריי שקוף 200 מ""ל 50SPF",פישר מעבדות פרמצבטיות בע,IL,ספריי רציף שקוף SPF50,,0.00,100.00,false,1.00,54.90,0.00,true,0,
7290016094039,false,"ד""ר פישר - אולטרסול ספריי שקוף קידס 200 מ""ל 50SPF",פישר מעבדות פרמצבטיות בע,IL,ספריי רציף שקוף לילדים SPF50,,0.00,100.00,false,1.00,54.90,0.00,true,0,
7290016094046,false,אולטרסול ספריי תחליבי 50/200,פישר מעבדות פרמצבטיות בע,IL,ספריי רציף תחליבי SPF50,,0.00,100.00,false,1.00,54.90,0.00,true,0,
7290016094084,false,"אולטרסול מבוגרים קוליפה ספריי שקוף 30,200 SPF מ""ל",פישר מעבדות פרמצבטיות בע,IL,ספריי רציף שקוף SPF30,,0.00,100.00,false,1.00,49.90,0.00,true,0,
7290016094091,false,"אולטרסול קידס קוליפה ספריי שקוף SPF 30,200 מ""ל",פישר מעבדות פרמצבטיות בע,IL,ספריי רציף שקוף לילדים SPF30,,0.00,100.00,false,1.00,49.90,0.00,true,0,
7290016094138,false,אולטרסול FREE תחליב הגנה בשפופרת 50SPF,פישר מעבדות פרמצבטיות בע,IL,FREE תחליב הגנה SPF50,,0.00,100.00,false,1.00,59.90,0.00,true,0,
7290016094657,false,גנסיס אייג קונטרול קרם יום משקם,פישר מעבדות פרמצבטיות בע,IL,AGE CONTROL קרם יום משקם,,0.00,100.00,false,1.00,159.90,0.03,true,0,
7290016094664,false,גנסיס אייג קונטרול קרם לילה משקם,פישר מעבדות פרמצבטיות בע,IL,AGE CONTROL קרם לילה משקם,,0.00,100.00,false,1.00,159.90,0.03,true,0,
7290016094671,false,גנסיס אייג קונטרול סרום שמנים משקם,פישר מעבדות פרמצבטיות בע,IL,AGE CONTROL סרום שמנים משקם,,0.00,100.00,false,1.00,169.90,0.06,true,0,
7290016094695,false,אלכוג'ל לשמירה על הייגיינת הידיים 70% אלכוהול,"פישר תעשיות פרמבצטיות בע""מ",IL,אלכו-ג'ל H - ג'ל לשמירת על היגיינת הידיים 70% אלכוהול,,0.00,100.00,false,1.00,29.90,0.00,true,0,
7290016094817,false,"ד""ר פישר - אולטרסול ספריי שמן גזר 200 מ""ל 20SPF",פישר מעבדות פרמצבטיות בע,IL,ספריי שמן יבש וקליל SPF20,,0.00,100.00,false,1.00,49.90,0.00,true,0,
7290016094824,false,אולטרסול ספריי שמן יבש וקליל 20/200,פישר מעבדות פרמצבטיות בע,IL,ספריי שמן יבש וקליל SPF20,,0.00,100.00,false,1.00,49.90,0.00,true,0,
7290016094848,false,אולטרסול ספריי רציף שקוף 50/300 מוגדל,מדי פישר,IL,הגנה מוגברת ספריי שקוף SPF50,,0.00,100.00,false,1.00,59.90,0.00,true,0,
7290016094961,false,"ד""ר פישר - אולטרסול בייבינטורל קרם פנים 50 מ""ל 50SPF+",פישר מעבדות פרמצבטיות בע,IL,BabyNatural קרם פנים לתינוק +SPF50,,0.00,100.00,false,1.00,54.90,0.01,true,0,
7290016114300,false,נייר טואלט דו שכבתי אורך כפול לבן לילי 16 גלילים,קימברלי קלארק ישראל שיווק בעמ,IL,PURE נייר טואלט דו שכבתי לבן גליל כפול,,0.00,0.00,false,1.00,42.90,2.68,true,0,
7290016186178,false,טפטפים פרסטי לניקוי שיניים מהשן הראשונה,כצט CTS,IL,פרסטי טיפות לניקוי שיניים מהשן הראשונה לגילאי 3-24 חודשים,,0.00,100.00,false,1.00,29.90,0.01,true,0,
7290016186246,false,טפטפים בייבי באזז אפטרג'ל ג'ל למריחה לאחר עקיצות,כצט CTS,IL,בייבי באזז אפטר ג'ל,,0.00,100.00,false,1.00,32.90,0.00,true,0,
7290016186253,false,טפטפים בייבי באז שמנים ארומטיים,כ.צ.ט,IL,בייבי באזז שמנים ארומטיים לסביבת הפעוט,,0.00,100.00,false,1.00,29.90,0.02,true,0,
7290016186260,false,טפטפים בייבי באזז מגבוני,כ.צ.ט,IL,בייבי באזז מגבונים,,0.00,0.00,false,1.00,24.90,0.00,true,0,
7290016186277,false,בייבי באז רול און מכיל ציטרונלה לילדים ופעוטות,כצט CTS,IL,בייבי באזז רול און,,0.00,100.00,false,1.00,19.90,0.00,true,0,
7290016197600,false,דיפנד - תחבושת לנשים נורמל 12 יח',קימברלי קלארק ישראל שיווק בעמ,VN,Comfort-protect תחבושות לבריחת שתן נורמל,,0.00,0.00,false,1.00,21.90,1.82,true,0,
7290016197617,false,תחבושת לנשים אקסטרה דיפנד 10 יחידות,קימברלי קלארק ישראל שיווק בעמ,VN,Comfort-protect תחבושות לבריחת שתן אקסטרה,,0.00,0.00,false,1.00,21.90,2.19,true,0,
7290016197624,false,תחבושות לנשים סופר דיפנד 8 יחידות,קימברלי קלארק ישראל שיווק בעמ,VN,Comfort-protect תחבושות לבריחת שתן סופר,,0.00,0.00,false,1.00,21.90,2.73,true,0,
7290016197839,false,ניקול השקית החזקה 20 יח' XL,קימברלי קלארק ישראל שיווק בעמ,IL,שקיות אשפה חזקות במיוחד עם שרוך XL 75*68,,0.00,0.00,false,1.00,26.90,1.34,true,0,
7290016299021,false,"ARGANIA מרכך טיפולי חומצה היאלרונית וקרטין ללא SLS ללא פארבן ללא מלחים ללא רכיבים מן החי 450 מ""ל",ארגניה יצור ושיווק,IL,מרכך טיפולי חומצה היאלורונית וקרטין,,0.00,100.00,false,1.00,39.90,0.00,true,0,
7290016299076,false,"ARGANIA שמפו טיפולי חומצה היאלרונית וקרטין ללא SLS ללא פארבן ללא מלחים ללא רכיבים מן החי 450 מ""ל",ארגניה יצור ושיווק,IL,שמפו טיפולי חומצה היאלורונית וקרטין,,0.00,100.00,false,1.00,39.90,0.00,true,0,
7290016299151,false,ארגניה סרום ארגן 100 מל,ארגניה יצור ושיווק,IL,סרום ארגן לכל סוגי השיער,,0.00,0.00,false,1.00,49.90,0.49,true,0,
7290016299168,false,"ARGANIA סרום קיק לחיזוק שורש השערה 100 מ""ל",ארגניה,IL,סרום קיק,,0.00,0.00,false,1.00,49.90,0.49,true,0,
7290016299199,false,ארגניה סרום חומצה היאלורונית וקרטין 100,ארגניה,IL,סרום חומצה היאלורונית וקרטין,,0.00,0.00,false,1.00,49.90,0.49,true,0,
7290016299359,false,"ARGANIA - מרכך ארגן לכל סוגי השיער ללא ס.ל.ס 450 מ""ל",ארגניה יצור ושיווק,IL,מרכך ארגן,,0.00,100.00,false,1.00,39.90,0.00,true,0,
7290016299403,false,"ARGANIA - קרם לחות לשיער המועשר בשמן קיק ללא ס.ל.ס 400 מ""ל",ארגניה,IL,קרם לחות קיק,,0.00,100.00,false,1.00,49.90,0.00,true,0,
7290016299618,false,"ARGANIA שמפו קיק ללא מלחים ,ללא SLS ,ללא פארבן 450 מ""ל",ארגניה יצור ושיווק,IL,שמפו קיק,,0.00,100.00,false,1.00,39.90,0.00,true,0,
7290016299625,false,ארגניה מסכת קיק ללא שטיפה 250 מל,ארגניה,IL,מסכת קיק ללא שטיפה,,0.00,100.00,false,1.00,49.90,0.00,true,0,
7290016299632,false,"ARGANIA - שמפו ארגן לכל סוגי השיער ללא ס.ל.ס 450 מ""ל",ארגניה יצור ושיווק,IL,שמפו ארגן,,0.00,100.00,false,1.00,39.90,0.00,true,0,
7290016299724,false,ארגניה ערכת קיק לגבות,ארגניה,IL,ערכה לטיפוח ועיצוב הגבה,,0.00,0.00,false,1.00,59.90,0.00,true,0,
7290016299755,false,"ARGANIA מרכך קיק ללא מלחים ,ללא SLS ,ללא פארבן 400 מ""ל",ארגניה יצור ושיווק,IL,מרכך קיק,,0.00,100.00,false,1.00,39.90,0.00,true,0,
7290016299878,false,"ARGANIA מסיכה טיפולית לשיער מעושר בחומצה האילרונית וקרטין ללא SLS 500 מ""ל",ארגניה יצור ושיווק,IL,מסיכה טיפולית חומצה היאלורונית וקרטין,,0.00,100.00,false,1.00,49.90,0.00,true,0,
7290016299885,false,"ARGANIA מסיכה קיק לחיזוק השורש והשיערה 500 מ""ל",שיווק TEVACOM,IL,מסכת קיק,,0.00,100.00,false,1.00,49.90,0.00,true,0,
7290016299892,false,"ARGANIA - מסיכה מקצועית לשיער קרטין וארגן 500 מ""ל",ארגניה יצור ושיווק,IL,מסכת ארגן קרטין,,0.00,100.00,false,1.00,49.90,0.00,true,0,
7290016319118,false,מגע הדבש שעווה מתקלפת לפנים 100 גרם,המאפיה של הרמן,IL,שעווה מתקלפת להסרת שיער לאזור הפנים,,0.00,0.00,false,1.00,29.90,0.29,true,0,
7290016319309,false,סבון נוזלי מאסק קלאסי+משאבה פמלי 1 ל,הנסיך- מפעל לייצור ט,IL,אל סבון קטיפתי מאסק מועשר בלחות,,0.00,1.00,false,1.00,13.90,13.90,true,0,
7290016321531,false,רצועות שעווה לגוף מגע הדבש אלוורה 12+3יח,שוורצקוף& הנקל דיסלד,IL,רצועות שעווה לרגליים ולגוף בתוספת אלוורה,,0.00,0.00,false,1.00,28.90,2.40,true,0,
7290016321661,false,פרש וואנס SENSITIVE מגבונים ללא בישום רביעייה 72 יחידות,עלבד משואות יצחק,IL,מגבונים לחים ללא בישום סנסיטיב,,0.00,0.00,false,1.00,18.90,4.72,true,0,
7290016321678,false,מגבונים לחים בניחוח מרענן עם תמציות קמומיל ואלוורה,עלבד משואות יצחק,IL,מגבונים לחים בניחוח מרענן נטורל,,0.00,0.00,false,1.00,18.90,4.72,true,0,
7290016321777,false,מגע הדבש רצועות שעווה לפנים אלוורה 20 יח,שוורצקוף& הנקל דיסלד,IL,רצועות שעווה לפנים שפה עליונה / לחיים / סנטר לעור עדין במיוחד בתוספת אלוורה,,0.00,0.00,false,1.00,28.90,1.80,true,0,
7290016329179,false,דרמקסול תרחיץ פנים טיפולי לעור בעייתי,פישר מעבדות פרמצבטיות בע,IL,תרחיץ פנים טיפולי לעור בעייתי,,0.00,100.00,false,1.00,39.90,0.00,true,0,
7290016329261,false,סרקל מתיר קשרים ספריי רציףף 300 מ'ל,"פישר תעשיות פרמצביטות בע""מ",IL,ספריי מתיר קשרים לילדים,,0.00,100.00,false,1.00,34.90,0.00,true,0,
7290016329278,false,קמיל בלו מגבונים מילוי 64 יח רביעייה,"פישר תעשיות פרמצביטות בע""מ",IL,מגבונים רכים ועדינים לתינוק,,0.00,0.00,false,1.00,19.90,4.97,true,0,
7290016329308,false,"ד""ר פישר - סרקל קרם רוזמרין לשיער מתולתל 325 מ""ל","פישר תעשיות פרמצביטות בע""מ",IL,קרם רוזמרין לילדים לשיער מתולתל,,0.00,100.00,false,1.00,26.90,0.00,true,0,
7290016329315,false,סרקל ספריי מתיר קשרים לילדים לשיער מתולתל,"פישר תעשיות פרמבצטיות בע""מ",IL,ספריי מתיר קשרים לשיער מתולתל לילדים,,0.00,100.00,false,1.00,34.90,0.00,true,0,
7290016329865,false,ד.פישר אפקטיב קר קרם ידיים אינטנסיב,"ד""ר פישר Dr fischer",IL,קרם ידיים INTENSIVE TO GO,,0.00,100.00,false,1.00,8.90,0.00,true,0,
7290016329971,false,ד.פישר אפקטיב קר קרם ידיים אינטנסיב רליף,פישר תעשיות פרמבצטיות בעמ,IL,קרם ידיים INTENSIVE RELIEF TO GO,,0.00,100.00,false,1.00,8.90,0.00,true,0,
7290016429992,false,"ד""ר פישר - אלכוג'ל במארז סיליקון עם דמות 30 מ""ל",פישר תעשיות פרמצבטיות בעמ,IL,אלכו-ג'ל - ג'ל לשמירה על היגיינת הידיים במארז סיליקון עם דמות,,0.00,100.00,false,1.00,19.90,0.00,true,0,
7290016437416,false,דיפנד - גזרה גבוה תחתון מדיום נשים 18 יח',קימברלי קלארק ישראל שיווק בעמ,IL,"תחתונים סופגים לבריחת שתן, גזרה גבוהה לנשים M",,0.00,0.00,false,1.00,68.90,3.82,true,0,
7290016437423,false,דיפנד תחתון סופג L נשים 16 יח גזרה גבוהה,קימברלי קלארק ישראל שיווק בעמ,IL,"תחתונים סופגים לבריחת שתן, גזרה גבוהה לנשים L",,0.00,0.00,false,1.00,68.90,4.30,true,0,
7290016437430,false,דיפנד - גזרה גבוה תחתון אקסטרה לארג' נשים 16 יח',קימברלי קלארק ישראל שיווק בעמ,IL,"תחתונים סופגים לבריחת שתן, גזרה גבוהה לנשים XL",,0.00,0.00,false,1.00,68.90,4.92,true,0,
7290016437461,false,דיפנד - גזרה גבוה תחתון לארג' גברים 16 יח',קימברלי קלארק ישראל שיווק בעמ,IL,"תחתונים סופגים לבריחת שתן, גזרה גבוהה לגברים L",,0.00,0.00,false,1.00,68.90,4.30,true,0,
7290016437591,false,קוטקס - תחתונים סופגים לנשים לאחר לידה מדיום 8 יח',קימברלי קלארק ישראל שיווק בעמ,KR,תחתונים סופגים לנשים לאחר לידה M,,0.00,0.00,false,1.00,36.90,4.61,true,0,
7290016437607,false,קוטקס - תחתונים סופגים לנשים לאחר לידה לארג' 8 יח',קימברלי קלארק ישראל שיווק בעמ,KR,תחתונים סופגים לנשים לאחר לידה L,,0.00,0.00,false,1.00,36.90,4.61,true,0,
7290016437614,false,"תחתוני חיתולים פרידום דריי מידה 3 6-11 ק""ג",קימברלי קלארק ישראל שיווק בעמ,IL,"תחתוני חיתולים מידה 3, 6-11 ק""ג",,0.00,0.00,false,1.00,49.90,1.13,true,0,
7290016437621,false,חיתולי האגיס פרידום דריי pants מידה 4 36 יחידות,קימברלי קלארק ישראל שיווק בעמ,CZ,"תחתוני חיתולים מידה 4, 9-14 ק""ג",,0.00,0.00,false,1.00,49.90,1.38,true,0,
7290016437645,false,חיתולי האגיס פרידום דריי pants מידה 5 34 יחידות,קימברלי קלארק ישראל שיווק בעמ,CZ,"תחתוני חיתולים מידה 5, 12-17 ק""ג",,0.00,0.00,false,1.00,49.90,1.55,true,0,
7290016437652,false,חיתולי האגיס פרידום דריי pants מידה 6 30 יחידות,קימברלי קלארק ישראל שיווק בעמ,CZ,"תחתוני חיתולים האגיס פנטס מידה 6, 15-25 ק""ג",,0.00,0.00,false,1.00,49.90,1.91,true,0,
7290016509304,false,סוד סבון לאסלה 4 כדוריותבניחוח לבנדר 50 ג',גורי שיווק בעמ,IL,סבון אסלה לבנדר,,0.00,100.00,false,1.00,9.90,0.00,true,0,
7290016509786,false,פרסיל גל לכביסה לבנה וצבעונית-ירוק 2.5 ל,גורי שיווק בעמ,IL,ג'ל לכביסה רגילה וצבעונית,,0.00,1.00,false,1.00,36.90,14.76,true,0,
7290016509830,false,ג'ל כביסה לבגדי תינוקות ובעלי עור רגיש Sensitive,גורי שיווק בעמ,IL,ג'ל לכביסה לבגדי תינוקות ובעלי עור רגיש,,0.00,1.00,false,1.00,36.90,14.76,true,0,
7290016621341,false,אל סבון היגייני לניקוי יסודי קמיל Clean & Moisture,פישר תעשיות פרמצבטיות בעמ,IL,אל סבון לניקוי ולהעשרת העור בלחות. מועשר בחמאת שיאה,,0.00,1.00,false,1.00,14.90,14.90,true,0,
7290016621358,false,"ד""ר פישר - קמיל אל סבון ניקיון והזנה ורוד 1 ליטר","פישר תעשיות פרמבצטיות בע""מ",IL,אל סבון לניקוי ולהזנת העור. מועשר בויטמין E ושמן זית,,0.00,1.00,false,1.00,15.90,15.90,true,0,
7290016621365,false,אל סבון היגייני לניקוי יסודי קמיל Clean & Moisture,"פישר תעשיות פרמבצטיות בע""מ",IL,אל סבון לניקוי ולתחושת רעננות. מועשר בתמצית לבנדר,,0.00,1.00,false,1.00,14.90,14.90,true,0,
7290016621495,false,אולטרסול קידס קוליפה תחליב הגנה,פישר תעשיות פרמבצטיות בעמ,IL,KIDS תחליב הגנה לילדים +SPF50,,0.00,100.00,false,1.00,59.90,0.00,true,0,
7290016621624,false,אולטרסול ספריי שקוף קידס 50/300 מוגדל,מדי פישר,IL,KIDS ספריי שקוף לילדים 50SPF,,0.00,100.00,false,1.00,59.90,0.00,true,0,
7290016621952,false,קמיל בלו סנסיטיב קרם פנים לתינוק SPF30,פישר תעשיות פרמבצטיות בעמ,IL,BABY סנסטיב קרם פנים לתינוק SPF30,,0.00,100.00,false,1.00,34.90,0.00,true,0,
7290016692112,false,תערובת ציטרונלה להגנת העור רול און,מאמי קר Mommy Care,IL,רול און תערובת ציטרונלה,,0.00,100.00,false,1.00,39.90,0.00,true,0,
7290016692150,false,"סבון טבעי לניקוי בקבוקים, מוצצים ומשאבות חלב",מאמי קר Mommy Care,,"סבון טבעי מיוחד לניקוי בקבוקים,מוצצים ומשאבות חלב - אריזת חסכון",,0.00,100.00,false,1.00,47.90,0.00,true,0,
7290016692198,false,מאמי קייר משחת החתלה קלנדולה קלאסיק,מאמי קר Mommy Care,IL,משחת החתלה קלנדולה קלאסיק,,0.00,100.00,false,1.00,25.90,0.00,true,0,
7290016692501,false,מאמי קייר משחת החתלה קלנדולה קלאסיקTO GO,General,IL,קלנדולה קלאסיק משחת החתלה TO-GO,,0.00,100.00,false,1.00,6.90,0.00,true,0,
7290016732634,false,סנסודין מברשת שיניים דואלקר,גלקסוס-סמית קליין,CN,מברשת שיניים דואלקר,,0.00,0.00,false,1.00,19.90,0.00,true,0,
7290016732672,false,מברשת שיניים סנסודיין הגנה מלאה,גלקסוס סמית קליין,CN,מברשת שיניים הגנה מלאה,,0.00,0.00,false,1.00,25.90,0.00,true,0,
7290016747003,false,מורז X תוש תרסיס דוחה יתושים,SALA (MORAZ,IL,X תוש תרסיס דוחה יתושים ממקור צמחי,,0.00,100.00,false,1.00,49.90,0.00,true,0,
7290016747010,false,מורז X תוש רול און דוחה יתושים,מורז,IL,X תוש רול און דוחה יתושים ממקור צמחי,,0.00,100.00,false,1.00,49.90,0.00,true,0,
7290016747164,false,"קרם טבעי להגנה מפני השמש 50מ""ל spf 30",מורז,IL,קרם פוליגונום להגנה גבוהה מקרני השמש SPF50,,0.00,0.00,false,1.00,99.90,0.99,true,0,
7290016747171,false,"קרם תינוקות להגנה מפני השמש 50מ""ל spf50",מורז,IL,קרם פוליגונום לפנים ולצוואר להגנה גבוהה מקרני השמש SPF50,,0.00,100.00,false,1.00,69.90,0.01,true,0,
7290016747188,false,"קרם טבעי להגנה מפני השמש 100מ""ל spf 50",מורז,IL,קרם פוליגונום לתינוקות להגנה גבוהה מקרני השמש SPF50,,0.00,100.00,false,1.00,69.90,0.01,true,0,
7290016747232,false,מורז אפקל שמן צמחי למריחה על האף 10 מל,SALA (MORAZ,IL,אפקל שמן צמחי למריחה על האף,,0.00,100.00,false,1.00,44.90,0.04,true,0,
7290016747492,false,מורז X תוש תחליב בתרסיס דוחה יתושים,מורז,IL,X תוש תחליב בתרסיס דוחה יתושים,,0.00,0.00,false,1.00,49.90,0.49,true,0,
7290016747560,false,מורז כינקר מארז טיפולי ספריי+שמפו,מורז,,כינקייר מארז לטיפול והשמדת כינים וביצי כינים המכיל: שמפו + ספריי ומסרק,,0.00,0.00,false,1.00,114.90,0.00,true,0,
7290016747621,false,מורז גל אנטי אייגינג 50 מל +SPF30,מורז,IL,ג'ל אנטי אייג'ינג +SPF30,,0.00,100.00,false,1.00,119.90,0.02,true,0,
7290016747645,false,מורז קרם לעיניים ולצוואר 50 מל,מורז,IL,קרם לעיניים ולצוואר מצמחי מרפא,,0.00,100.00,false,1.00,89.90,0.01,true,0,
7290016747652,false,מורז סרום לעור הפנים רימונים ופוליגונום,מורז,IL,סרום לעור הפנים רימונים ופוליגונום,,0.00,100.00,false,1.00,119.90,0.03,true,0,
7290016747713,false,מורז איקס דוזה תרסיס להגנה מהשמש SPF 50,מורז,IL,תרסיס X דוזה להגנה כפולה מקרני השמש SPF 50,,0.00,100.00,false,1.00,109.90,0.00,true,0,
7290016747720,false,מורז כפתן ספריי לנעליים 100 מל,מורז,NL,כפתן ספריי לנעליים לסיוע במניעת זיהומים ופטרת חוזרת,,0.00,0.00,false,1.00,59.90,0.59,true,0,
7290016866186,false,ספירה פרש מבשם לרכב בניחוח פרח הוניל,גורי,MX,פרש מבשם אויר לרכב - פרח הוניל,,0.00,0.00,false,1.00,14.90,0.00,true,0,
7290016866643,false,פרודונטקס מ.שיניים אקסטרה פרש 75 מל,פרודונטקס Parodontax,SK,משחת שיניים אקסטרה פרש,,0.00,100.00,false,1.00,32.90,0.00,true,0,
7290016866650,false,"פרודונטקס - משחת שיניים אוריג'ינל 75 מ""ל",פרודונטקס Parodontax,SK,משחת שיניים אורגינל,,0.00,100.00,false,1.00,32.90,0.00,true,0,
7290016866667,false,"פרודונטקס - משחת שיניים ללא פלאוריד 75 מ""ל",פרודונטקס Parodontax,SK,משחת שיניים ללא פלואוריד,,0.00,100.00,false,1.00,32.90,0.00,true,0,
7290016866674,false,"פרודונטקס - משחת שיניים מלבינה 75 מ""ל",פרודונטקס Parodontax,SK,משחת שיניים מלבינה,,0.00,100.00,false,1.00,32.90,0.00,true,0,
7290016866704,false,סטייל שמפו קרטין E 750 מל לשיקום שיער יב,גורי ע.ע.ע בעמ,IL,שמפו קרטין +ויטמין E לשיקום שיער יבש ופגום,,0.00,100.00,false,1.00,29.90,0.00,true,0,
7290016866711,false,סטייל מרכך קרטין E 750 מל לשיקום שיער יב,גורי ע.ע.ע בעמ,IL,מרכך קרטין +ויטמין E לשיקום שיער יבש ופגום,,0.00,100.00,false,1.00,29.90,0.00,true,0,
7290016866728,false,סטייל מסכה קרטין E 500 מל לשיקום שיער יב,גורי ע.ע.ע בעמ,IL,מסכת קרטין +ויטמין E לשיקום שיער יבש ופגום,,0.00,100.00,false,1.00,34.90,0.00,true,0,
7290016866735,false,סטייל קרם לחות קרטין E 400 מל לשיקום שיע,א.ל. ארמן,IL,קרם לחות קרטין +ויטמין E לשיקום שיער יבש ופגום,,0.00,100.00,false,1.00,35.90,0.00,true,0,
7290016912494,false,"ד""ר פישר - אפקטיב קר תרחיץ פנים לכל סוגי העור 180 מ""ל","פישר תעשיות פרמצביטות בע""מ",IL,תרחיץ פנים לכל סוגי העור,,0.00,100.00,false,1.00,17.90,0.00,true,0,
7290016912500,false,"ד""ר פישר - אפקטיב קר תרחיץ פנים לעור רגיש 180 מ""ל","פישר תעשיות פרמצביטות בע""מ",IL,תרחיץ פנים סנסיטיב לעור רגיש,,0.00,100.00,false,1.00,17.90,0.00,true,0,
7290016912609,false,"סרקל מסיכת הזנה לשיער ילדים 200 מ""ל",פישר תעשיות פרמבצטיות בעמ,IL,מסכת הזנה לשיער לילדים,,0.00,100.00,false,1.00,26.90,0.00,true,0,
7290016912616,false,סרקל שמפו לילדים לשיער בהיר - בלונדיני,פישר תעשיות פרמבצטיות בעמ,IL,שמפו לילדים לשיער בהיר - בלונדיני,,0.00,1.00,false,1.00,28.90,28.90,true,0,
7290016912623,false,סרקל מרכך לילדים לשיער בהיר - בלונדיני,פישר תעשיות פרמבצטיות בעמ,IL,מרכך לילדים לשיער בהיר - בלונדיני,,0.00,1.00,false,1.00,28.90,28.90,true,0,
7290017002101,false,פראנס ביוטי מכשיר חימום לרולר שעווה,נורוליס,CN,מכשיר חימום לרולר שעווה,,0.00,0.00,false,1.00,55.90,55.90,true,0,
7290017010038,false,Jez שטיפה אינטימה,נורוליס,IL,Your Intima Wash שטיפה אינטימה,,0.00,100.00,false,1.00,69.90,0.00,true,0,
7290017010366,false,Jez קרם אינטימה,נורוליס,IL,Your Intima Cream קרם אינטימה,,0.00,100.00,false,1.00,179.90,0.02,true,0,
7290017010953,false,Jez מגבונים אינטימיים,נורוליס,IL,Your Intima Wipes מגבונים אינטימיים,,0.00,0.00,false,1.00,59.90,1.99,true,0,
7290017012001,false,סבוקלם קלאסיק דאודורנט POWDER לעור רגיש,סבוקלם Sebocalm,IL,דאודורנט לעור רגיש בניחוח POWDER,,0.00,100.00,false,1.00,49.90,0.00,true,0,
7290017012018,false,יאנג מסכת בוץ לטיהור וספיחת עודפי שומן,סבוקלם Sebocalm,IL,יאנג מסכת בוץ לטיהור וספיחת עודפי שומן,,0.00,100.00,false,1.00,64.90,0.01,true,0,
7290017012049,false,סבוקלם קלאסיק קרם לחות עם הגנה מהשמש SPF,טטרה פארם,IL,קרם לחות עם הגנה מהשמש SPF30,,0.00,100.00,false,1.00,99.90,0.01,true,0,
7290017012070,false,סבוקלם קלאסיק דאודורנט לעור רגיש לגבר 70,סבוקלם Sebocalm,IL,דאודורנט לעור רגיש MEN,,0.00,100.00,false,1.00,49.90,0.00,true,0,
7290017012155,false,סבוקלם אינוביישן קרם עיניים זהב 15 מל,סבוקלם Sebocalm,IL,אינוביישן קרם עיניים זהב,,0.00,100.00,false,1.00,249.90,0.16,true,0,
7290017012193,false,סבוקלם קלאסיק קרם לחות עם הגנה מהשמש SPF,טטרה פארם,IL,קרם לחות עם הגנה מהשמש SPF50,,0.00,100.00,false,1.00,129.90,0.02,true,0,
7290017012261,false,אינוביישן תוסף מרוכז של חומצה היאלרונית,סבוקלם Sebocalm,IL,אינוביישן תוסף מרוכז של חומצה היאלרונית,,0.00,100.00,false,1.00,249.90,0.10,true,0,
7290017012445,false,מסכת בד קולגן למיצוק וגמישות העור,סבוקלם Sebocalm,IL,אינוביישן מסכת בד קולגן,,0.00,100.00,false,1.00,19.90,0.01,true,0,
7290017012469,false,מסכת בד פפטידים מסייעת לטיפול בקמטים,סבוקלם Sebocalm,IL,אינוביישן מסכת בד פפטידים,,0.00,100.00,false,1.00,19.90,0.01,true,0,
7290017012490,false,סבוקלם אינוביישן מסכת בד חומצה היאלורוני,טטרה פארם,IL,אינוביישן מסכת בד חומצה היאלרונית,,0.00,100.00,false,1.00,19.90,0.01,true,0,
7290017012506,false,מסכת בד אלוורה להענקת לחות מוגברת והרגעה,סבוקלם Sebocalm,IL,קלאסיק מסכת בד אלוורה,,0.00,100.00,false,1.00,19.90,0.01,true,0,
7290017012520,false,סבוקלם אינוביישן מסכת בד פנינים,סבוקלם Sebocalm,IL,אינוביישן מסכת בד פנינים,,0.00,100.00,false,1.00,10.00,0.00,true,0,
7290017012537,false,מסכת בד במבוק להרגעה ורענון הפנים,סבוקלם Sebocalm,IL,קלאסיק מסכת בד במבוק,,0.00,100.00,false,1.00,19.90,0.01,true,0,
7290017012568,false,סבוקלם יאנג מסכת בד פרח נר הלילה,טטרה פארם,IL,יאנג מסכת בד פרח נר הלילה,,0.00,100.00,false,1.00,19.90,0.01,true,0,
7290017012599,false,סבוקלם SEA&SUN ספריי הגנה 120 מל SPF50,טטרה פארם,IL,SEA&SUN ספריי תחליב הגנה מפני השמש SPF50,,0.00,100.00,false,1.00,119.90,0.00,true,0,
7290017012605,false,סבוקלם SEA&SUN קרם הגנה 60 מל מבוגרים,סבוקלם Sebocalm,IL,SEA&SUN קרם הגנה מפני השמש +SPF50,,0.00,100.00,false,1.00,99.90,0.01,true,0,
7290017012612,false,סבוקלם SEA&SUN קרם הגנה 60 מל ילדים,טטרה פארם,IL,KIDS SEA&SUN קרם הגנה מפני השמש +SPF50 לילדים,,0.00,100.00,false,1.00,99.90,0.01,true,0,
7290017012636,false,סבוקלם אינוביישן אולטרה קרם לחות ליום 50,טטרה פארם,KR,אינוביישן אולטרה קרם לחות ליום,,0.00,100.00,false,1.00,249.90,0.04,true,0,
7290017012643,false,סבוקלם אינוביישן קרם לילה משקם המועשר בק,טטרה פארם,KR,אינוביישן קרם לילה משקם המועשר בקולגן,,0.00,100.00,false,1.00,249.90,0.04,true,0,
7290017012773,false,טוני מולי מארז מסכות בד חמישייה,שסטוביץ,KR,מארז מסכות בד,,0.00,0.00,false,1.00,74.00,0.00,true,0,
7290017012780,false,שביט עץ התה קרם לחות טיפולי,הרבה דרם,IL,"עץ התה קרם לחות טיפולי לעור שמן, בעייתי ומעורב",,0.00,100.00,false,1.00,79.90,0.01,true,0,
7290017012940,false,סבוקלם סבון גוף אמלא וקפה ירוק 400 מל,טטרה פארם,IL,סבון גוף לעור רגיש מועשר באמלא וקפה ירוק,,0.00,100.00,false,1.00,59.90,0.00,true,0,
7290017012964,false,סבוקלם סבון גוף אסאי ופרחי צבר 400 מל,טטרה פארם,IL,סבון גוף לעור רגיש מועשר באסאי ופרחי צבר,,0.00,100.00,false,1.00,59.90,0.00,true,0,
7290017012988,false,סבוקלם בייבי קרם הגנה SPF50 50 מל,טטרה פארם,IL,BABY קרם הגנה מהשמש +SPF50,,0.00,100.00,false,1.00,79.90,0.01,true,0,
7290017031477,false,"סנסודיין משחת שיניים רפיד רליף להלבנה 75 מ""ל","סמיתקליין ביצ'ם בע""מ",GB,Rapid relief whitning - משחת שיניים לשיניים רגישות,,0.00,100.00,false,1.00,21.90,0.00,true,0,
7290017031569,false,סטייל שמפו קרטין פלוס 100 מל לשיקום שיער,גורי,IL,שמפו קרטין +ויטמין E לשיקום שיער יבש ופגום,,0.00,0.00,false,1.00,9.90,0.09,true,0,
7290017031583,false,סטייל מרכך קרטין פלוס 100 מל לשיקום שיער,גורי,IL,מרכך קרטין +ויטמין E לשיקום שיער יבש ופגום,,0.00,0.00,false,1.00,9.90,0.09,true,0,
7290017031705,false,"סנסודיין משחת שיניים קלין & פרש 75 מ""ל",גלקסוס סמית קליין,,Clean and fresh - משחת שיניים לנקיון ורעננות מתמשכת,,0.00,100.00,false,1.00,18.90,0.00,true,0,
7290017031811,false,פרודונטקס מברשת שיניים אקסטרא סופט א.זוג,גלקסוסמיתקליין,CN,מברשת שיניים אקסטרא סופט,,0.00,0.00,false,1.00,29.90,14.95,true,0,
7290017031859,false,"פרודונטקס - משחת שיניים אולטרא קלין 75 מ""ל","מאסטרפוד אוסטריה בע""מ",SK,משחת שיניים אולטרא קלין,,0.00,100.00,false,1.00,32.90,0.00,true,0,
7290017031927,false,שמפו סטיייל האמפ 750 מל,א.ל.ארמן ייצור תמרוקים ב,IL,שמפו HEMP OIL לכל סוגי השיער,,0.00,100.00,false,1.00,26.90,0.00,true,0,
7290017031934,false,סטייל מרכך האמפ 750 מל,א.ל. ארמן,IL,מרכך HEMP OIL לכל סוגי השיער,,0.00,100.00,false,1.00,26.90,0.00,true,0,
7290017088327,false,רבעיית מגבונים בייביסיטר אקסטרא סופט ללא בישום 64 יחידות,די.פי.אל בעמ,IL,מגבונים לחים לתינוק אקסטרא סופט ללא בישום מארז,,0.00,0.00,false,1.00,19.90,4.97,true,0,
7290017088815,false,בריז תחבושות לבריחת שתן נורמל 12 יח,שקד תבל בעמ,IT,תחבושות לבריחת שתן נורמל,,0.00,0.00,false,1.00,18.90,1.57,true,0,
7290017088822,false,BREEZE תחבושות לבריחת שתן אקסטרה (10 יח'),שקד תבל בעמ,IT,תחבושות לבריחת שתן אקסטרה,,0.00,0.00,false,1.00,18.90,1.89,true,0,
7290017088839,false,BREEZE תחבושות לבריחת שתן אקסטרה פלוס (8 יח'),שקד תבל בעמ,IT,תחבושות לבריחת שתן אקסטרה פלוס,,0.00,0.00,false,1.00,18.90,2.36,true,0,
7290017088846,false,BREEZE תחבושות לבריחת שתן מקסי (8 יח'),שקד תבל בעמ,IT,תחבושות לבריחת שתן מקסי,,0.00,0.00,false,1.00,18.90,2.36,true,0,
7290017088860,false,BREEZE תחתונים לבריחת שתן מידה L יח' 14,ניאופארם,IT,תחתונים סופגים לבריחת שתן L,,0.00,0.00,false,1.00,74.90,5.35,true,0,
7290017088877,false,BREEZE תחתונים לבריחת שתן מידה XL יח' 14,ניאופארם,IT,תחתונים סופגים לבריחת שתן XL,,0.00,0.00,false,1.00,74.90,5.35,true,0,
7290017179094,false,צטאפיל רסטורדם תחליב לחות משקם 295 מל,צטאפיל Cetaphil,CA,פרו תחליב לחות לשיקום עור מגורה ויבש,,0.00,100.00,false,1.00,130.00,0.00,true,0,
7290017179100,false,תחליב לחות טיפולי חדשני לעור יבש- יבש מאוד,צטאפיל Cetaphil,CA,תחליב לחות טיפולי לשימוש יומיומי לעור יבש עד יבש מאוד,,0.00,100.00,false,1.00,99.90,0.00,true,0,
7290017179124,false,צטאפיל רסטורדם תרחיץ ניקוי משקם 295 מל,צטאפיל Cetaphil,CA,פרו תרחיץ ניקוי לשיקום עור מגורה ויבש,,0.00,100.00,false,1.00,99.00,0.00,true,0,
7290017179414,false,צטאפיל פרו קצף ניקוי לעור אדמומי ויבש מא,רפא,CA,פרו קצף ניקוי לעור אדמומי ויבש,,0.00,100.00,false,1.00,99.90,0.00,true,0,
7290017179421,false,תחליב ניקוי עדין לעור יבש ורגיש - גוף ופנים,צטאפיל Cetaphil,CA,תחליב ניקוי עדין לעור רגיש ויבש,,0.00,100.00,false,1.00,99.90,0.00,true,0,
7290017179438,false,צטאפיל קרם לחות לשימוש יומיומי 450 גרם,רפא,CA,קרם לשימוש יומיומי להענקת לחות מתמשכת,,0.00,100.00,false,1.00,119.90,0.00,true,0,
7290017285023,false,גנסיס אייג קונטרול מסכת עיניים למיצוק,General,IL,AGE CONTROL מסכת עיניים למיצוק והרמה,,0.00,100.00,false,1.00,159.90,0.05,true,0,
7290017285870,false,אולטרסול בייבי נטורל קרם פנים צורני פיל,מדי פישר,IL,בייבי נטורל קרם פנים צורני +SPF50 פיל,,0.00,100.00,false,1.00,34.90,0.01,true,0,
7290017285887,false,אולטרסול ספורט קרם פנים צורני 30/50 גלשן,פישר תעשיות פרמצבטיות בעמ,IL,ספורט מקס קרם פנים במתלה לתיק SPF50,,0.00,100.00,false,1.00,29.90,0.00,true,0,
7290017285894,false,"ד""ר פישר - אולטרסול קידס קרם פנים צורני 30 מ""ל 50SPF",פישר תעשיות פרמבצטיות בעמ,IL,קידס קרם פנים במתלה לתיק SPF50,,0.00,100.00,false,1.00,29.90,0.00,true,0,
7290017285993,false,אולטרסול ספריי רציף תחליבי ילדים 50+ 200,פישר מעבדות פרמצבטיות בע,IL,KIDS ספריי תחליבי +SPF50,,0.00,100.00,false,1.00,59.90,0.00,true,0,
7290017312279,false,אקנה טריט פטץ',3OL,DE,אקנה טריט פטץ',,0.00,0.00,false,1.00,34.90,0.00,true,0,
7290017312286,false,סטופר אפטר איצ',3OL,DE,סטופר אפטר איצ',,0.00,0.00,false,1.00,34.90,0.00,true,0,
7290017312293,false,פאנגי נייל פטץ'',3OL,DE,פאנגי נייל פטץ',,0.00,0.00,false,1.00,79.90,0.00,true,0,
7290017440095,false,גנסיס דיגיטל אייג קרם לילה 50 מל,General,IL,DIGITAL AGE קרם לילה משקם,,0.00,100.00,false,1.00,159.90,0.03,true,0,
7290017440101,false,גנסיס דיגיטל אייג פריימר סרום 30 מל,CHEMIPAL FISHER (BIO,IL,DIGITAL AGE פריימר סרום,,0.00,100.00,false,1.00,159.90,0.05,true,0,
7290017440170,false,אולטרסול ספריי רציף שקוף ילדים 50+ 200,פישר תעשיות,IL,KIDS ספריי שקוף +SPF50,,0.00,100.00,false,1.00,59.90,0.00,true,0,
7290017440231,false,סרקל שמפו לילדים לשיער מתולתל 1 ליטר,"פישר תעשיות פרמצביטות בע""מ",IL,שמפו לילדים לשיער מתולתל,,0.00,1.00,false,1.00,28.90,28.90,true,0,
7290017440248,false,סרקל מרכך לילדים לשיער מתולתל 1 ליטר,"פישר תעשיות פרמצביטות בע""מ",IL,מרכך לילדים לשיער מתולתל,,0.00,1.00,false,1.00,28.90,28.90,true,0,
7290017440279,false,"ד""ר פישר - קידס אל סבון ויטמינים 750 מ""ל",פישר תעשיות פרמצבטיות בעמ,IL,KIDS אל סבון ויטמינים,,0.00,100.00,false,1.00,16.90,0.00,true,0,
7290017440286,false,"ד""ר פישר - קידס מרכך ויטמינים 750 מ""ל","פישר תעשיות פרמצביטות בע""מ",IL,KIDS מרכך ויטמינים,,0.00,100.00,false,1.00,16.90,0.00,true,0,
7290017440309,false,"ד""ר פישר - קידס שמפו ויטמינים 750 מ""ל","פישר תעשיות פרמצביטות בע""מ",IL,KIDS שמפו ויטמינים,,0.00,100.00,false,1.00,16.90,0.00,true,0,
7290017440323,false,"ד""ר פישר - קידס שמפו + מרכך ויטמינים 750 מ""ל",פישר תעשיות פרמצבטיות בעמ,IL,KIDS שמפו+מרכך ויטמינים,,0.00,100.00,false,1.00,16.90,0.00,true,0,
7290017440682,false,ד.פישר בלונד שמפו לשיער בהיר,פישר תעשיות פרמבצטיות בעמ,IL,BLOND שמפו לשיער בהיר-בלונדיני,,0.00,100.00,false,1.00,29.90,0.00,true,0,
7290017440699,false,ד.פישר בלונד מרכך לשיער בהיר 400 מל,"פישר תעשיות פרמצביטות בע""מ",IL,BLOND מרכך לשיער בהיר-בלונדיני,,0.00,100.00,false,1.00,29.90,0.00,true,0,
7290017440705,false,יולקטין קרם ידיים טיפולי 50 מל TO-GO,מדי פישר,IL,קרם ידיים טיפולי לטיפול אינטנסיבי והקלה מיידית TO-GO,,0.00,100.00,false,1.00,19.90,0.00,true,0,
7290017440729,false,אולטרסול ספריי שמן קוקוס 200/20 SPF,פישר תעשיות,IL,ספריי שמן יבש וקליל SPF20 שמן קוקוס,,0.00,100.00,false,1.00,49.90,0.00,true,0,
7290017440798,false,ד.פישר סילבר מרכך לשיער כסוף 400 מל,"פישר תעשיות פרמבצטיות בע""מ",IL,SILVER מרכך לשיער כסוף,,0.00,100.00,false,1.00,29.90,0.00,true,0,
7290017440804,false,ד.פישר סילבר מסכת הזנה לשיער כסוף 300 מ,"פישר תעשיות פרמבצטיות בע""מ",IL,SILVER מסכת הזנה לשיער כסוף,,0.00,100.00,false,1.00,39.90,0.00,true,0,
7290017440965,false,אל סבון היגייני לניקוי יסודי ולהזנת העור clean & nourish,"פישר תעשיות פרמבצטיות בע""מ",IL,אל סבון לניקוי ולהזנת העור. מועשר בויטמין E ושמן זית,,0.00,1.00,false,1.00,14.90,14.90,true,0,
7290017457727,false,"סוד כחול מרכך כביסה מרוכז20%+בישום 900 מ""ל",גורי שיווק בעמ,IL,מרכך כביסה מרוכז כחול ניחוח מתמשך,,0.00,100.00,false,1.00,12.90,0.00,true,0,
7290017457734,false,"סוד ורוד מרכך כביסה מרוכז20%+בישום 900 מ""ל",גורי שיווק בעמ,IL,מרכך כביסה מרוכז ורוד ניחוח מתמשך,,0.00,100.00,false,1.00,12.90,0.00,true,0,
7290017457925,false,סוד מרכך כביסה מרוכז פרש קונטרול ורוד,גורי שיווק בעמ,IL,מרכך מרוכז לכביסה פרש קונטרול ורוד,,0.00,100.00,false,1.00,12.90,0.00,true,0,
7290017457932,false,סוד מרכך כביסה מרוכז פרש קונטרול כחול,גורי שיווק בעמ,IL,מרכך מרוכז לכביסה פרש קונטרול כחול,,0.00,100.00,false,1.00,12.90,0.00,true,0,
7290017513409,false,תה ירוק SUPER GREEN 87 גרםבטעם אוכמניות ואסאי,תה ויסוצקי (ישראל) בעמ,,SUPER GREEN תה ירוק צמחים סגולים,,0.00,0.00,false,1.00,26.90,0.00,true,0,
7290017513850,false,תה ירוק נענע 25 שקיקים בתוספת ויטמינים Cּּ+D,תה ויסוצקי (ישראל) בעמ,,תה ירוק נענע עם ויטמינים C ו-D,,0.00,0.00,false,1.00,26.90,1.07,true,0,
7290017513867,false,תה ירוק לימונית ולואיזה סתוספת ויטמינים ויסוצקי 25 יחידות,תה ויסוצקי (ישראל) בעמ,,תה ירוק לימונית לואיזה עם ויטמינים C ו-D,,0.00,0.00,false,1.00,26.90,1.07,true,0,
7290017542478,false,מסכות תלת שכבתיות כחולות - 50 יחידות,לייף,CN,מסכות תלת שכבתיות כחולות,,0.00,0.00,false,1.00,12.90,0.25,true,0,
<<<<<<< HEAD
7290017637426,false,שמפו למניעת קשקשים מיקי בוגנים 500 מל,סאסא קוסמטיקס,IL,שמפו למניעת קשקשים ANTI DANDRUFF,,0.00,100.00,false,1.00,24.90,0.00,true,0,
7290017637532,false,שמפו לשיער בלונד בהיר מיקי בוגנים 500 מל,סאסא קוסמטיקס,IL,שמפו לשיער בלונד/בהיר BLOND,,0.00,100.00,false,1.00,39.90,0.00,true,0,
7290017637549,false,מרכך לשיער בלונד בהיר מיקי בוגנים 500 מל,סאסא קוסמטיקס,IL,מרכך לשיער בלונד/בהיר BLOND,,0.00,100.00,false,1.00,39.90,0.00,true,0,
7290017637556,false,שמפו לקרקפת שומנית מיקי בוגנים 500 מל,סאסא קוסמטיקס,IL,שמפו לקרקפת שומנית CLEANSING,,0.00,100.00,false,1.00,24.90,0.00,true,0,
7290017637563,false,שמפו לתלתלים מושלמים 500 מל מיקי בוגנים,סאסא קוסמטיקס,IL,שמפו לתלתלים מושלמים CURLS,,0.00,100.00,false,1.00,24.90,0.00,true,0,
7290017637570,false,מרכך לתלתלים מושלמים 500 מל מיקי בוגנים,סאסא קוסמטיקס,IL,מרכך לתלתלים מושלמים CURLS,,0.00,100.00,false,1.00,24.90,0.00,true,0,
7290017637587,false,קרם לתלתלים מושלמים 200 מל בוגנים,סאסא קוסמטיקס,IL,קרם לתלתלים מושלמים CURLS,,0.00,100.00,false,1.00,27.90,0.00,true,0,
7290017637594,false,שמפו יומיומי זיכרונות מתוקים 500 מל,סאסא קוסמטיקס,IL,שמפו לשיער רגיל SWEET MEMORIES EVERDAY,,0.00,100.00,false,1.00,24.90,0.00,true,0,
7290017637600,false,מרכך יומיומי זיכרונות מתוקים 500 מל,סאסא קוסמטיקס,IL,מרכך לשיער רגיל SWEET MEMORIES EVERDAY,,0.00,100.00,false,1.00,24.90,0.00,true,0,
7290017637624,false,מרכך יומיומי יסמין קסום 500 מל בוגנים,סאסא קוסמטיקס,IL,שמפו לשיער רגיל MAGICAL JASMINE EVERDAY,,0.00,100.00,false,1.00,24.90,0.00,true,0,
7290017637631,false,מרכך יומיומי יסמין קסום 500 מל בוגנים,סאסא קוסמטיקס,IL,מרכך לשיער רגיל MAGICAL JASMINE EVERDAY,,0.00,100.00,false,1.00,24.90,0.00,true,0,
7290017637648,false,מסיכת הזמנה לשיער מיקי בוגנים 250מל,סאסא קוסמטיקס,IL,מסיכת הזנה לשיער רגיל MAGICAL JASMINE EVERDAY,,0.00,100.00,false,1.00,27.90,0.00,true,0,
7290017637655,false,שמפו קרטין ללא מלח מיקי בוגנים 500 מל,סאסא קוסמטיקס,IL,שמפו ללא מלחים KERATIN,,0.00,100.00,false,1.00,29.90,0.00,true,0,
7290017637662,false,שמפו שימר להדגשת גוונים בהיר מיקי בוגנים 500 מל,סאסא קוסמטיקס,IL,שמפו להדגשת גוונים זהובים SHIMMER,,0.00,100.00,false,1.00,24.90,0.00,true,0,
7290017637679,false,מרכך שימר להדגשת גוונים בהיר מיקי בוגנים 500 מל,סאסא קוסמטיקס,IL,מרכך להדגשת גוונים זהובים SHIMMER,,0.00,100.00,false,1.00,24.90,0.00,true,0,
7290017637761,false,מרכך לשיער ללא מלחים 500מל מיקי בוגנים,General,IL,מרכך ללא מלחים KERATIN,,0.00,100.00,false,1.00,29.90,0.00,true,0,
=======
7290017637426,false,שמפו למניעת קשקשים מיקי בוגנים 500 מל,סאסאטק אגשח בעמ - סאסא MB,IL,שמפו למניעת קשקשים ANTI DANDRUFF,,0.00,100.00,false,1.00,24.90,0.00,true,0,
7290017637532,false,שמפו לשיער בלונד בהיר מיקי בוגנים 500 מל,סאסאטק אגשח בעמ - סאסא MB,IL,שמפו לשיער בלונד/בהיר BLOND,,0.00,100.00,false,1.00,39.90,0.00,true,0,
7290017637549,false,מרכך לשיער בלונד בהיר מיקי בוגנים 500 מל,סאסאטק אגשח בעמ - סאסא MB,IL,מרכך לשיער בלונד/בהיר BLOND,,0.00,100.00,false,1.00,39.90,0.00,true,0,
7290017637556,false,שמפו CLEANSING לקרקפת שומנית מיקי בוגנים,סאסאטק אגשח בעמ - סאסא MB,IL,שמפו לקרקפת שומנית CLEANSING,,0.00,100.00,false,1.00,24.90,0.00,true,0,
7290017637563,false,שמפו לתלתלים מושלמים 500 מל מיקי בוגנים,סאסאטק אגשח בעמ - סאסא MB,IL,שמפו לתלתלים מושלמים CURLS,,0.00,100.00,false,1.00,24.90,0.00,true,0,
7290017637570,false,מרכך לתלתלים מושלמים 500 מל מיקי בוגנים,סאסאטק אגשח בעמ - סאסא MB,IL,מרכך לתלתלים מושלמים CURLS,,0.00,100.00,false,1.00,24.90,0.00,true,0,
7290017637587,false,קרם CURLS לתלתלים מושלמים מיקי בוגנים 20,סאסאטק אגשח בעמ - סאסא MB,IL,קרם לתלתלים מושלמים CURLS,,0.00,100.00,false,1.00,27.90,0.00,true,0,
7290017637594,false,שמפו יומיומי זיכרונות מתוקים 500 מל,סאסאטק אגשח בעמ - סאסא MB,IL,שמפו לשיער רגיל SWEET MEMORIES EVERDAY,,0.00,100.00,false,1.00,24.90,0.00,true,0,
7290017637600,false,מרכך יומיומי זיכרונות מתוקים 500 מל,סאסאטק אגשח בעמ - סאסא MB,IL,מרכך לשיער רגיל SWEET MEMORIES EVERDAY,,0.00,100.00,false,1.00,24.90,0.00,true,0,
7290017637624,false,מרכך יומיומי יסמין קסום 500 מל בוגנים,סאסאטק אגשח בעמ - סאסא MB,IL,שמפו לשיער רגיל MAGICAL JASMINE EVERDAY,,0.00,100.00,false,1.00,24.90,0.00,true,0,
7290017637631,false,מרכך יומיומי יסמין קסום 500 מל בוגנים,סאסאטק אגשח בעמ - סאסא MB,IL,מרכך לשיער רגיל MAGICAL JASMINE EVERDAY,,0.00,100.00,false,1.00,24.90,0.00,true,0,
7290017637648,false,מסיכת הזנה לשיער רגיל מיקי בוגנים 250 מ,סאסאטק אגשח בעמ - סאסא MB,IL,מסיכת הזנה לשיער רגיל MAGICAL JASMINE EVERDAY,,0.00,100.00,false,1.00,27.90,0.00,true,0,
7290017637655,false,שמפו קרטין ללא מלח מיקי בוגנים 500 מל,סאסאטק אגשח בעמ - סאסא MB,IL,שמפו ללא מלחים KERATIN,,0.00,100.00,false,1.00,29.90,0.00,true,0,
7290017637662,false,שמפו שימר להדגשת גוונים בהיר מיקי בוגנים 500 מל,סאסטק מיקי בוגנים,IL,שמפו להדגשת גוונים זהובים SHIMMER,,0.00,100.00,false,1.00,24.90,0.00,true,0,
7290017637679,false,מרכך שימר להדגשת גוונים בהיר מיקי בוגנים 500 מל,סאסטק מיקי בוגנים,IL,מרכך להדגשת גוונים זהובים SHIMMER,,0.00,100.00,false,1.00,24.90,0.00,true,0,
7290017637761,false,מרכך לשיער ללא מלחים 500מל מיקי בוגנים,סאסאטק אגשח בעמ - סאסא MB,IL,מרכך ללא מלחים KERATIN,,0.00,100.00,false,1.00,29.90,0.00,true,0,
>>>>>>> d048ac2f4f281c9d788043ab4e81b61b0dbe3743
7290017871370,false,פמילי יהלום- סבון ידיים מועשר בשמן אבוקדו לניקוי וטיפוח עור הידיים,המאפיה של הרמן,TR,סבון לניקוי וטיפוח עור הידיים מועשר בשמן אבוקדו,,0.00,100.00,false,1.00,10.90,0.00,true,0,
7290017872001,false,"קרם החתלה פרשוואנס שמן זית ופרופוליס 100 סמ""ק","דנשר (1963) בע,מ",IL,קרם החתלה לתינוק שמן זית ופרופוליס,,0.00,0.00,false,1.00,12.90,0.12,true,0,
7290017872018,false,"קרם החתלה פרשוואנס קמומיל וקלנדולה 100 סמ""ק","דנשר (1963) בע,מ",IL,קרם החתלה לתינוק קמומיל וקלנדולה,,0.00,0.00,false,1.00,12.90,0.12,true,0,
7290017872056,false,פמלי אל סבון 3*1 הסדרה הלבנה-מעורב 500 גרם*3,אברנסל קוסמטיקס,TR,אל סבון מפנק מעורב קמומיל/מאסק/קוקוס,,0.00,1.00,false,1.00,16.90,11.26,true,0,
7290017872070,false,מארז מגבונים לחים בניחוח מרענן פרש וואנס שלישייה,"ווטנפס בע""\מn\",IL,מגבונים לחים בניחוח מרענן נטורל קייר,,0.00,0.00,false,1.00,12.90,4.30,true,0,
7290017872230,false,פרש וונס מגבונים נטורל 100 יח דיספנסר,פרש וואנס Fresh Ones,IL,מגבונים לחים בניחוח מרענן נטורל עם דיספנסר,,0.00,0.00,false,1.00,10.90,0.10,true,0,
7290017872957,false,אדג' - מכשיר גילוח רב פעמי ידית + 3 סכינים לעור רגיש,"דנשר (1963) בע,מ",US,מכשיר גילוח רב פעמי ידית+ 3 סכינים לעור רגיש,,0.00,0.00,false,1.00,69.90,69.90,true,0,
7290017872964,false,אדג' - מכשיר גילוח רב פעמי ידית + 3 סכינים לחות מוגברת,"דנשר (1963) בע,מ",US,מכשיר גילוח רב פעמי ידית+ 3 סכינים לחות מוגברת,,0.00,0.00,false,1.00,69.90,69.90,true,0,
7290017872971,false,אדג' - 4 סכיני גילוח לעור רגיש,"דנשר (1963) בע,מ",US,סכיני גילוח לעור רגיש,,0.00,0.00,false,1.00,49.90,12.47,true,0,
7290017872988,false,אדג' - 4 סכיני גילוח לחות מוגברת,"דנשר (1963) בע,מ",US,סכיני גילוח לחות מוגברת,,0.00,0.00,false,1.00,49.90,12.47,true,0,
7290017873152,false,"זוג דאק נוזל לאסלות בניחוח ים 750X2 מ""ל",דנשר,NL,ג'ל לניקוי מתקדם ניחוח לבנדר,,0.00,100.00,false,1.00,19.90,0.00,true,0,
7290017917030,false,"ד""ר פישר - אולטרסול ספריי שמן קוקוס 200 מ""ל 20SPF",פישר מעבדות פרמצבטיות,IL,ספריי שמן SPF20 שמן קוקוס,,0.00,100.00,false,1.00,39.90,0.00,true,0,
7290017917054,false,יולקטין קרם כף רגל טיפולי אקסטרה 15%,מדי פישר,IL,קרם כף רגל טיפולי אקסטרה 15%,,0.00,100.00,false,1.00,79.90,0.00,true,0,
7290017917085,false,"ד""ר פישר - יולקטין חמאת גוף טיפולית 200 מ""ל",מדי פישר,IL,חמאת גוף טיפולית לעור יבש במיוחד,,0.00,100.00,false,1.00,59.90,0.00,true,0,
7290017917108,false,אולטרסול FREE תחליב הגנה לילדים SPF50,פישר תעשיות,IL,FREE KIDS תחליב הגנה לילדים SPF50 לעור רגיש,,0.00,100.00,false,1.00,59.90,0.00,true,0,
7290017917184,false,אולטרסול גל אלוורה פורטה 200 מל,פישר תעשיות,IL,ג'ל אלוורה פורטה לטיפול והרגעה מיידית,,0.00,100.00,false,1.00,39.90,0.00,true,0,
7290017917382,false,אל סבון היגייני לניקוי יסודי ולהרגע העור clean & calm,"פישר תעשיות פרמבצטיות בע""מ",IL,אל סבון היגייני לניקוי יסודי ולהרגעת העור מועשר בויטמין E ובתמצית אלוורה,,0.00,1.00,false,1.00,14.90,14.90,true,0,
7290017917399,false,מגבונים לסיוע בטיפול ובמניעת תפרחת חיתולים קמיל בלו,"פישר תעשיות פרמצביטות בע""מ",IL,סנסיטיב מגבונים לסיוע בטיפול ובמניעת תפרחת חיתולים,,0.00,0.00,false,1.00,14.90,0.14,true,0,
7290017917450,false,קמיל בלו סנסיטיב אל סבון ושמפו לתינוק קמומיל ואלוורה,"פישר תעשיות פרמצביטות בע""מ",IL,סנסיטיב אל סבון ושמפו לתינוק מועשר בצמחי מרפא,,0.00,1.00,false,1.00,32.90,32.90,true,0,
7290017917467,false,קמיל בלו סנסטי בשיבולת שועל אל סבון טיפולי לתינוק,"פישר תעשיות פרמצביטות בע""מ",IL,סנסיטיב שיבולת שועל אל סבון טיפולי לתינוק,,0.00,1.00,false,1.00,32.90,32.90,true,0,
7290017917528,false,אלכוגל ספריי 30 מל במתלה לתיק,מדי פישר,IL,אלכו-ג'ל ספריי לשמירה על היגיינת הידיים SENSITIVE +מתלה לתיק,,0.00,100.00,false,1.00,19.90,0.00,true,0,
7290017917542,false,"ד""ר פישר שמפו בלונד ללא תוספת מלחים 400 מ""ל","פישר תעשיות פרמצביטות בע""מ",IL,BLOND שמפו לשיער בהיר-בלונדיני ללא תוספת מלח,,0.00,100.00,false,1.00,39.90,0.00,true,0,
7290017917559,false,ד.פישר בלונד מסכת הזנה לשיער בהיר 300 מל,פישר תעשיות פרמבצטיות בעמ,IL,BLOND מסכת הזנה לשיער בהיר-בלונדיני,,0.00,100.00,false,1.00,39.90,0.00,true,0,
7290017917566,false,ד.פישר סילבר שמפו לשיער כסוף ללא מלח,פישר תעשיות פרמצבטיות בעמ,IL,SILVER שמפו לשיער כסוף ללא תוספת מלח,,0.00,100.00,false,1.00,39.90,0.00,true,0,
7290017917573,false,אולטרסול קידס ספריי תחליבי SPF50 200,פישר מעבדות פרמצבטיות בע,IL,ספריי תחליבי לילדים 50,,0.00,100.00,false,1.00,54.90,0.00,true,0,
7290017917580,false,אולטרסול ספקטרום קרם פנים +50 50 מל,פישר מעבדות פרמצבטיות בע,IL,אולטרסול ספקטרום קרם פנים +SPF50,,0.00,100.00,false,1.00,59.90,0.01,true,0,
7290017917597,false,אולטרסול ספקטרום תחליב גוף +50 200 מל,פישר מעבדות פרמצבטיות בע,IL,ספקטרום תחליב הגנה +SPF50,,0.00,100.00,false,1.00,69.90,0.00,true,0,
7290017917603,false,"ד""ר פישר - אולטרסול ספקטרום ספריי שקוף 200 מ""ל 50SPF+",פישר מעבדות פרמצבטיות בע,IL,ספקטרום ספריי שקוף +SPF50,,0.00,100.00,false,1.00,69.90,0.00,true,0,
7290017917610,false,אולטרסול ספקטרום ספריי תחליבי +50 200 מל,פישר מעבדות פרמצבטיות בע,IL,ספקטרום ספריי תחליבי +SPF50,,0.00,100.00,false,1.00,69.90,0.00,true,0,
7290017917757,false,"ד""ר פישר EFFECTIVE CARE קרם גוף בשמן כותנה 450 מ""ל","פישר תעשיות פרמצביטות בע""מ",IL,קרם גוף מועשר בשמן כותנה,,0.00,100.00,false,1.00,24.90,0.00,true,0,
7290017917764,false,"ד""ר פישר - אפקטיב קר קרם גוף מועשר בשמן ארגן 450 מ""ל",פישר תעשיות פרמצבטיות בעמ,IL,קרם גוף מועשר בשמן ארגן,,0.00,100.00,false,1.00,24.90,0.00,true,0,
7290017917931,false,יולקטין קרם ידיים טיפולי פורטה 10%,מדי פישר,IL,קרם ידיים טיפולי פורטה 10%,,0.00,0.00,false,1.00,49.90,0.49,true,0,
7290017917986,false,"ד""ר פישר - אולטרסול בייבינטורל תחליב גוף 125 מ""ל 50SPF+",פישר תעשיות פרמבצטיות בעמ,IL,בייבינטורל תחליב הגנה לתינוק +SPF50,,0.00,100.00,false,1.00,59.90,0.00,true,0,
7290017917993,false,אולטרסול FREE ספריי שקוף SPF50 200,מדי פישר,IL,FREE ספריי שקוף 50SPF,,0.00,100.00,false,1.00,59.90,0.00,true,0,
<<<<<<< HEAD
7290017928449,false,שטוחלה פרו מלח מאיר בייגל 170 גרם,מאיר את בייגל,IL,בייגלה שטוח'לה PRO עם מלח,,0.00,100.00,false,1.00,11.90,0.00,true,0,
7290017928746,false,פירורי בייגלה מאיר בייגל 200 גרם,מאיר בייגל,IL,פירורי בייגלה,,0.00,100.00,false,1.00,5.00,0.00,true,0,
7290017946283,false,דיאדרמין מים מסילרים לעור רגיל 3 ב-1,הנקל סוד,SI,מים מסילרים לעור רגיל 3 ב-1,,0.00,100.00,false,1.00,39.90,0.00,true,0,
7290017946979,false,פרסיל גל לכביסה דיפ קלין מנטרל ריחות 2.4,"הנקל סוד בע""\מ",IL,ג'ל לכביסה פעולת היגיינה ונטרול ריחות לא נעימים,,0.00,1.00,false,1.00,36.90,15.37,true,0,
=======
7290017928449,false,בייגלה שטוחלה פרו מלח 170 גר`מאיר בייגל,מאיר את בייגל,IL,בייגלה שטוח'לה PRO עם מלח,,0.00,100.00,false,1.00,11.90,0.00,true,0,
7290017928746,false,פירורי בייגלה מאיר בייגל 200 גרם,"דנשר (1963) בע,מ",IL,פירורי בייגלה,,0.00,100.00,false,1.00,5.00,0.00,true,0,
7290017946283,false,דיאדרמין מים מסילרים לעור רגיל 3 ב-1,הנקל סוד,SI,מים מסילרים לעור רגיל 3 ב-1,,0.00,100.00,false,1.00,39.90,0.00,true,0,
7290017946979,false,פרסיל גל לכביסה דיפ קלין מנטרל ריחות 2.4,גורי שיווק בעמ,IL,ג'ל לכביסה פעולת היגיינה ונטרול ריחות לא נעימים,,0.00,1.00,false,1.00,36.90,15.37,true,0,
>>>>>>> d048ac2f4f281c9d788043ab4e81b61b0dbe3743
7290018043592,false,אול אין משקה מי חלבון בטעם אפרסק-500 מל,שטיינרייזר גטראנקה,IT,אול אין משקה מי חלבון בטעם אפרסק,,0.00,100.00,false,1.00,15.90,0.00,true,0,
7290018043608,false,אול אין משקה מי חלבון פירות יער -500 מל,שטיינרייזר גטראנקה,IT,אול אין משקה מי חלבון בטעם פירות יער,,0.00,100.00,false,1.00,15.90,0.00,true,0,
7290018080061,false,מברשת אצבע דו צדדית מסיליקון,מאמי קר Mommy Care,CN,מברשת אצבע דו צדדית מסיליקון לצחצוח השיניים ועיסוי החניכיים,,0.00,0.00,false,1.00,19.90,0.00,true,0,
7290018080160,false,מאמי קר מגבוני קלנדולה היפואלרגנים *4,מאמי קר,IL,מגבוני קלנדולה היפואלרגנים,,0.00,0.00,false,1.00,23.90,5.97,true,0,
7290018080252,false,מאמי קר משחת החתלה טיפולית פורטה 80 מל,מאמי קר Mommy Care,IL,משחת החתלה טיפולית פורטה למניעה וטיפול בתפרחת חיתולים,,0.00,100.00,false,1.00,34.90,0.00,true,0,
7290018080276,false,מאמי קר רפידות הנקה 60 יחידות,מאמי קר Mommy Care,CN,רפידות הנקה חד פעמיות,,0.00,0.00,false,1.00,49.90,0.83,true,0,
7290018080511,false,מאמי קייר שמפו קמומיל לתינוק 400 מל,מאמי קר Mommy Care,IL,שמפו קמומיל עדין לתינוק,,0.00,100.00,false,1.00,35.90,0.00,true,0,
7290018080528,false,מאמי קייר סבון קמומיל לתינוק 400 מל,General,IL,סבון קמומיל עדין לתינוק,,0.00,100.00,false,1.00,35.90,0.00,true,0,
7290018080542,false,מאמי קר מברשת שיניים בננה מסיליקון,General,CN,מברשת בננה מסיליקון לצחצוח השיניים,,0.00,0.00,false,1.00,39.90,0.00,true,0,
7290018080559,false,מאמי קר מברשת שיניים מסיליקון לתינוק,General,CN,מברשת שיניים לתינוק מסיליקון רך ואיכותי,,0.00,0.00,false,1.00,28.90,0.00,true,0,
7290018080702,false,מאמי קר תרמוס נירוסטה 580 מל,General,CN,תרמוס נירוסטה,,0.00,0.00,false,1.00,119.00,0.00,true,0,
7290018104002,false,פיליפס ONE BLADE מכשיר לפנים ולגוף 60,כמיפל,ID,"ONE BLADE, מכשיר לעיצוב זיפים וגילוח לפנים ולגוף 60 דקות פעולה",,0.00,0.00,false,1.00,339.90,0.00,true,0,
7290018104675,false,פיליפס ONE BLADE מכשיר פנים וגוף 30,כמיפל,ID,"ONE BLADE, מכשיר לעיצוב זיפים וגילוח פנים וגוף 30 דקות פעולה",,0.00,0.00,false,1.00,249.90,0.00,true,0,
7290018132067,false,נאן סופרים שלב 1 700 גרם,מטרנה תעשיות ש.מ,IL,סופרים תרכובת מזון לתינוקות שלב 1,,0.00,100.00,false,1.00,92.90,0.00,true,0,
7290018132081,false,נאן סופרים שלב 3 700 גרם,מטרנה תעשיות ש.מ,IL,סופרים תרכובת מזון המשך לפעוטות שלב 3,,0.00,100.00,false,1.00,64.90,0.00,true,0,
7290018132104,false,נאן סופרים שלב 2 700 גרם,מטרנה תעשיות ש.מ,IL,סופרים תרכובת מזון המשך לתינוקות שלב 2,,0.00,100.00,false,1.00,92.90,0.00,true,0,
7290018132340,false,"מטרנה גולד בד""ץ שלב 1 700 גרם",קבוצת אוסם סחר שותפות מוגבלת,IL,"גולד תרכובת מזון לתינוקות על בסיס חלבי שלב 1 כשרות בד""ץ",,0.00,100.00,false,1.00,74.90,0.00,true,0,
7290018132388,false,"מטרנה גולד בד""ץ שלב 2 700 גרם",קבוצת אוסם סחר שותפות מוגבלת,IL,"גולד תרכובת מזון המשך לתינוקות על בסיס חלבי שלב 2 כשרות בד""ץ",,0.00,100.00,false,1.00,74.90,0.00,true,0,
7290018132425,false,מטרנה גולד בדץ שלב 3 700 גרם,קבוצת אוסם סחר שותפות מוגבלת,IL,"גולד תרכובת מזון המשך לפעוטות על בסיס חלבי שלב 3 כשרות בד""ץ",,0.00,100.00,false,1.00,74.90,0.00,true,0,
7290018132463,false,מטרנה גולד TO GO שלב 1 בדץ,אסם,IL,"גולד תרכובת מזון לתינוקות על בסיס חלבי שלב 1 כשרות בד""ץ מארז TO GO",,0.00,100.00,false,1.00,14.90,0.00,true,0,
7290018132487,false,"מטרנה גולד טו גו שלב 2 135גר בד""ץ",קבוצת אוסם סחר-שות.מוגבלת,IL,"גולד תרכובת מזון המשך לתינוקות על בסיס חלבי שלב 2 כשרות בד""ץ מארז TO GO",,0.00,100.00,false,1.00,14.90,0.00,true,0,
7290018156018,false,אולטרסול FREE קידס ספריי שקוף SPF50 200,פישר מעבדות פרמצבטיות בע,IL,FREE ספריי שקוף לילדים SPF50,,0.00,100.00,false,1.00,59.90,0.00,true,0,
7290018156056,false,"ד""ר פישר - אולטרסול סטיק לפנים להגנה מהשמש 13 גרם",פישר מעבדות פרמצבטיות בע,IL,סטיק לפנים להגנה מהשמש +SPF50,,0.00,100.00,false,1.00,49.90,0.03,true,0,
7290018156063,false,"ד""ר פישר - אולטרסול קידס סטיק לפנים לילדים 13 גרם",פישר תעשיות פרמבצטיות בעמ,IL,סטיק לפנים לילדים להגנה מהשמש +50,,0.00,100.00,false,1.00,49.90,0.03,true,0,
7290018156087,false,"ד""ר פישר - סרקל אקטיב שמפו 450 מ""ל","פישר תעשיות פרמבצטיות בע""מ",IL,אקטיב שמפו טיפולי מחוזק להיגיינת השיער,,0.00,100.00,false,1.00,34.90,0.00,true,0,
7290018156094,false,"ד""ר פישר סרקל אקטיב מרכך 450 מ""ל","פישר תעשיות פרמבצטיות בע""מ",IL,אקטיב מרכך טיפולי מחוזק להיגיינת השיער,,0.00,100.00,false,1.00,34.90,0.00,true,0,
7290018156445,false,אולטרסול בייבי נטורל סטיק לתינוק להגנה50,מדי פישר,IL,בייבינטורל סטיק לתינוק להגנה מהשמש +SPF50,,0.00,100.00,false,1.00,49.90,0.03,true,0,
7290018156506,false,אולטרסול קרם פנים SPF50 טו גו 30 מל,General,IL,קרם פנים SPF50 טו גו,,0.00,100.00,false,1.00,19.90,0.00,true,0,
7290018156568,false,אולטרסול MED קרם פנים לחות SPF50+ 24H,מדי פישר,IL,קרם פנים לחות 24H להגנה גבוהה מאוד מהשמש +SPF50 לעור רגיש,,0.00,100.00,false,1.00,79.90,0.01,true,0,
7290018156575,false,אולטרסול MED תחליב גוף SPF50+,מדי פישר,IL,תחליב גוף להגנה גבוהה מאוד מהשמש +SPF50 לעור רגיש,,0.00,100.00,false,1.00,89.90,0.00,true,0,
7290018156582,false,אולטרסול MED קרם פנים משקם,מדי פישר,IL,קרם פנים משקם עוצמתי לאחר החשיפה לשמש לעור רגיש,,0.00,100.00,false,1.00,79.90,0.01,true,0,
7290018156612,false,יולקטין SEBO גל מקציף לפנים לעור רגיש,מדי פישר,IL,SEBO ג'ל מקציף לפנים לעור רגיש,,0.00,100.00,false,1.00,69.90,0.00,true,0,
7290018156629,false,יולקטין SEBO קרם יום לעור רגיש,מדי פישר,IL,SEBO קרם יום לעור רגיש,,0.00,100.00,false,1.00,99.90,0.01,true,0,
7290018156636,false,יולקטין SEBO קרם לילה לעור רגיש,מדי פישר,IL,SEBO קרם לילה לעור רגיש,,0.00,100.00,false,1.00,99.90,0.01,true,0,
7290018156735,false,"ד""ר פישר - יולקטין קרם ידיים משאבה 230 מ""ל",מדי פישר,IL,קרם ידיים טיפולי לטיפול אינטנסיבי והקלה מיידי,,0.00,100.00,false,1.00,72.90,0.00,true,0,
7290018156780,false,אלכו קרם היגיינת ידיים75,מדי פישר,IL,אלכו-ג'ל קרם ג'ל לשמירה על היגיינת הידיים מועשר בלחות 2ב1 פרש,,0.00,100.00,false,1.00,19.90,0.00,true,0,
7290018156834,false,אולטרסול ספורט MAX קרם פנים 50 SPF50,מדי פישר,IL,ספורט מקס קרם פנים לספורט ימי +SPF50,,0.00,100.00,false,1.00,49.90,0.00,true,0,
7290018156841,false,אולטרסול MED ספריי שקוף SPF50+,מדי פישר,IL,ספריי שקוף להגנה גבוהה מאוד מהשמש +SPF50 לעור רגיש,,0.00,100.00,false,1.00,89.90,0.00,true,0,
7290018156858,false,אולטרסול MED קרם פנים מינרלי SPF50+,מדי פישר,IL,קרם פנים מינרלי להגנה גבוהה מאוד מהשמש +SPF50 לעור רגיש,,0.00,100.00,false,1.00,79.90,0.01,true,0,
7290018182635,false,קרפרי מגן תחתון מקסי לארג 48 יח,פארמה דיל,IT,מגני תחתון פלוס לארג' ניחוח עדין,,0.00,0.00,false,1.00,14.90,0.31,true,0,
7290018343296,false,אלכוג`ל הגיינת הידיים 100 מלפישר,פישר תעשיות פרמצבטיות בעמ,IL,אלכו-ג'ל H - ג'ל לשמירת על היגיינת הידיים 70% אלכוהול,,0.00,0.00,false,1.00,9.90,0.09,true,0,
7290018343319,false,"ד""ר פישר שמפו לשיער מתולתל -400 מ""ל PERFECT CURLS",פישר תעשיות פרמצבטיות בעמ,IL,PERFECT CURLS שמפו לשיער מתולתל,,0.00,100.00,false,1.00,29.90,0.00,true,0,
7290018343326,false,"ד""ר פישר מרכך לשיער מתולתל -400 מ""ל PERFECT CURLS",פישר תעשיות פרמצבטיות בעמ,IL,PERFECT CURLS מרכך לשיער מתולתל,,0.00,100.00,false,1.00,29.90,0.00,true,0,
7290018343333,false,"ד""ר פישר - פרפקט קרלס מסכת הזנה לשיער מתולתל 300 מ""ל",פישר תעשיות פרמצבטיות בעמ,IL,PERFECT CURLS מסכת הזנה לשיער מתולתל,,0.00,100.00,false,1.00,20.00,0.00,true,0,
7290018343340,false,"ד""ר פישר - שמפו משקם לאחר החלקה ללא תוספת מלח 400 מ""ל","פישר תעשיות פרמבצטיות בע""מ",IL,SMOOTH&REPAIR שמפו משקם לאחר החלקה ללא תוספת מלח,,0.00,100.00,false,1.00,39.90,0.00,true,0,
7290018343357,false,"ד""ר פישר SMOOTH & REPAIR מרכך משקם לאחר החלקה או עיצוב בחום",פישר תעשיות פרמצבטיות בעמ,IL,SMOOTH&REPAIR מרכך משקם לאחר החלקה ללא תוספת מלח,,0.00,100.00,false,1.00,39.90,0.00,true,0,
7290018343364,false,"ד""ר פישר - מסכת הזנה משקמת לאחר החלקה ללא תוספת מלח 300 מ""ל",פישר תעשיות פרמבצטיות בעמ,IL,SMOOTH&REPAIR מסכת הזנה משקמת לאחר החלקה ללא תוספת מלח,,0.00,100.00,false,1.00,20.00,0.00,true,0,
7290018343388,false,"ספריי אלכו גל 100 מ""ל",מדי פישר,IL,אלכו-ג'ל ספריי לשמירה על היגיינת הידיים SENSITIVE,,0.00,0.00,false,1.00,19.90,0.19,true,0,
<<<<<<< HEAD
7290018343630,false,ד.פישר אפקטיב קר קרם גוף מועשר חמאת קקאו,פישר מעבדות פרמצבטיות בע,IL,קרם גוף מועשר בחמאת קקאו,,0.00,100.00,false,1.00,24.90,0.00,true,0,
7290018343692,false,פישר אלכוג'ל פרמה וויפס  70% אלכוהול – 60מגבונים,פישר תעשיות,IL,פארמה וויפס מגבונים אנטי בקטריאליים לניקוי ולחיטוי משטחים ואביזרים 70% אלכוהול גדולים ועבים במיוחד,,0.00,0.00,false,1.00,24.90,0.41,true,0,
7290018344101,false,חטיף חלבון בטעם קקאו וקפה 50 ג' VEG PROTEIN,טבע ירוק,IL,חטיף חלבון אפונה קקאו קפה,,0.00,0.00,false,1.00,10.00,0.20,true,0,
7290018440254,false,תה צ'אי קרמל מלוח 25 שקיקים ויסוצקי,תה ויסוצקי,IL,חווית הצ'אי קרמל מלוח,,0.00,0.00,false,1.00,24.90,0.00,true,0,
7290018440391,false,תה ירוק מאטה נענע גוארנה ויסוצקי 25 יחידות,תה ויסוצקי,IL,MATE תה ירוק מאטה נענע וגוארנה,,0.00,0.00,false,1.00,32.90,0.00,true,0,
7290018493021,false,"אל סבון לידיים ד""ר פישר מדקס 500 מ""ל",פישר תעשיות,IL,MEDEX אל סבון אקטיבי,,0.00,100.00,false,1.00,8.00,0.00,true,0,
7290018493045,false,"קרם ידיים מועשר בשמן קוקוס ד""ר פישר 100 מ""ל",פישר מעבדות פרמצבטיות,IL,קרם ידיים מועשר בשמן קוקוס הקלה מיידית לעור רגיל-יבש,,0.00,0.00,false,1.00,15.90,0.15,true,0,
7290018493069,false,"אפקטיב קר קרם ידייםמועשר בשמן כותנה ד""ר פישר 100 מ""ל",פישר מעבדות פרמצבטיות,IL,קרם ידיים מועשר בשמן כותנה,,0.00,0.00,false,1.00,15.90,0.15,true,0,
7290018493076,false,"אפקטיב קר קרם ידייםמועשר בשמן ארגן ד""ר פישר 100 מ""ל",פישר מעבדות פרמצבטיות,IL,קרם ידיים מועשר בשמן ארגן,,0.00,0.00,false,1.00,15.90,0.15,true,0,
7290018493083,false,"ד""ר פישר - מדקס אל סבון אקטיבי 1 ליטר",מדי פישר,IL,MEDEX אל סבון אקטיבי,,0.00,100.00,false,1.00,10.00,0.00,true,0,
=======
7290018343630,false,ד.פישר אפקטיב קר קרם גוף מועשר חמאת קקאו,פישר תעשיות פרמבצטיות בעמ,IL,קרם גוף מועשר בחמאת קקאו,,0.00,100.00,false,1.00,24.90,0.00,true,0,
7290018343692,false,פישר אלכוג'ל פרמה וויפס  70% אלכוהול – 60מגבונים,פישר תעשיות פרמבצטיות בעמ,IL,פארמה וויפס מגבונים אנטי בקטריאליים לניקוי ולחיטוי משטחים ואביזרים 70% אלכוהול גדולים ועבים במיוחד,,0.00,0.00,false,1.00,24.90,0.41,true,0,
7290018344101,false,חטיף חלבון בטעם קקאו וקפה 50 ג' VEG PROTEIN,אבאל יזמות בעמ,IL,חטיף חלבון אפונה קקאו קפה,,0.00,0.00,false,1.00,10.00,0.20,true,0,
7290018440254,false,תה צ'אי קרמל מלוח 25 שקיקים ויסוצקי,תה ויסוצקי (ישראל) בעמ,IL,חווית הצ'אי קרמל מלוח,,0.00,0.00,false,1.00,24.90,0.00,true,0,
7290018440391,false,תה ירוק מאטה נענע גוארנה ויסוצקי 25 יחידות,תה ויסוצקי (ישראל) בעמ,IL,MATE תה ירוק מאטה נענע וגוארנה,,0.00,0.00,false,1.00,32.90,0.00,true,0,
7290018493021,false,"אל סבון לידיים ד""ר פישר מדקס 500 מ""ל",פישר תעשיות פרמצבטיות בעמ,IL,MEDEX אל סבון אקטיבי,,0.00,100.00,false,1.00,8.00,0.00,true,0,
7290018493045,false,"קרם ידיים מועשר בשמן קוקוס ד""ר פישר 100 מ""ל",פישר תעשיות פרמבצטיות בעמ,IL,קרם ידיים מועשר בשמן קוקוס הקלה מיידית לעור רגיל-יבש,,0.00,0.00,false,1.00,15.90,0.15,true,0,
7290018493069,false,"אפקטיב קר קרם ידייםמועשר בשמן כותנה ד""ר פישר 100 מ""ל",פישר תעשיות פרמצבטיות בעמ,IL,קרם ידיים מועשר בשמן כותנה,,0.00,0.00,false,1.00,15.90,0.15,true,0,
7290018493076,false,"אפקטיב קר קרם ידייםמועשר בשמן ארגן ד""ר פישר 100 מ""ל",פישר תעשיות פרמצבטיות בעמ,IL,קרם ידיים מועשר בשמן ארגן,,0.00,0.00,false,1.00,15.90,0.15,true,0,
7290018493083,false,"ד""ר פישר - מדקס אל סבון אקטיבי 1 ליטר",פישר תעשיות,IL,MEDEX אל סבון אקטיבי,,0.00,100.00,false,1.00,10.00,0.00,true,0,
>>>>>>> d048ac2f4f281c9d788043ab4e81b61b0dbe3743
7290018493151,false,אולטרסול FREE קידס ספריי שקוף SPF50 200,מדי פישר,IL,FREE ספריי שקוף לילדים SPF50,,0.00,100.00,false,1.00,59.90,0.00,true,0,
7290018493359,false,ד.פישר אפקטיב קר קרם גוף מועשר בשמן המפ,"פישר תעשיות פרמבצטיות בע""מ",IL,קרם גוף מועשר בשמן המפ,,0.00,100.00,false,1.00,24.90,0.00,true,0,
7290018493571,false,אולטרסול רול און להגנה מהשמשSPF+50 ספורט,General,IL,רול און להגנה מהשמש 50+SPF ספורט מקס,,0.00,100.00,false,1.00,39.90,0.00,true,0,
7290018493588,false,אולטרסול רול און להגנה מהשמש50+SPF ילדים,General,IL,רול און להגנה מהשמש 50+SPF לילדים,,0.00,100.00,false,1.00,39.90,0.00,true,0,
7290018493700,false,"סבון ידיים ויטמינים לילדים כחול 500 מ""ל ד""ר פישר",פישר תעשיות פרמבצטיות בעמ,IL,KIDS אל סבון ויטמינים לידיים - בריח האהוב,,0.00,100.00,false,1.00,12.90,0.00,true,0,
7290018493724,false,קידס אל סבון ויטמינים ליידים- ירוק מלון,פישר תעשיות פרמבצטיות בעמ,IL,KIDS אל סבון ויטמינים לידיים - בריח מלון,,0.00,100.00,false,1.00,12.90,0.00,true,0,
7290018493885,false,"ד""ר פישר - סרקל מרכך 750 מ""ל",פישר תעשיות פרמצבטיות בעמ,IL,מרכך לילדים - משאבה,,0.00,100.00,false,1.00,19.90,0.00,true,0,
7290018493915,false,"ד""ר פישר - שמן גוף לתינוק מעושר בשמן שקדים 200 מ""ל",פישר תעשיות פרמצבטיות בעמ,IL,סנסיטיב שמן גוף לתינוק מועשר בשמן שקדים,,0.00,100.00,false,1.00,17.90,0.00,true,0,
7290018510629,false,417- מארז הכרות קרם ידיים + קרם רגליים,שסטוביץ,IL,מארז היכרות קרם ידיים + קרם רגליים,,0.00,0.00,false,1.00,29.90,0.00,true,0,
7290018516324,false,פאוץ' פרינוק תפוח עץ עם שיבולת שועל 120 גרם,גורי מוצרי צריכה (1991) בעמ,CZ,ארוחת תפוח עץ עם שיבולת שועל,,0.00,100.00,false,1.00,5.50,0.00,true,0,
7290018516331,false,פאוץ' פרינוק תפוח בננה ושיבולת שועל 120 גרם,גורי מוצרי צריכה (1991) בעמ,CZ,ארוחת תפוח עץ ובננה עם שיבולת שועל,,0.00,100.00,false,1.00,5.50,0.00,true,0,
7290018516348,false,מחית פרינוק פאוץ' שיבולת שועל סלט פירות 120 גרם,גורי מוצרי צריכה (1991) בעמ,CZ,ארוחת סלט פירות עם שיבולת שועל,,0.00,100.00,false,1.00,5.50,0.00,true,0,
7290018516355,false,מחיט תפוח עץ ושבולות שועל 190 ג' פרינוק גוניור,גורי מוצרי צריכה (1991) בעמ,CZ,ארוחת תפוח עץ עם שיבולת שועל,,0.00,100.00,false,1.00,6.50,0.00,true,0,
7290018516362,false,מחיט תפוח עץ בננה ושבולות שועל 190 ג' פרינוק גוניור,גורי מוצרי צריכה (1991) בעמ,CZ,ארוחת תפוח עץ ובננה עם שיבולת שועל,,0.00,100.00,false,1.00,6.50,0.00,true,0,
7290018516379,false,מחיט סלט פירות ושבולות שועל 190 ג' פרינוק גוניור,גורי מוצרי צריכה (1991) בעמ,CZ,ארוחת סלט פירות עם שיבולת שועל,,0.00,100.00,false,1.00,6.50,0.00,true,0,
7290018830000,false,סאן אנד שיין -קרם הגנה מינרלי 50+SPF,K-CARE,US,קרם הגנה מינרלי +SPF50,,0.00,100.00,false,1.00,89.90,0.01,true,0,
7290018830048,false,סאן & שיין מוס הגנה מינרלי 50+ SPF,K-CARE,US,מוס הגנה מינרלי לעור הפנים והגוף +SPF50,,0.00,100.00,false,1.00,99.00,0.00,true,0,
7290018830192,false,קייקר מארז רולר לפנים+ אבן גוואשה,K-CARE,CN,מארז רולר דו צדדי ואבן גוואשה העשויים רוז קוורץ K&Care Organics,,0.00,0.00,false,1.00,159.90,0.00,true,0,
7290018830598,false,בוטאו קרם הגנה מנרלי לתינוקות וילדים,K-CARE,IL,קרם הגנה מינרלי לתינוקות וילדים,,0.00,100.00,false,1.00,89.90,0.01,true,0,
7290018830635,false,בוטאו קצף הגנה מנרלי בייבי,K-CARE,IL,קצף הגנה מינרלי בייבי,,0.00,0.00,false,1.00,99.00,0.99,true,0,
7290018830710,false,מארז שמן ויטמין C + שמן ויטמין E 32000,K-CARE,US,מארז שמן ויטמין C + שמן ויטמין E לשגרת טיפוח לילה,,0.00,0.00,false,1.00,268.90,0.00,true,0,
7290018830796,false,בוטאו משחת החתלה,K-CARE,IL,משחת החתלה,,0.00,100.00,false,1.00,49.90,0.00,true,0,
7290018830833,false,בוטאו קצף הגנה מנרלי קידס,K-CARE,IL,קצף הגנה מינרלי קידס,,0.00,0.00,false,1.00,99.00,0.99,true,0,
7290018830918,false,מארז סרום ויטמין C + שמן ויטמין E 32000,K-CARE,US,מארז סרום ויטמין C + שמן ויטמין E לשגרת טיפוח לילה,,0.00,0.00,false,1.00,249.90,0.00,true,0,
7290018830963,false,בוטאו שמפו קצף לשיער וקרקפת התינוק,K-CARE,IL,שמפו קצף לשיער וקרקפת התינוק,,0.00,100.00,false,1.00,59.90,0.00,true,0,
7290018830994,false,בוטאו משחת שיניים לילדים לשיני חלב - תות,K-CARE,IL,משחת שיניים לילדים לשני חלב בטעם תות,,0.00,100.00,false,1.00,35.90,0.00,true,0,
7290018893296,false,עוגיות חמאה מצופות שוקולד בעיטורי שוקולד לבן 100 ג',דיסטרופר אוליבייר,RO,עוגיות חמאה מצופות שוקולד חלב מעולה בעיטורי שוקולד לבן,,0.00,0.00,false,1.00,11.90,0.11,true,0,
7290018921029,false,"ד""ר פישר - קמיל בלו מגבוני סנסיטיב 64 יח' * 4","פישר תעשיות פרמבצטיות בע""מ",IL,"סנסיטיב מגבונים רכים, עבים ועדינים",,0.00,0.00,false,1.00,21.90,0.00,true,0,
7290018921043,false,קמיל בלו סנס.אלסבון TO GO ורוד 100 מל,מדי פישר,IL,סנסיטיב אל סבון עדין לתינוק TO GO,,0.00,0.00,false,1.00,9.90,0.09,true,0,
7290018921203,false,"קמיל בלו קרם החתלה קמומיל 120 ג' ד""ר פישר","פישר תעשיות פרמבצטיות בע""מ",IL,קרם החתלה קמומיל,,0.00,100.00,false,1.00,18.90,0.00,true,0,
7290018921241,false,קמיל בלו סנסיטיב שמפו TO GO 100 מל,מדי פישר,IL,סנסיטיב שמפו לתינוק TO GO,,0.00,0.00,false,1.00,9.90,0.09,true,0,
7290018921265,false,"תחליב רחצה מועשר בתמצית אלוורה 700 מ""ל אפקטיב קר","פישר תעשיות פרמצבטיות בע""מ",IL,תחליב רחצה לגוף מועשר בתמצית אלוורה,,0.00,100.00,false,1.00,17.90,0.00,true,0,
7290018921449,false,קמיל בלו מגבונים תפרחת חיתולים רביעייה,"פישר תעשיות פרמבצטיות בע""מ",IL,"סנסיטיב מגבונים רכים, עבים ועדינים - מסייעים במניעת תפרחת חיתולים",,0.00,0.00,false,1.00,24.90,0.00,true,0,
7290018921456,false,"ד""ר פישר - אפקטיב קר תחליב רחצה שמן כותנה 700 מ""ל","פישר תעשיות פרמבצטיות בע""מ",IL,תחליב רחצה לגוף מועשר בשמן כותנה,,0.00,100.00,false,1.00,17.90,0.00,true,0,
7290018921609,false,"ד""ר פישר - קמיל בלו קרם החתלה קלנדולה 120 גרם","פישר תעשיות פרמצבטיות בע""מ",IL,קרם החתלה קלנדולה,,0.00,100.00,false,1.00,21.90,0.00,true,0,
7290018921630,false,סרקל שמפו לילדים TO-GO 100 מל,מדי פישר,IL,שמפו רוזמרין לילדים TO GO,,0.00,0.00,false,1.00,9.90,0.09,true,0,
7290018921807,false,"קמיל בלו משחת החתלה צמחי מרפא 120 ג' ד""ר פישר","פישר תעשיות פרמצבטיות בע""מ",IL,קרם החתלה צמחי מרפא,,0.00,100.00,false,1.00,21.90,0.00,true,0,
7290018921838,false,סרקל מרכך לילדים TO-GO 100 מל,מדי פישר,IL,מרכך רוזמרין לילדים TO GO,,0.00,0.00,false,1.00,9.90,0.09,true,0,
<<<<<<< HEAD
7290018921852,false,"תחליב רחצה מועשר בשמן ארגן 700 מ""ל אפקטיב קר",פישר מעבדות פרמצבטיות בע,IL,תחליב רחצה לגוף מועשר בשמן ארגן,,0.00,100.00,false,1.00,17.90,0.00,true,0,
7290019074090,false,"ד""ר פישר - קמיל בלו אקסטרה סופט אל סבון לתינוק 500 מ""ל",פישר מעבדות פרמצבטיות בע,IL,EXTRA SOFT אל סבון לתינוק,,0.00,100.00,false,1.00,22.90,0.00,true,0,
=======
7290018921852,false,"תחליב רחצה מועשר בשמן ארגן 700 מ""ל אפקטיב קר","פישר תעשיות פרמצבטיות בע""מ",IL,תחליב רחצה לגוף מועשר בשמן ארגן,,0.00,100.00,false,1.00,17.90,0.00,true,0,
7290019074090,false,"ד""ר פישר - קמיל בלו אקסטרה סופט אל סבון לתינוק 500 מ""ל","פישר תעשיות פרמצביטות בע""מ",IL,EXTRA SOFT אל סבון לתינוק,,0.00,100.00,false,1.00,22.90,0.00,true,0,
>>>>>>> d048ac2f4f281c9d788043ab4e81b61b0dbe3743
7290019074199,false,אולטרסול ספריי שמן אגוזים ובקבוק משאבה,מדי פישר,IL,ספריי שמן אגוזים בבקבוק משאבה 20SPF,,0.00,100.00,false,1.00,39.90,0.00,true,0,
7290019074250,false,אפקטיב קר תחליב רחצה לידיים - שמן אלוורה,מדי פישר,IL,תחליב רחצה לידיים מועשר בשמן אלוורה,,0.00,100.00,false,1.00,11.90,0.00,true,0,
7290019074298,false,"ד""ר פישר - קמיל בלו אקסטרה סופט שמפו לתינוק 500 מ""ל","פישר תעשיות פרמצביטות בע""מ",IL,EXTRA SOFT שמפו לתינוק,,0.00,100.00,false,1.00,22.90,0.00,true,0,
7290019074380,false,אולטרסול רול און להגנה מהשמש 50+SPF,General,IL,רול און להגנה מהשמש 50+SPF,,0.00,100.00,false,1.00,39.90,0.00,true,0,
7290019074441,false,אולטרסול ספריי שמן גזר בקבוק משאבה SPF20,מדי פישר,IL,ספריי שמן גזר בבקבוק משאבה 20SPF,,0.00,100.00,false,1.00,39.90,0.00,true,0,
7290019074458,false,אפקטיב קר תחליב רחצה לידיים - שמן שקדים,מדי פישר,IL,תחליב רחצה לידיים מועשר בשמן שקדים,,0.00,100.00,false,1.00,11.90,0.00,true,0,
7290019074502,false,קמיל בלו NATURE קרם גוף לתינוק שפופרת 24,פישר תעשיות פרמבצטיות בעמ,IL,NATURE קרם גוף לתינוק,,0.00,100.00,false,1.00,24.90,0.00,true,0,
7290019074656,false,אפקטיב קר תחליב רחצה לידיים - שמן כותנה,מדי פישר,IL,תחליב רחצה לידיים מועשר בשמן כותנה,,0.00,100.00,false,1.00,11.90,0.00,true,0,
7290019074885,false,"ד""ר פישר - קמיל בלו אקסטרה סופט קרם גוף לתינוק 500 מ""ל","פישר תעשיות פרמצביטות בע""מ",IL,EXTRA SOFT קרם גוף לתינוק,,0.00,100.00,false,1.00,29.90,0.00,true,0,
7290019075004,false,אולטרסול גל הגנה שקוף לפנים SPF50 50,מדי פישר,IL,ג'ל הגנה שקוף לפנים SPF50,,0.00,100.00,false,1.00,54.90,0.01,true,0,
7290019075103,false,קמיל בלו אקסטרה סופט שמפו לתינוק 1 ליטר,"פישר תעשיות פרמצביטות בע""מ",IL,EXTRA SOFT שמפו לתינוק,,0.00,1.00,false,1.00,32.90,32.90,true,0,
7290019075479,false,"ד""ר פישר - קמיל בלו קלאסיק שמפו לתינוק 1 ליטר","פישר תעשיות פרמבצטיות בע""מ",IL,קלאסיק שמפו ללא דמעות לתינוקות ולעור עדין,,0.00,1.00,false,1.00,28.90,28.90,true,0,
7290019075899,false,קמיל בלו אקסטרה סופט אל סבון לתינוק 1 ליטר,"פישר תעשיות פרמצביטות בע""מ",IL,EXTRA SOFT אל סבון לתינוק,,0.00,1.00,false,1.00,32.90,32.90,true,0,
7290100086902,false,"סופט טאץ מארז חוחובה סרום 30 מ""ל זוג",סופט טאץ',,סרום חוחבה סט,,0.00,0.00,false,1.00,129.00,0.00,true,0,
<<<<<<< HEAD
7290100240137,false,"תרסיס ריחני למייבש כחול בדין 500 מ""ל","זוהר דליה, קיבוץ דליה, 1",,תרסיס ריחני למייבש הכביסה כחול,,0.00,100.00,false,1.00,21.90,0.00,true,0,
7290100240144,false,"תרסיס ריחני למייבש ורוד בדין 500 מ""ל","זוהר דליה, קיבוץ דליה, 1",,תרסיס מרכך למייבש כביסה ורוד,,0.00,100.00,false,1.00,21.90,0.00,true,0,
7290100243671,false,"מרכך כביסה מרוכז אקסטרה כחול בדין 960 מ""ל",יוניליוור סנאיי וי טיקאר,,מרכך כביסה מרוכז בדין אקסטרה כחול,,0.00,100.00,false,1.00,19.90,0.00,true,0,
=======
7290100240137,false,"תרסיס ריחני למייבש כחול בדין 500 מ""ל",יוניליוור ישראל שיווק בע`מ,,תרסיס ריחני למייבש הכביסה כחול,,0.00,100.00,false,1.00,21.90,0.00,true,0,
7290100240144,false,"תרסיס ריחני למייבש ורוד בדין 500 מ""ל",יוניליוור ישראל שיווק בע`מ,,תרסיס מרכך למייבש כביסה ורוד,,0.00,100.00,false,1.00,21.90,0.00,true,0,
7290100243671,false,"מרכך כביסה מרוכז אקסטרה כחול בדין 960 מ""ל",יוניליוור ישראל שיווק בע`מ,,מרכך כביסה מרוכז בדין אקסטרה כחול,,0.00,100.00,false,1.00,19.90,0.00,true,0,
>>>>>>> d048ac2f4f281c9d788043ab4e81b61b0dbe3743
7290100410516,false,דר עור פיגמנט סרום טיפולי לפיגמנטציה50מל,"ד""ר עור DOCTOR OR",IL,PIGMENT-OR סרום טיפולי לפיגמנטציה,,0.00,100.00,false,1.00,219.90,0.04,true,0,
7290100410745,false,סימילאק אדבנס פלוס מארז 8 בקבוקים שלב 1,General,US,סימילאק שלב 1 מארז בקבוקים מוכנים להאכלה,,0.00,100.00,false,1.00,45.90,0.00,true,0,
7290100412244,false,דר עור מגבוני אנטי אייג'ינג לניקוי הפנים,ניאופארם,IL,ANTI AGING מגבוני ניקוי והסרת איפור לפנים ולעיניים,,0.00,0.00,false,1.00,19.90,0.82,true,0,
7290100412473,false,דר עור מן שמפו לטיפול ומניעת קשקשים,"ד""ר עור DOCTOR OR",IL,MEN שמפו לטיפול ולמניעת קשקשים,,0.00,100.00,false,1.00,59.90,0.00,true,0,
7290100412480,false,דר עור מן טל סבון להרגעת העור לאחר גילוח,ניאופארם,IL,MEN אלסבון להרגעת גירויים בעור לאחר הגילוח,,0.00,100.00,false,1.00,69.90,0.00,true,0,
7290100412497,false,MEN תחליב לחות טיפולי לאחר גילוח לפנים ולקרחת,"ד""ר עור DOCTOR OR",IL,MEN תחליב לחות טיפולי לאחר גילוח לפנים ולקרחת,,0.00,100.00,false,1.00,99.90,0.01,true,0,
7290100412503,false,MEN OR תחליב לחות לעור הפנים והקרחת 50 SPF30מל,ניאופארם,IL,MEN תחליב לחות לעור הפנים והקרחת SPF30,,0.00,100.00,false,1.00,139.90,0.02,true,0,
7290100412718,false,"תרחיץ פנים קלאסק מאסק דר עור 150 מ""ל","אמיליה קוסמטיקס בע""מ",IL,ג'ל ניקוי פנים קלאסי היפואלרגני בניחוח מאסק,,0.00,100.00,false,1.00,24.90,0.00,true,0,
7290100412732,false,תחליב גוף לעור יבש פרחי בר דר עור 400 מל,"אמיליה קוסמטיקס בע""מ",IL,תחליב גוף לעור יבש בניחוח פרחי בר,,0.00,100.00,false,1.00,33.90,0.00,true,0,
7290100412756,false,"קרם ידיים לעור יבש פרחי בר ד""ר עור 100 מ""ל","אמיליה קוסמטיקס בע""מ",IL,קרם ידיים לעור יבש בניחוח פרחי בר,,0.00,0.00,false,1.00,13.90,0.13,true,0,
7290100412787,false,"ד""ר עור - תחליב רחצה קלאסי בניחוח פריחת הכותנה 700 מ""ל","אמיליה קוסמטיקס בע""מ",IL,תחליב רחצה קלאסי בניחוח פריחת הכותנה,,0.00,100.00,false,1.00,19.90,0.00,true,0,
7290100412794,false,דר עור פילינג עדין לפנים קלאסי מאסק 150,"אמיליה קוסמטיקס בע""מ",IL,פילינג עדין לפנים קלאסי היפואלרגני בניחוח מאסק,,0.00,100.00,false,1.00,24.90,0.00,true,0,
7290100412800,false,"תחליב רחצה לעור יבש וילד פלאור דר עור 700 מ""ל","אמיליה קוסמטיקס בע""מ",IL,תחליב רחצה לעור יבש בניחוח פרחי בר,,0.00,100.00,false,1.00,19.90,0.00,true,0,
7290100412817,false,קרם רגליים לעור יבש פרחי בר דר עור 100 מ,"אמיליה קוסמטיקס בע""מ",IL,קרם רגליים לעור יבש בניחוח פרחי בר,,0.00,0.00,false,1.00,14.90,0.14,true,0,
7290100412848,false,DR OR תחליב גוף אנטי אייגינג וניל מעודן 400 מל,"אמיליה קוסמטיקס בע""מ",IL,תחליב גוף אנטי אייג'ינג בניחוח וניל מעודן,,0.00,100.00,false,1.00,33.90,0.00,true,0,
7290100413326,false,דר עור קלאסיק קרם BB לכל סוגי העור לייט,ניאופארם,IL,CLASSIC-OR קרם BB לעור רגיל בגוון לייט SPF30,,0.00,100.00,false,1.00,99.90,0.01,true,0,
7290100413340,false,דר עור אוילי BB קרם לחות לעור שמן לייט,ניאופארם,IL,OILY-OR קרם BB לעור שמן לחות עם גוון לייט SPF30,,0.00,100.00,false,1.00,99.90,0.01,true,0,
7290100413357,false,דר עור אוילי BB קרם לחות לעור שמן מדיום,ניאופארם,IL,OILY-OR קרם BB לעור שמן לחות עם גוון מדיום SPF30,,0.00,100.00,false,1.00,99.90,0.01,true,0,
7290100413364,false,CC קרם - מייק אפ אנטי אייג'ינג SPF 50 בגוון Light,"ד""ר עור DOCTOR OR",IL,CC RENEW-OR קרם מייק אפ + SPF50 לייט,,0.00,100.00,false,1.00,149.90,0.02,true,0,
7290100413371,false,דר עור ריניו CC קרם מייקאפ א.אייג' מדיום,ניאופארם,IL,CC RENEW-OR קרם מייק אפ + SPF50 מדיום,,0.00,100.00,false,1.00,149.90,0.02,true,0,
7290100413463,false,ACU-OR שפתון טיפולי לשפתיים יבשות ולהגנה מהשמש,"ד""ר עור DOCTOR OR",IL,ACU-OR שפתון טיפולי לשפתיים יבשות ולהגנה מהשמש SPF50+,,0.00,100.00,false,1.00,39.90,0.08,true,0,
7290100413500,false,דר עור אוילי קרם לחות לעור מעורב עד שמן,ניאופארם,IL,OILY -OR קרם לחות ליום לעור מעורב עד שמן SPF15,,0.00,100.00,false,1.00,99.90,0.01,true,0,
7290100413531,false,RENEW-OR קרם יום אנטי אייג'ינג לעור בוגר +30,"ד""ר עור DOCTOR OR",,RENEW-OR קרם יום אנטי אייג'ינג לעור בוגר +30 SPF15,,0.00,100.00,false,1.00,149.90,0.02,true,0,
7290100413548,false,דר עור קלאסיק קרם לחות עם מקדם הגנהSPF30,"ד""ר עור DOCTOR OR",IL,CLASSIC-OR קרם לחות עם מקדם הגנהSPF30,,0.00,100.00,false,1.00,104.90,0.02,true,0,
7290100413586,false,RETIN-OR קרם יום אנטי אייג'ינג לעור בוגר +45,"ד""ר עור DOCTOR OR",IL,RETIN-OR קרם יום אנטי אייג'ינג לעור בוגר +45 SPF15,,0.00,100.00,false,1.00,199.90,0.03,true,0,
7290100620205,false,417- תרסיס ביוטי להגנה מפני השמש SPF 50,שסטוביץ,IL,תרסיס ביוטי להגנה מפני השמש SPF 50,,0.00,100.00,false,1.00,49.90,0.00,true,0,
7290100629864,false,417- חמאת גוף ארומאטית להזנה עשירה  אוק,שסטוביץ,IL,חמאת גוף ארומאטית להזנה עשירה  אוקינוס,,0.00,100.00,false,1.00,100.00,0.00,true,0,
7290100653463,false,"פלמוליב - ארומה ג'ל רחצה מסאז' 500 מ""ל",קולגייט-פלמוליב,,ארומה סנסיישן ג'ל רחצה עם גרגירי פילינג,"מ""ל",500.00,100.00,false,1.00,18.90,0.00,true,0,
7290100653586,false,"דאודורנט ג'ל פרש פיוזן 24/7 ליידי ספיד סטיק 65 מ""ל",ליידי ספיד סטיק Lady Speed Stick,US,דאודורנט ג'ל פרש פיוז'ן 24/7 ורוד,,0.00,100.00,false,1.00,14.90,0.00,true,0,
7290100659090,false,פרי חטיפים ללא גלוטן ותוספת סוכר מארז 5 תמרים וקינמון,טבעית מוצרים מן הטבע בעמ,IL,חטיף דגנים תמרים וקינמון,,0.00,0.00,false,1.00,19.90,3.98,true,0,
7290100687109,false,במבה במילוי קרם נוגט 60ג' אסם,קבוצת אוסם סחר-שות.מוגבלת,,חטיף בוטנים במילוי קרם נוגט,,0.00,100.00,false,1.00,6.90,0.00,true,0,
7290100858592,false,אבקת קקאו עלית שקית 150 ג',הנסיך- מפעל לייצור ט,IL,אבקת קקאו דל שומן,,0.00,100.00,false,1.00,9.90,0.00,true,0,
7290100921593,false,מנקה אסלה סוד 4 כדוריות לאסלה לימון נתלה 50 ג',גורי שיווק בעמ,,סבון אסלה לימון,,0.00,100.00,false,1.00,9.90,0.00,true,0,
7290100924631,false,מרכך כביסה מרוכז לבגדי תינוקות ובעלי עור רגיש,גורי שיווק בעמ,IL,מרכך כביסה לבגדיי תינוקות ובעלי עור רגיש,,0.00,100.00,false,1.00,12.90,0.00,true,0,
7290100924693,false,סבון סוד 4 כדוריות מוצק כחול אקטיבי-אקנומיקה 50ג',גורי שיווק בעמ,HU,סבון אסלה כחול אקטיבי אקונומיקה,,0.00,100.00,false,1.00,9.90,0.00,true,0,
7290100925676,false,קולור קאצר 20 דפים לוכדי צבע למכונת כביס,גורי שיווק בעמ,IE,דפים לוכדי צבע למכונת כביסה,,0.00,0.00,false,1.00,19.90,0.99,true,0,
7290101486688,false,חטיף דגנים עם שוקולד ללא גלוטן וסוכר פרי 5*20 גרם,טבעית מוצרים מן הטבע בעמ,,חטיף דגנים עם שוקולד ואגוזים,,0.00,0.00,false,1.00,19.90,3.98,true,0,
7290101488248,false,"ליידי ספיד סטיק - דאודורנט רול און לאישה ורוד פרש פיושן 50 מ""ל",ליידי ספיד סטיק Lady Speed Stick,IT,דאודורנט רול און פרש פיוז'ן 24/7,,0.00,100.00,false,1.00,14.90,0.00,true,0,
7290101488316,false,ליידי ספיד סטיק - דאודורנט סטיק לאישה ללא סימן ורוד סטיק 65 גרם,ליידי ספיד סטיק Lady Speed Stick,US,דאודורנט סטיק ללא סימן ורוד,,0.00,100.00,false,1.00,29.90,0.00,true,0,
7290101488323,false,ליידי ספיד סטיק - דאודורנט סטיק לאישה ללא סימן ירוק סטיק 65 גרם,ליידי ספיד סטיק Lady Speed Stick,,דאודורנט סטיק פאודר פרש,,0.00,100.00,false,1.00,29.90,0.00,true,0,
7290101551027,false,קפסולות קפה אספרסו חזק במיוחד 14 עלית 10 יח',הנסיך- מפעל לייצור ט,IL,קפסולות קפה עשיר וארומטי 14,,0.00,0.00,false,1.00,18.90,1.89,true,0,
<<<<<<< HEAD
7290101863410,false,"סיליט באנג ספריי ניקוי עוצמתי מכיל אקונומיקה 750 מ""ל",סיליט באנג Cillit Bang,,ניקוי עוצמתי מכיל אקונומיקה,,0.00,100.00,false,1.00,16.90,0.00,true,0,
7290101864127,false,"ספריי להסרת כתמים 750 מ""ל וניש קליה",קליה וניש Kalia Vanish,,אוקסי אקשן ספריי להסרת כתמים לפני הכנסה למכונת הכביסה,,0.00,100.00,false,1.00,19.90,0.00,true,0,
7290101865261,false,"פיניש נוזל הברקה למדיח 800 מ""ל",רקיט בנקיזר,,נוזל הברקה לכלים מבריקים ויבשים,,0.00,100.00,false,1.00,24.90,0.00,true,0,
7290101866633,false,וניש קליה גל להסרת כתמים 3 ליטר אוקסיפרש,קליה וניש Kalia Vanish,IL,ג'ל אוקסי פרש להסרת כתמים,,0.00,1.00,false,1.00,29.90,9.96,true,0,
7290101869726,false,ג'ל מרוכז למדיח הכל ב-1 פיניש 1 ליטר,רקיט בנקיזר,PL,ALL IN 1 MAX ג'ל מרוכז למדיח,,0.00,1.00,false,1.00,49.90,49.90,true,0,
7290101869764,false,אירוויק מכשיר אוטומט+מילוי בניחוח חלום ליל קיץ,רקיט בנקיזר,HU,פרשמטיק מכשיר ספרי אוטומטי חלום ליל קיץ,,0.00,100.00,false,1.00,49.90,0.00,true,0,
7290101869771,false,א.ויק מילוי מ.אויר אוטומטי חטאים מתוקים,רקיט בנקיזר,HU,מילוי מכשיר ספריי אוטומטי חטאים מתוקים,,0.00,100.00,false,1.00,19.90,0.00,true,0,
7290101869788,false,"אירוויק ספריי אוטומטי מילוי בניחוח אואזיס 250 מ""ל*",איירוויק Air Wick,HU,מילוי מכשיר ספריי אוטומטי אואזיס,,0.00,100.00,false,1.00,19.90,0.00,true,0,
7290101869795,false,"מטהר אוויר אירוויק ספריי מילוי חלום ליל קיץ 250 מ""ל",איירוויק Air Wick,HU,מילוי מכשיר ספריי אוטומטי חלום ליל קיץ,,0.00,100.00,false,1.00,19.90,0.00,true,0,
7290101869818,false,"אירוויק מכשיר חשמלי+מילוי בניחוח חלום ליל קיץ 19 מ""ל",איירוויק Air Wick,HU,מפיץ ריח חשמלי חלום ליל קיץ,,0.00,0.00,false,1.00,31.90,0.00,true,0,
7290101869825,false,"אירוויק מילוי למכשיר חשמלי בניחוח אואזיס 19 מ""ל",איירוויק Air Wick,HU,מילוי מכשיר חשמלי אואזיס,,0.00,100.00,false,1.00,24.90,0.01,true,0,
7290101869917,false,"אירוויק מילוי מבשם אויר אטומטי היער הקסום 19 מ""ל",איירוויק Air Wick,HU,מילוי מכשיר ספריי אוטומטי היער הקסום,,0.00,100.00,false,1.00,19.90,0.00,true,0,
7290101869962,false,"אירוויק מקלות ריחניים בניחוח חלום ליל קיץ 30 מ""ל",איירוויק Air Wick,HU,LIFE SCENTS מקלות ריחניים בניחוח חלום ליל קיץ,,0.00,100.00,false,1.00,19.90,0.00,true,0,
=======
7290101863410,false,"סיליט באנג ספריי ניקוי עוצמתי מכיל אקונומיקה 750 מ""ל",רקיט בנקיזר (ניר איסט) בעמ,,ניקוי עוצמתי מכיל אקונומיקה,,0.00,100.00,false,1.00,16.90,0.00,true,0,
7290101864127,false,ספריי להסרת כתמים וניש קליה (750 מל),רקיט בנקיזר (ניר איסט) בעמ,,אוקסי אקשן ספריי להסרת כתמים לפני הכנסה למכונת הכביסה,,0.00,100.00,false,1.00,19.90,0.00,true,0,
7290101865261,false,נוזל הברקה למדיח כלים פיניש (800 מל),רקיט בנקיזר (ניר איסט) בעמ,,נוזל הברקה לכלים מבריקים ויבשים,,0.00,100.00,false,1.00,24.90,0.00,true,0,
7290101866633,false,וניש קליה גל להסרת כתמים 3 ליטר אוקסיפרש,רקיט בנקיזר (ניר איסט) בעמ,IL,ג'ל אוקסי פרש להסרת כתמים,,0.00,1.00,false,1.00,29.90,9.96,true,0,
7290101869726,false,ג'ל מרוכז למדיח הכל ב-1 פיניש 1 ליטר,רקיט בנקיזר (ניר איסט) בעמ,PL,ALL IN 1 MAX ג'ל מרוכז למדיח,,0.00,1.00,false,1.00,49.90,49.90,true,0,
7290101869764,false,אירוויק מכשיר אוטומט+מילוי בניחוח חלום ליל קיץ,רקיט בנקיזר (ניר איסט) בעמ,HU,פרשמטיק מכשיר ספרי אוטומטי חלום ליל קיץ,,0.00,100.00,false,1.00,49.90,0.00,true,0,
7290101869771,false,א.ויק מילוי מ.אויר אוטומטי חטאים מתוקים,רקיט בנקיזר (ניר איסט) בעמ,HU,מילוי מכשיר ספריי אוטומטי חטאים מתוקים,,0.00,100.00,false,1.00,19.90,0.00,true,0,
7290101869788,false,"אירוויק ספריי אוטומטי מילוי בניחוח אואזיס 250 מ""ל*",רקיט בנקיזר (ניר איסט) בעמ,HU,מילוי מכשיר ספריי אוטומטי אואזיס,,0.00,100.00,false,1.00,19.90,0.00,true,0,
7290101869795,false,"מטהר אוויר אירוויק ספריי מילוי חלום ליל קיץ 250 מ""ל",רקיט בנקיזר (ניר איסט) בעמ,HU,מילוי מכשיר ספריי אוטומטי חלום ליל קיץ,,0.00,100.00,false,1.00,19.90,0.00,true,0,
7290101869818,false,"אירוויק מכשיר חשמלי+מילוי בניחוח חלום ליל קיץ 19 מ""ל",רקיט בנקיזר (ניר איסט) בעמ,HU,מפיץ ריח חשמלי חלום ליל קיץ,,0.00,0.00,false,1.00,31.90,0.00,true,0,
7290101869825,false,"אירוויק מילוי למכשיר חשמלי בניחוח אואזיס 19 מ""ל",רקיט בנקיזר (ניר איסט) בעמ,HU,מילוי מכשיר חשמלי אואזיס,,0.00,100.00,false,1.00,24.90,0.01,true,0,
7290101869917,false,"אירוויק מילוי מבשם אויר אטומטי היער הקסום 19 מ""ל",רקיט בנקיזר (ניר איסט) בעמ,HU,מילוי מכשיר ספריי אוטומטי היער הקסום,,0.00,100.00,false,1.00,19.90,0.00,true,0,
7290101869962,false,"אירוויק מקלות ריחניים בניחוח חלום ליל קיץ 30 מ""ל",רקיט בנקיזר (ניר איסט) בעמ,HU,LIFE SCENTS מקלות ריחניים בניחוח חלום ליל קיץ,,0.00,100.00,false,1.00,19.90,0.00,true,0,
>>>>>>> d048ac2f4f281c9d788043ab4e81b61b0dbe3743
7290102060764,false,מרידול מברשת שיניים אריזת זוג,יבואן ומשווק: ש. שסט,,מברשות שיניים לחניכיים רגישות,,0.00,0.00,false,1.00,39.90,19.95,true,0,
7290102060979,false,"אלמקס משחת שיניים למניעת עששת 100מ""ל",יבואן ומשווק: ש. שסט,,משחת שיניים למניעת עששת,,0.00,0.00,false,1.00,17.90,0.17,true,0,
7290102062195,false,"משחת שיניים לילדים לגילאי 6-12 אלמקס 75 מ""ל",יבואן ומשווק: ש. שסט,,משחת שיניים לילדים ג'וניור לגילאי 6-12,,0.00,100.00,false,1.00,17.90,0.00,true,0,
7290102747351,false,לייף שפתון פרופוליס סטיק 25SPF,לייף,,שפתון פרופוליס טיפולי בארומת דבש,,0.00,0.00,false,1.00,14.90,0.00,true,0,
7290102748747,false,לייף טלק לתינוק 150 גרם,גלעם,,טלק לתינוק,,0.00,100.00,false,1.00,11.90,0.00,true,0,
7290103120658,false,דאודורנט ספיד סטיק גל שחור 85 גרם,הנסיך- מפעל לייצור ט,,דאודורנט ג'ל קול נייט 24/7,,0.00,100.00,false,1.00,31.90,0.00,true,0,
7290103124588,false,"סבון נוזלי ארומה בניחוח לבנדר פטצ'ולי פלמוליב 750 מ""ל",הנסיך- מפעל לייצור ט,TR,"ארומה סנסיישן סבון רחצה מועשר בתמציות לבנדר, ילנג- ילנג והל",,0.00,100.00,false,1.00,21.90,0.00,true,0,
7290103124601,false,"תחליב רחצה נוזל חלב ודבש משאבה 750מ""ל פלמוליב",הנסיך- מפעל לייצור ט,,תחליב רחצה מועשר ברכיבים איכותיים של חלב ודבש,,0.00,100.00,false,1.00,21.90,0.00,true,0,
7290103126797,false,"משחת שיניים קולגייט סנסיטיב פרו רליף 75 מ""ל",הנסיך- מפעל לייצור ט,,משחה לשיניים רגישות,,0.00,100.00,false,1.00,25.90,0.00,true,0,
7290103128739,false,בלונס מקלות אוזניים לתינוק 56 יחידות,הנסיך- מפעל לייצור ט,,מקלוני כותנה לתינוק,,0.00,0.00,false,1.00,7.90,0.39,true,0,
7290103129378,false,ספיד סטיק - דאודורנט ג'ל לגבר איקס 5 85 גרם,הנסיך- מפעל לייצור ט,,דאודורנט ג'ל הגנה משולבת X5,,0.00,100.00,false,1.00,31.90,0.00,true,0,
7290103129392,false,ליידי ספיד סטיק פרש אסנס פרח הפרזיה סטיק 65 גר,ליידי ספיד סטיק Lady Speed Stick,,דאודורנט סטיק פרש אנד אסנס בניחוח פרח הפרזיה,,0.00,100.00,false,1.00,29.90,0.00,true,0,
7290103129408,false,ליידי ספיד סטיק - דאודורנט סטיק לאישה פרש אסנס פריחת הפרדס 65 גרם,ליידי ספיד סטיק Lady Speed Stick,,דאודורנט סטיק פרש אנד אסנס פריחת הפרדס,,0.00,100.00,false,1.00,29.90,0.00,true,0,
7290103333294,false,"גייד סרום עם תמצית רימונים 30 מ""ל",דניה,,HYDRA SUBLIME תמצית רימונים,,0.00,100.00,false,1.00,109.00,0.03,true,0,
7290103337056,false,גייד הידרה אסנשייל פיור קלרטה 75 מל,דניה,,PURE CLARTE HYDRA ESSENTIAL קרם יום,,0.00,100.00,false,1.00,99.00,0.01,true,0,
7290103337322,false,גייד גל ניקוי פנים לעור רגיל-יבש ורד 200,דניה,,GENTLE ג'ל ניקוי לפנים לעור רגיל-יבש,,0.00,100.00,false,1.00,45.00,0.00,true,0,
7290103337353,false,גייד גל ניקוי פנים לעור מעורב-שמן ורד200,דניה,,GENTLE ג'ל ניקוי לפנים לעור מעורב-שמן,,0.00,100.00,false,1.00,45.00,0.00,true,0,
7290103401429,false,קפה קצב ברזילאי אוריגינס 200 גר,הנסיך- מפעל לייצור ט,IL,פלטינום ברזיל קפה נמס מיובש בהקפאה,,0.00,100.00,false,1.00,17.90,0.00,true,0,
7290103430153,false,לייף קיסמי מברשת רכים מגומי,אידיאל,,Dental קיסמי מברשת רכים מגומי,,0.00,0.00,false,1.00,44.90,1.12,true,0,
7290103430542,false,לייף סכיני גילוח דו להבי חמישייה גברים,פרסונה,,סכיני גילוח חד פעמיים 2 להבים עם פס לחות וויטמין E ולהבים בציפוי קרמי,,0.00,0.00,false,1.00,18.90,3.78,true,0,
7290103430573,false,לייף סכיני גילוח חד פעמי תלת להביים לאשה,פרסונה,,סכיני גילוח חד פעמיים 3 להבים עם ראש מתכוונן ולהבים בציפוי קרמי,,0.00,0.00,false,1.00,21.90,5.47,true,0,
7290103430580,false,לייף סכיני גילוח חד פעמי תלת להביים לגבר,פרסונה,,סכיני גילוח חד פעמיים 3 להבים עם פס לחות מועשר בשמנים בוטניים וראש גילוח מתכוונן,,0.00,0.00,false,1.00,21.90,5.47,true,0,
7290103431631,false,לייף זוג ראשים למברשת חשמלית-ירוק,יניר מערכות,,Dental ראש החלפה למברשת שיניים חשמלית,,0.00,0.00,false,1.00,19.90,9.95,true,0,
7290103431976,false,לייף קיסמי אוזניים פלסטיק 200 יח,ח.א.ייבוא ושיווק,,מקלוני צמר גפן מקלוני פלסטיק,,0.00,0.00,false,1.00,4.90,0.02,true,0,
7290103435448,false,לייף שמן לתינוק 400 מל,אמיליה קוסמטיקס,,שמן לתינוק,,0.00,100.00,false,1.00,21.90,0.00,true,0,
7290103436018,false,סאנדיי גל אקונומיקה מרוכזת לימון 750 מל,זוהר דליה,,ג'ל אקונומיקה מבושם ומרוכז בניחוח לימון,,0.00,100.00,false,1.00,12.90,0.00,true,0,
7290103436063,false,לייף מברשת אינטרדנטלית בצורת קונוס,אידיאל,,Dental קיסם מברשת לניקוי יסודי בין השיניים קונוס,,0.00,0.00,false,1.00,24.90,4.15,true,0,
7290103436087,false,לייף מברשת אינטרדנטלית MINI 3 ממ,אידיאל,,Dental קיסם מברשת לניקוי יסודי בין השיניים מיני צר,,0.00,0.00,false,1.00,24.90,4.15,true,0,
7290103436094,false,לייף מברשת אינטרדנטלית MICRO 2 ממ,אידיאל,,Dental קיסם מברשת לניקוי יסודי בין השיניים מיקרו צר במיוחד,,0.00,0.00,false,1.00,24.90,4.15,true,0,
7290103436483,false,לייף מכנסוני לילה 15 יח XXL,DPL,,מכנסוני לילה מידה 46-52 XXL,,0.00,0.00,false,1.00,64.90,4.32,true,0,
7290103436797,false,סאנדיי 9 מטליות רב שימושיות 3 צבעים,מ.א.מטליות,,מטליות רב שימושיות,,0.00,0.00,false,1.00,11.90,1.32,true,0,
7290103436803,false,סאנדיי 3 מטליות מיקרופייבר לשיש 3 צבעים,מ.א.מטליות,,מטליות מיקרופייבר לניקוי כללי,,0.00,0.00,false,1.00,12.90,4.30,true,0,
7290103436810,false,סאנדיי מטלית פלא מיקרופייבר לרצפה 50*75,מ.א.מטליות,,מטלית מיקרופייבר לרצפה,,0.00,0.00,false,1.00,11.90,0.00,true,0,
7290103437985,false,סאנדיי מגבונים אישיים להסרת כתמים 20 יח,DPL,,מגבונים אישיים להסרת כתמים,,0.00,0.00,false,1.00,16.90,0.84,true,0,
7290103438333,false,לייף קרם לשיזוף עצמי 180 מל,General,,קרם לשיזוף עצמי,,0.00,100.00,false,1.00,39.90,0.00,true,0,
7290103439057,false,לייף קוצץ שיערות אף ואוזן,רייס,CN,מכשיר לעיצוב וקיצוץ שיער האף והאוזניים,,0.00,0.00,false,1.00,64.90,13.52,true,0,
7290103439705,false,לייף זוג ראשים למברשת חשמלית-כחול,יניר מערכות,,Dental ראשי החלפה למברשת שיניים חשמלית,,0.00,0.00,false,1.00,19.90,9.95,true,0,
7290103440404,false,לייף מכנסוני לילה 15 יח L,DPL,,מכנסוני לילה מידה 40-42 L,,0.00,0.00,false,1.00,64.90,4.32,true,0,
7290103440411,false,לייף מכנסוני לילה 15 יח XL,DPL,,מכנסוני לילה מידה 42-46 XL,,0.00,0.00,false,1.00,64.90,4.32,true,0,
7290103440596,false,לייף מברשת שיניים לתינוקות,טריזה,,Dental מברשת שיניים לפעוטות 0-3,,0.00,0.00,false,1.00,13.90,0.00,true,0,
7290103441722,false,לייף מגבוני אף 30 יחידות,DPL,,מגבוני אף עדינים לתינוק מעושרים באלוורה,,0.00,0.00,false,1.00,7.90,0.26,true,0,
7290103443122,false,לייף מדבקות אף חדש,General,,מדבקות לניקוי נקבוביות האף,,0.00,0.00,false,1.00,24.90,0.00,true,0,
7290103443139,false,לייף מדבקות אף ומצח,זר הייטק,,מדבקות לניקוי האף והמצח,,0.00,0.00,false,1.00,34.90,0.00,true,0,
7290103443146,false,לייף מדבקות אף שמן עץ התה,זר הייטק,,מדבקות אף עץ התה לניקוי נקבוביות,,0.00,0.00,false,1.00,24.90,0.00,true,0,
7290103443245,false,לייף מגבונים להסרת איפור - חדש,DPL,,מגבונים להסרת איפור פנים ועיניים,,0.00,0.00,false,1.00,9.90,0.00,true,0,
7290103443580,false,"לייף סטרונג-הייר שמפו 250 מ""ל",לייף,,שמפו טיפולי סטרונג הייר,,0.00,100.00,false,1.00,39.90,0.00,true,0,
7290103444976,false,לייף OIL CONTROL מגבונים לספיגת שומן מעו,General,,OIL CONTROL מגבונים לספיגת שומן מעורב,,0.00,0.00,false,1.00,18.90,0.00,true,0,
7290103446246,false,לייף קיסמי עץ 100 יחידות,אידיאל,,Dental קיסמי עץ דו צדדיים בטעם מנטה,,0.00,0.00,false,1.00,19.90,0.19,true,0,
7290103446253,false,לייף קיסם משולב מנטה משופר,אידיאל,,Dental קיסם משולב מנטה משופר,,0.00,0.00,false,1.00,11.90,0.28,true,0,
7290103446260,false,לייף קיסם משולב רגיל משופר,אידיאל,,Dental קיסם משולב רגיל משופר,,0.00,0.00,false,1.00,11.90,0.28,true,0,
7290103446277,false,לייף חוט דנטלי רגיל,אידיאל,,Dental חוט דנטלי עם שעווה בתוספת פלואוריד,,0.00,1.00,false,1.00,18.90,0.37,true,0,
7290103446284,false,לייף חוט דנטלי מנטה,אידיאל,,Dental חוט דנטלי עם שעווה בתוספת פלואוריד בטעם מנטה,,0.00,1.00,false,1.00,18.90,0.37,true,0,
7290103446291,false,לייף מנקה לשון חדש,אידיאל,,Dental מנקה לשון,,0.00,0.00,false,1.00,26.90,0.00,true,0,
7290103446314,false,לייף מנקה לשון ללא זיפים חדש,אידיאל,,Dental מנקה לשון ללא זיפים,,0.00,0.00,false,1.00,19.90,0.00,true,0,
7290103447236,false,לייף משחה לתותבות 40 גרם,זר הייטק,,Dental משחת הדבקה לשיניים תותבות,,0.00,100.00,false,1.00,31.90,0.00,true,0,
7290103449766,false,לייף סכיני גילוח חד פעמי 5 להבי גבר,פרסונה,,סכיני גילוח חד פעמיים 5 להבים עם פס לחות וויטמין E טרימר ולהבים בציפוי קרמי,,0.00,0.00,false,1.00,28.90,9.63,true,0,
7290103449773,false,לייף סכיני גילוח חד פעמי 5 להבי אשה,פרסונה,,סכיני גילוח חד פעמיים 5 להבים עם פס לחות וויטמין E ולהבים בציפוי קרמי,,0.00,0.00,false,1.00,28.90,9.63,true,0,
7290104068539,false,מאסט פליפטופ מלון ואבטיח ללא גרעינים,שטראוס גרופ בע`מ,,גומי לעיסה ללא סוכר בטעם אבטיח מלון,,0.00,100.00,false,1.00,4.90,0.00,true,0,
7290104261145,false,FIFI שמפו מרענן לשיער מתולתל וגלי,General,IL,שמפו מרענן לשיער מתולתל וגלי,,0.00,100.00,false,1.00,34.90,0.00,true,0,
7290104261190,false,FIFI מרכך מזין לשיער מתולתל וגלי,General,IL,מרכך מזין לשיער מתולתל וגלי,,0.00,100.00,false,1.00,34.90,0.00,true,0,
7290104261206,false,FIFI מסיכת הזנה לשיער,General,IL,מסיכת הזנה לשיער,,0.00,100.00,false,1.00,69.90,0.00,true,0,
7290104261237,false,FIFI קרם לחות לשיער לבניית תלתלים מעוצבי,General,IL,קרם לחות לשיער לבניית תלתלים מעוצבים,,0.00,100.00,false,1.00,49.90,0.00,true,0,
7290104261251,false,FIFI קרם לחות עם גלייז 50/50 לטיפול וייצ,General,IL,קרם לחות עם גלייז 50/50 לטיפול ייצוב והגדרת תלתלים,,0.00,100.00,false,1.00,49.90,0.00,true,0,
7290104261268,false,FIFI גלייז חוחובה לעיצוב ופיסול תלתלים,General,IL,גלייז חוחובה לעיצוב ופיסול תלתלים תוך כדי ייבוש,,0.00,100.00,false,1.00,49.90,0.00,true,0,
7290104261282,false,FIFI ספריי נפח,General,IL,ספריי נפח,,0.00,100.00,false,1.00,59.90,0.00,true,0,
7290104342868,false,"סבון פנים טיפולי עץ התה לניקוי עור שמן, בעייתי ומעורב",שביט SHAVIT,IL,סבון פנים עץ התה,,0.00,100.00,false,1.00,49.90,0.00,true,0,
7290104342899,false,שביט אובליפיחה שמפו צמחי טיפולי 500 מל,הרבה דרם,IL,אובליפיחה שמפו צמחי טיפולי,,0.00,100.00,false,1.00,49.90,0.00,true,0,
7290104342936,false,שביט עץ התה שמפו לטיפול קשקשים 500 מל,שביט SHAVIT,IL,עץ התה שמפו לטיפול בקשקשים,,0.00,100.00,false,1.00,58.00,0.00,true,0,
7290104342943,false,סבון הגייני עץ התה למניעת גירויים ויובש,שביט SHAVIT,IL,סבון היגייני עץ התה למניעת גירויים ויובש,,0.00,100.00,false,1.00,58.00,0.00,true,0,
7290104343292,false,"סבון גוף עדין עץ התה לעור במראה גמיש, בריא ורענן",שביט SHAVIT,IL,עץ התה סבון גוף עדין,,0.00,100.00,false,1.00,58.00,0.00,true,0,
7290104364679,false,פרולטה שמפו ללא מלחים 500 מל,פאר פארם)איתן(,,,,0.00,100.00,false,1.00,65.00,0.00,true,0,
7290104960239,false,תחליב רחצה בניחוח קמומיל נקה (7507 מל),טרופיקל דגיל תעשיות קוסמ,,תחליב רחצה קמומיל,,0.00,100.00,false,1.00,12.90,0.00,true,0,
7290104960253,false,נקה 7 ארומה תחליב רחצה לבנדר ענוג 750,טרופיקל דגיל תעשיות קוסמ,,תחליב רחצה לבנדר,,0.00,100.00,false,1.00,12.90,0.00,true,0,
7290104960970,false,דאודורנט ספריי טיטניום מטאל Titanium Metal,אמיליה קוסמטיקס בעמ,,דאודורנט ספריי מטאל לגבר,,0.00,100.00,false,1.00,16.90,0.00,true,0,
7290104961403,false,"סקינגארד - קרם הגנה לפנים לילדים 60 מ""ל SPF50",אמיליה קוסמטיקס,,קרם פנים לילדים 50 SPF,,0.00,100.00,false,1.00,29.90,0.00,true,0,
7290104961441,false,סקין גארד ספריי שמן גזר SPF15 200 מל,מיוצר עי : אמיליה קוסמטי,,ספריי שמן גזר SPF15,,0.00,100.00,false,1.00,39.90,0.00,true,0,
7290104961489,false,"סקינגארד - ספריי תחליב לילדים 300 מ""ל SPF50",מיוצר עי : אמיליה קוסמטי,IL,תרסיס הגנה תחליב לילדים SPF50 אריזת ענק,,0.00,100.00,false,1.00,49.90,0.00,true,0,
7290104961878,false,"שמפו לשיער קרטין אינטנס פורמולה 400 מ""ל נטורל",החברה הדרומית לשיווק בעמ,,שמפו לשיער אינטנס קרטין טהור,,0.00,100.00,false,1.00,29.90,0.00,true,0,
7290104961885,false,מרכך קרטין טהור לשיער שעבר החלקה או עיצוב בחום,החברה הדרומית לשיווק בעמ,,מרכך לשיער אינטנס קרטין טהור,,0.00,100.00,false,1.00,29.90,0.00,true,0,
7290104961892,false,מסכת קרטין טהור לשיער שעבר החלקה או עיצוב בחום,החברה הדרומית לשיווק בעמ,,מסכת קרטין טהור לשיער לעבר החלקה או עיצוב בחום,,0.00,100.00,false,1.00,39.90,0.00,true,0,
7290104961908,false,נ.פורמולה קרטין אינטנס סרום לשיער 145 מל,נטורל פורמולה Natural Formula,,סרום לשיער אינטנס קרטין טהור,,0.00,100.00,false,1.00,49.90,0.00,true,0,
7290104962073,false,דאודורנט ספריי גוף טיטניום גולד Titanium Gold,החברה הדרומית לשיווק בעמ,,דאודורנט ספריי גולד,,0.00,100.00,false,1.00,16.90,0.00,true,0,
7290104962127,false,קרליין נושם לנערות דאו סטיק 50 מל,החברה הדרומית לשיווק בעמ,,דאודורנט סטיק נושם לנערות,,0.00,100.00,false,1.00,19.90,0.00,true,0,
7290104962134,false,דאודורנט קרליין רול און נושם לנערות ללא אלומיניום,החברה הדרומית לשיווק בעמ,,דאודורנט רול און נושם לבנות,,0.00,100.00,false,1.00,13.90,0.00,true,0,
7290104962509,false,נ.פורמולה קרם הגנה קרטין אינטנס,החברה הדרומית לשיווק בעמ,,קרם הגנה קרטין טהור אינטנס,,0.00,100.00,false,1.00,39.90,0.00,true,0,
7290104962684,false,"קרליין - נושם דאודורנט רול און לאישה ללא אלומיניום 75 מ""ל",החברה הדרומית לשיווק בעמ,IL,דאו רול און +0% אלומיניום,,0.00,100.00,false,1.00,13.90,0.00,true,0,
7290104962721,false,"קרליין - קרם יום רב תועלת רויואל 50 מ""ל",קרל.איפור/טיפוח,IL,REVIVAL קרם יום רב תועלתי,,0.00,100.00,false,1.00,150.00,0.03,true,0,
7290104962745,false,"סקינגארד - ספריי שקוף לעור בהיר מאוד 300 מ""ל SPF30",מיוצר עי : אמיליה קוסמטי,IL,תרסיס הגנה שקוף SPF30 עם תוספת 50%,,0.00,100.00,false,1.00,49.90,0.00,true,0,
7290104962752,false,"סקינגארד ג'ל הגנה שקוף לפנים לעור רגיש 60 מ""ל",מיוצר עי : אמיליה קוסמטי,IL,אינוויזבל 50 SPF ג'ל הגנה שקוף לפנים,,0.00,100.00,false,1.00,49.90,0.00,true,0,
7290104962844,false,"שמפו אמפולה לטיפול אינטנסיבי לשיער יבש, צבוע ופגום",נטורל פורמולה Natural Formula,IL,שמפו אמפולה אינטנס לשיער יבש צבוע ופגום במיוחד,,0.00,100.00,false,1.00,29.90,0.00,true,0,
7290104962851,false,"מרכך אמפולה לטיפול אינטנסיבי לשיער יבש, צבוע ופגום",נטורל פורמולה Natural Formula,IL,מרכך אמפולה אינטנס לשיער יבש צבוע ופגום במיוחד,,0.00,100.00,false,1.00,29.90,0.00,true,0,
7290104962868,false,"מסכת אמפולה לטיפול אינטנסיבי לשיער יבש, צבוע ופגום",נטורל פורמולה Natural Formula,IL,מסכה אמפולה אינטנס לשיער יבש צבוע ופגום במיוחד,,0.00,100.00,false,1.00,39.90,0.00,true,0,
7290104962875,false,"סרום אמפולה לטיפול אינטנסיבי לשיער יבש, צבוע ופגום",החברה הדרומית לשיווק בעמ,IL,אמפולה אינטנס סרום לשיער,,0.00,100.00,false,1.00,49.90,0.00,true,0,
7290104962882,false,"קרליין - סבון פנים עם מברשת ניקוי 150 מ""ל","קוסמופארם בע""\מ.",IL,סבון פנים עם מברשת ניקוי,,0.00,100.00,false,1.00,44.90,0.00,true,0,
7290104963124,false,קרליין מים מיסליירים להסרת איפור,@@@ החב הדרומית לשיווק בעמ,IL,מים מיסליירים להסרת איפור,,0.00,100.00,false,1.00,39.90,0.00,true,0,
7290104963155,false,סופטקר - שמן לתינוקות 500 מל,החברה הדרומית לשיווק בעמ,IL,שמן גוף לתינוק לעור רגיש,,0.00,100.00,false,1.00,25.90,0.00,true,0,
7290104963223,false,סופטקר - אל סבון עדין לתינוק לעור רגיש 1 ליטר,החברה הדרומית לשיווק בעמ,IL,אל סבון עדין לתינוק קלאסי לעור רגיש,,0.00,1.00,false,1.00,19.90,19.90,true,0,
7290104963674,false,קרליין יאנג-פילינג גרגירים לפנים לעור,אגיס,IL,YOUNG פילינג גרגירים לפנים לעור רגיל-שמן,,0.00,100.00,false,1.00,34.90,0.00,true,0,
7290104963933,false,קרליין שמן 360 לטיפול וטיפוח הפנים והגוף,קרליין,IL,PERFECT CARE שמן 360 לטיפול וטיפוח הפנים והגוף,,0.00,0.00,false,1.00,59.90,0.59,true,0,
7290104963957,false,"קרליין - תרחיץ פנים אויל פרי 300 מ""ל",General,IL,OIL FREE תרחיץ פנים,,0.00,100.00,false,1.00,39.90,0.00,true,0,
7290104963964,false,קרליין יאנג תרחיץ פנים גל לניקוי פנים,General,IL,YOUNG תרחיץ פנים ג'ל לניקוי הפנים,,0.00,100.00,false,1.00,39.90,0.00,true,0,
7290104963971,false,"סקינגארד - ספריי שקוף לעור בהיר מאוד 300 מ""ל SPF50",מיוצר עי : אמיליה קוסמטי,IL,ספריי הגנה שקוף SPF50 + תוספת 50%,,0.00,100.00,false,1.00,49.90,0.00,true,0,
7290104963988,false,סקינגארד רול און הגנה לילדים SPF50 70 מל,מיוצר עי : אמיליה קוסמטי,IL,KIDS רול און להגנה גבוהה SPF50,,0.00,100.00,false,1.00,24.90,0.00,true,0,
7290104963995,false,קרליין אויל פרי-פילינג גרגרים לעור שמן,אגיס,IL,OIL FREE פילינג גרגרים לעור שמן ובעייתי,,0.00,100.00,false,1.00,34.90,0.00,true,0,
7290104964008,false,"סקינגארד - ספריי תחליב הגנה מהשמש לילדים 300 מ""ל SPF30",מיוצר עי : אמיליה קוסמטי,IL,SPF30 KIDS ספריי תחליב לילדים,,0.00,100.00,false,1.00,49.90,0.00,true,0,
<<<<<<< HEAD
7290104964015,false,"סקינגארד - סטיק הגנה לפנים 50 מ""ל SPF50",מיוצר עי : אמיליה קוסמטי,IL,סטיק הגנה שקוף לפנים SPF50,,0.00,100.00,false,1.00,49.90,0.04,true,0,
=======
7290104964015,false,"סקינגארד - סטיק הגנה לפנים 50 מ""ל SPF50",החברה הדרומית לשיווק בעמ,IL,סטיק הגנה שקוף לפנים SPF50,,0.00,100.00,false,1.00,49.90,0.04,true,0,
>>>>>>> d048ac2f4f281c9d788043ab4e81b61b0dbe3743
7290104964022,false,סקין גארד ספריי שקוף SPF50 קידס בוב ספוג,מיוצר עי : אמיליה קוסמטי,IL,ספריי שקוף לילדים לעור רטוב SPF50 בוב ספוג,,0.00,100.00,false,1.00,49.90,0.00,true,0,
7290104964053,false,"קרליין - סבון פנים עם מברשת ניקוי יאנג 150 מ""ל",@@@ החב הדרומית לשיווק בעמ,IL,YOUNG ג'ל לניקוי הפנים עם מברשת ניקוי ייחודית,,0.00,100.00,false,1.00,44.90,0.00,true,0,
7290104964084,false,"קרליין - מולטי אפקט קרם יום 50 מ""ל 25SPF",@@@ החב הדרומית לשיווק בעמ,IL,MULTI EFFECT קרם יום SPF25,,0.00,100.00,false,1.00,44.90,0.00,true,0,
7290104964091,false,"קרליין - מולטי אפקט קרם לילה 50 מ""ל",@@@ החב הדרומית לשיווק בעמ,IL,MULTI EFFECT קרם לילה,,0.00,100.00,false,1.00,44.90,0.00,true,0,
7290104964107,false,"קרליין - מולטי אפקט קרם עיניים 30 מ""ל",פאר פארם בעמ,IL,MULTI EFFECT קרם עיניים,,0.00,100.00,false,1.00,44.90,0.01,true,0,
7290104964183,false,"קרליין - ג'ל שקוף ליבוש פצעים אויל פרי 10 מ""ל",אגיס,IL,OIL FREE ג'ל שקוף לייבוש פצעים,,0.00,100.00,false,1.00,49.90,0.04,true,0,
7290104964190,false,קרליין קליר סקין מסכה מתחממת,קרל.איפור/טיפוח,IL,CLEAR SKIN מסכה מתחממת,,0.00,0.00,false,1.00,64.90,0.64,true,0,
7290104964206,false,ג'ל מיסלרי להסרת איפור וניקוי הפנים והעיניים,אמיליה קוסמטיקס,IL,MICELLE CLEANSING GELג'ל מיסלרי להסרת איפור,,0.00,100.00,false,1.00,39.90,0.00,true,0,
7290104964213,false,"קרליין - פילינג פנים לניקוי עמוק 150 מ""ל",@@@ החב הדרומית לשיווק בעמ,IL,CLEAR SKIN דאבל סקראב פילינג לניקוי עמוק,,0.00,100.00,false,1.00,34.90,0.00,true,0,
7290104964220,false,קרליין קליר סקין גל מרענן לניקוי הפנים,@@@ החב הדרומית לשיווק בעמ,IL,CLEAR SKIN ג'ל מרענן לניקוי פנים,,0.00,100.00,false,1.00,39.90,0.00,true,0,
7290104964244,false,"קרליין - ספריי מייק אפ לרגליים לייט 150 מ""ל",אמיליה קוסמטיקס,IL,מייק אפ לרגליים - לייט,,0.00,100.00,false,1.00,74.90,0.00,true,0,
7290104964251,false,"תרחיץ פנים פעולה משולשת מסכה, פילינג וניקוי",@@@ החב הדרומית לשיווק בעמ,IL,CLEAR SKIN תרחיץ פנים עם פעולה משולשת,,0.00,100.00,false,1.00,34.90,0.00,true,0,
7290104964565,false,קרליין מסכה מתקלפת לניקוי לכל סוגי העור,פאר פארם בעמ,IL,מסכה מתקלפת ניקוי וטיהור לכל סוגי העור,,0.00,100.00,false,1.00,49.90,0.00,true,0,
7290104964572,false,קרליין מסכה מתקלפת לחות והזנה לכל סוגי ה,פאר פארם בעמ,IL,מסכה מתקלפת לחות והזנה לכל סוגי העור,,0.00,100.00,false,1.00,49.90,0.00,true,0,
7290104964664,false,"סקינגארד - ספריי שקוף בניחוח קוקוס ליים 200 מ""ל SPF30",אמיליה קוסמטיקס בעמ,IL,ספריי שקוף SPF30 בניחוח קוקוס-ליים,,0.00,100.00,false,1.00,39.90,0.00,true,0,
7290104964671,false,"סקינגארד - ספריי שקוף בניחוח אננס ליצ'י 200 מ""ל SPF30",אמיליה קוסמטיקס בעמ,IL,ספריי שקוף 30 SPF בניחוח אננס-ליצ'י,,0.00,100.00,false,1.00,39.90,0.00,true,0,
7290104964688,false,"סקינגארד - ספריי שקוף בניחוח מנגו קיווי 200 מ""ל SPF30",אמיליה קוסמטיקס בעמ,IL,ספריי שקוף SPF30 בניחוח מנגו-קיווי,,0.00,100.00,false,1.00,40.00,0.00,true,0,
7290104964718,false,"סקינגארד - ספריי שקוף לעור רטוב 300 מ""ל SPF50",אמיליה קוסמטיקס בעמ,IL,ספריי שקוף SPF50 ווט סקין,,0.00,100.00,false,1.00,49.90,0.00,true,0,
7290104964725,false,סטיק הגנה שקוף SPF50 לפנים לילדים 13 ג' סקין גארד,החב הדרומית לשיווק,IL,KIDS סטיק הגנה שקוף לפנים SPF50 לילדים,,0.00,100.00,false,1.00,49.90,0.04,true,0,
7290104964763,false,"קרליין - ספלאש קרם לחות ליום 50 מ""ל 20SPF",קרליין Careline,IL,SPLASH קרם לחות ליום SPF 20,,0.00,100.00,false,1.00,79.90,0.01,true,0,
7290104964770,false,"קרליין - ספלאש קרם לילה 50 מ""ל",קרליין Careline,IL,SPLASH קרם לחות ללילה,,0.00,100.00,false,1.00,79.90,0.01,true,0,
7290104964787,false,קרליין ספלאש קרם עיניים 30 מל,אגיס,IL,SPLASH קרם עיניים,,0.00,100.00,false,1.00,79.90,0.02,true,0,
7290104964794,false,"קרליין - ספלאש סרום 30 מ""ל",אגיס,IL,SPLASH סרום,,0.00,100.00,false,1.00,79.90,0.02,true,0,
7290104964800,false,"קרליין - קרם רב תכליתי המפ 50 מ""ל",אגיס,IL,HEMP קרם רב תכליתי,,0.00,100.00,false,1.00,79.90,0.01,true,0,
7290104964824,false,קרליין המפ שמן מזין לעור 30 מל,אגיס,IL,HEMP שמן מזין לעור,,0.00,100.00,false,1.00,79.90,0.02,true,0,
7290104964862,false,"קרליין - מסכת לחות המפ 120 מ""ל",אגיס,IL,HEMP מסכת לחות והזנה,,0.00,100.00,false,1.00,49.90,0.00,true,0,
7290104964916,false,קרליין - מגבונים להסרת איפור דו פאזי 25 יח',קוסמופארם,IL,מגבוני דו פאזי להסרת איפור,,0.00,0.00,false,1.00,14.90,0.00,true,0,
7290104964947,false,"קרלין - תרחיץ ניקוי פנים ויטמין סי 300 מ""ל","קוסמופארם בע""\מ",IL,תרחיץ ניקוי ויטמין C,,0.00,100.00,false,1.00,34.90,0.00,true,0,
7290104964954,false,קרליין מסכת בד זהב למיצוק וזוהר לעור,קרליין,IL,מסכת בד זהב למיצוק וזוהר לעור,,0.00,100.00,false,1.00,10.00,0.00,true,0,
7290104964961,false,קרליין מסכת בד ויטמין C למראה עור אחיד ו,קרליין,IL,מסכת בד ויטמין C למראה עור אחיד וקורן,,0.00,100.00,false,1.00,10.00,0.00,true,0,
7290104964978,false,קרליין מסכת בד פחם טבעי לטיהור וניקוי הע,קרליין,IL,מסכת בד פחם טבעי לטיהור וניקוי העור,,0.00,100.00,false,1.00,10.00,0.00,true,0,
7290104965104,false,"קרליין - פרו רטינול מתקן קרם לילה 50 מ""ל",General,IL,PRO RETINOL קרם לילה מתקן,,0.00,100.00,false,1.00,69.90,0.01,true,0,
7290104965111,false,"קרליין - פרו קולגן ממצק קרם יום 50 מ""ל",General,IL,PRO COLLAGE קרם יום ממצק,,0.00,100.00,false,1.00,69.90,0.01,true,0,
7290104965647,false,קרליין דאו רול און נושם סוויט קיס לנערות,החברה הדרומית לשיווק בעמ,IL,דאודורנט רול און נושם סוויט קיס לנערות,,0.00,100.00,false,1.00,13.90,0.00,true,0,
7290104965654,false,קרליין נושם דאו סטיק סוויט קיס לנערות 50,החברה הדרומית לשיווק בעמ,IL,דאודורנט סטיק נושם לנערות סוויט קיס,,0.00,100.00,false,1.00,19.90,0.00,true,0,
7290104969850,false,"קרליין - פרו קולגן בוסטר 30 מ""ל",אגיס,IL,BOOSTER סרום קולגן,,0.00,100.00,false,1.00,69.90,0.02,true,0,
7290104969867,false,"קרליין - רטינול בוסטר 30 מ""ל",אגיס,IL,BOOSTER סרום רטינול,,0.00,100.00,false,1.00,69.90,0.02,true,0,
7290104969881,false,קרליין בוסטר סרום חומצה היאלורונית 30 מל,אגיס,IL,BOOSTER סרום חומצה היאלורונית,,0.00,100.00,false,1.00,69.90,0.02,true,0,
7290104969898,false,קרליין היילו טק קרם עיניים ושפתיים 10 מל,General,IL,HAYLU TEC קרם עיניים ושפתיים,,0.00,100.00,false,1.00,79.90,0.07,true,0,
7290104969904,false,קרליין היילו טק קרם יום ולילה 50 מל,General,IL,HAYLU TEC קרם יום ולילה,,0.00,100.00,false,1.00,79.90,0.01,true,0,
7290104969911,false,"קרליין - סי פאוור קרם עיניים 30 מ""ל",@@@ החב הדרומית לשיווק בעמ,IL,C POWER קרם עיניים ויטמין C,,0.00,100.00,false,1.00,59.90,0.01,true,0,
7290104969928,false,"קרליין - סי פאוור קרם לילה 50 מ""ל",פאר פארם בעמ,IL,C POWER קרם לילה ויטמין C,,0.00,100.00,false,1.00,59.90,0.01,true,0,
7290104969935,false,"קרליין - סי פאוור קרם יום 50 מ""ל",פאר פארם בעמ,IL,C POWER קרם יום ויטמין C,,0.00,100.00,false,1.00,59.90,0.01,true,0,
7290104969942,false,קרליין היילו טק קפסולות חומצה היאלורונית,General,CN,HAYLU TEC קפסולות חומצה היאלורונית,,0.00,100.00,false,1.00,79.90,0.07,true,0,
7290104969959,false,"קרליין - פאוור סי מסיכה ויטמין סי 120 מ""ל",אגיס,IL,C POWER מסכת יופי ויטמין C,,0.00,100.00,false,1.00,59.90,0.00,true,0,
7290104969966,false,קרליין היילו טק מסכת לחות 100 מל,General,IL,HAYLU TEC מסכת לחות,,0.00,0.00,false,1.00,79.90,0.79,true,0,
7290105360328,false,קפסולות אספרסו חזק למכונות נספרסו 10 יח',הנסיך- מפעל לייצור ט,IL,קפסולות קפה חזק ועוצמתי 10,,0.00,0.00,false,1.00,18.90,1.89,true,0,
7290105430441,false,פלמוליב ס.נוזלי סחלב שחור 750 מל משאבה,הנסיך- מפעל לייצור ט,,תחליב רחצה מועשר בתמציות סחלב שחור ואלוורה,,0.00,100.00,false,1.00,21.90,0.00,true,0,
7290105430458,false,"פלמוליב - תחליב רחצה נטורלס שקדים 750 מ""ל",הנסיך- מפעל לייצור ט,,תחליב רחצה מועשר בתמציות שקדים ואלוורה,,0.00,100.00,false,1.00,21.90,0.00,true,0,
7290105430496,false,ליידי ספיד סטיק סטיינגארד ספריי,קולגייט-פלמוליב,RU,דאודורנט ספריי סטיינגארד,,0.00,100.00,false,1.00,14.90,0.00,true,0,
7290105430502,false,ספיד סטיק סטיין גארד סטיק 50 גרם,קולגייט-פלמוליב,,דאודורנט סטיק סטיינגארד,,0.00,100.00,false,1.00,25.90,0.00,true,0,
7290105433961,false,"ליידי ספיד סטיק לסס פרש אסנס ספריי דובדבן, 150 מ""ל",קולגייט-פלמוליב,RU,דאודורנט ספריי פרש אנד אסנס קול פנטזי,,0.00,100.00,false,1.00,14.90,0.00,true,0,
7290105433985,false,ליידי ספיד סטיק פרש אסנס פריחת הדובדבן סטיק 65 גר,ליידי ספיד סטיק Lady Speed Stick,,פרש אנד אסנס דאודורנט סטיק בניחוח פריחת הדובדבן,,0.00,100.00,false,1.00,29.90,0.00,true,0,
7290105434029,false,"ספיד סטיק - דאודורנט ספריי לגבר נוטרו פאואר 150 מ""ל",הנסיך- מפעל לייצור ט,RU,דאודורנט ספריי נוטרו פאואר,,0.00,100.00,false,1.00,14.90,0.00,true,0,
7290105434050,false,ספיד סטיק - דאודורנט סטיק לגבר XL ירוק רגיולר 85 גרם,קולגייט פלמוליב,US,דאודורנט סטיק XL לגבר,,0.00,100.00,false,1.00,31.90,0.00,true,0,
7290105434067,false,ספיד סטיק - דאודורנט סטיק לגבר XL אושן סרף 85 גרם,קולגייט פלמוליב,US,דאודורנט סטיק XL אושן סרף,,0.00,100.00,false,1.00,31.90,0.00,true,0,
7290105436382,false,חטיף פרי תמרים קשיו ללא תוספת סוכר וגלוטן 5 יח,טבעית מוצרים מן הטבע בעמ,IL,חטיף תמרים ואגוזי קשיו,,0.00,100.00,false,1.00,19.90,0.00,true,0,
7290106290785,false,גייד חלב פנים ומי פנים בתכשיר אחד 200 מל,דניה,,חלב פנים ומי פנים בתכשיר אחד,,0.00,100.00,false,1.00,45.00,0.00,true,0,
7290106293151,false,גייד גולד פרימיום קרם יום 50 מל,דניה,,GOLD PREMIUM קרם יום,,0.00,100.00,false,1.00,219.00,0.04,true,0,
7290106293212,false,גייד מסיר איפור לעיניים 125 מל,דניה,,מסיר איפור לעיניים,,0.00,100.00,false,1.00,59.00,0.00,true,0,
7290106294493,false,גייד מי פנים לניקוי ורענון העור 200 מל,דניה,IL,GENTLE TONING מי פנים לניקוי ורענון העור,,0.00,100.00,false,1.00,45.00,0.00,true,0,
7290106294509,false,גייד מי פנים לניקוי וטיהור העור 200 מל,דניה,IL,PURIFYING TONING מי פנים לניקוי וטיהור העור,,0.00,100.00,false,1.00,45.00,0.00,true,0,
7290106295742,false,גייד תרחיץ גרגרים עדין 200 מל,דניה,IL,GENTLE SCRUB תרחיץ גרגירים עדין,,0.00,100.00,false,1.00,59.00,0.00,true,0,
7290106295759,false,גייד גל לטיפול נקודתי חדש 15 מל,דניה,IL,ג'ל לטיפול נקודתי,,0.00,100.00,false,1.00,49.00,0.03,true,0,
7290106296909,false,גייד קצף ניקוי מרגיע 150 מל,דניה,IL,SOOTHING קצף ניקוי מרגיע,,0.00,100.00,false,1.00,49.00,0.00,true,0,
7290106297272,false,גייד גולד פרימיום קרם לילה 50 מל,דניה,CH,GOLD PREMIUM קרם לילה,,0.00,100.00,false,1.00,219.00,0.04,true,0,
7290106297289,false,גייד גולד פרימיום קרם עיניים 15 מל,דניה,CH,GOLD PREMIUM קרם עיניים,,0.00,100.00,false,1.00,169.00,0.11,true,0,
7290106297302,false,גייד רטיאג סרום 30 מל,דניה,CH,RETIAGE סרום,,0.00,100.00,false,1.00,209.00,0.06,true,0,
7290106297623,false,גייד אסנס סרום 30 מל,דניה,CH,ESSENCES סרום,,0.00,100.00,false,1.00,169.00,0.05,true,0,
7290106297647,false,גייד שמן הידרה סובלים שמן טיפולי 30 מל,דניה,IL,HYDRA SUBLIME שמן טיפולי ללילה תמצית רימונים,,0.00,100.00,false,1.00,119.00,0.03,true,0,
7290106299542,false,גייד מגבונים להסרת איפור לעיניים ולפנים,דניה,IL,מגבונים להסרת איפור לעיניים ולפנים,,0.00,0.00,false,1.00,35.00,0.00,true,0,
7290106526822,false,פריכיות אורז חום מלא תחתית שוקולד חלב 80 גרם,"טחנת האבן תעשיות בע""",,פריכיות אורז חום מלא עם תחתית שוקולד חלב,,0.00,100.00,false,1.00,8.90,0.00,true,0,
7290106950658,false,לייף קנקן 2 ליטר עם סופר ידני כולל פילטר,קנדי חשמל ונכסים,,קנקן עם סופר ידני כולל פילטר מתקדם,,0.00,0.00,false,1.00,73.90,0.00,true,0,
7290106950689,false,לייף פילטר מתקדם שלישיה,קנדי חשמל ונכסים,,פילטר מתקדם אקווה אופטימה,,0.00,0.00,false,1.00,79.90,0.00,true,0,
7290106951068,false,לייף מקלוני אוזניים קופסא 400 יח,ח.א.ייבוא ושיווק,,מקלוני צמר גפן מקלוני פלסטיק,,0.00,0.00,false,1.00,9.90,0.02,true,0,
7290106951938,false,לייף רול און רגיל 50 מל,אמיליה קוסמטיקס,,דוחה יתושים למריחה על הגוף,,0.00,100.00,false,1.00,17.90,0.00,true,0,
7290106951945,false,לייף רול און ילדים 50 מל,אמיליה קוסמטיקס,,דוחה יתושים לתינוקות וילדים למריחה על הגוף,,0.00,100.00,false,1.00,17.90,0.00,true,0,
7290106951969,false,לייף תרסיס מתז 70 מל,אמיליה קוסמטיקס,,תרסיס דוחה יתושים בניחוח לבנדר,,0.00,100.00,false,1.00,17.90,0.00,true,0,
7290106952140,false,לייף מקלוני עץ שקית 100 יח ח.א יבוא ושיו,ח.א.ייבוא ושיווק,,מקלוני צמר גפן מקלוני עץ,,0.00,0.00,false,1.00,2.90,0.02,true,0,
7290106952638,false,לייף קיסמים קופסה 500 יח,ח.א.ייבוא ושיווק,,מקלוני צמר גפן מתפרק ל 4 קופסאות נפרדות,,0.00,0.00,false,1.00,13.90,0.02,true,0,
7290106954434,false,לייף מקלוני עץ שקית 300 יח ח.א יבוא ושיו,ח.א.ייבוא ושיווק,,מקלוני צמר גפן מקלוני עץ,,0.00,0.00,false,1.00,8.90,0.02,true,0,
7290106955448,false,לייף מגבונים לשיזוף עצמי בשסטים 10יחידות,General,IL,מגבונים לשיזוף עצמי,,0.00,0.00,false,1.00,16.90,0.00,true,0,
7290106955615,false,לייף קיסמי מברשת דו צדדיים 100 יח,אידיאל,,DENTAL קסמי מברשת דו צדדיים,,0.00,0.00,false,1.00,19.90,0.19,true,0,
7290106955950,false,סאנדיי כפפות L-XL,EGM השקעות בעמ,,כפפות גומי רב פעמיות לניקיון L-XL,,0.00,0.00,false,1.00,7.90,3.95,true,0,
7290106956445,false,לייף צמרונים לתיקון איפור-70 יחידות,ח.א.ייבוא ושיווק,CN,צמרונים לתיקון ולהסרת איפור,,0.00,0.00,false,1.00,7.90,0.00,true,0,
7290106956568,false,לייף שעוונית עבה למיטת ילדים 2014,איתן,,שעוונית עבה למיטת ילדים,,0.00,0.00,false,1.00,28.90,28.90,true,0,
7290106956575,false,לייף סדין ניילון למיטת תינוק 2014,איתן,,סדין ניילון למיטת תינוק,,0.00,0.00,false,1.00,21.90,21.90,true,0,
7290106956582,false,לייף סדין ניילון למיטת ילדים 2014,איתן,,סדין ניילון למיטת ילדים,,0.00,0.00,false,1.00,23.90,23.90,true,0,
7290106959286,false,לייף מברשת פרו אינטרדנטל שלישיה,טריזה,CH,DENTAL מברשת שיניים פרו אינטרדנטלי סופט-מדיום,,0.00,0.00,false,1.00,25.90,8.63,true,0,
7290106959293,false,לייף מברשת שיניים קומפורט ווייט זוג,טריזה,CH,DENTAL מברשת שיניים קומפורט וויט סופט-מדיום,,0.00,0.00,false,1.00,19.90,9.95,true,0,
7290106960718,false,לייף משחת החתלה תינוק במרקם פסטה 100 גרם,אמיליה קוסמטיקס,,משחת החתלה במרקם פסטה,,0.00,0.00,false,1.00,13.90,0.13,true,0,
7290106960930,false,לייף מקלוני אזניים שקית 100 יח ח.א יבוא,General,CN,מקלוני צמר גפן מקלוני פלסטיק,,0.00,0.00,false,1.00,2.90,0.02,true,0,
7290106961562,false,לייף חיתולי שחיה M בייביס 12 יח,ONTEX,,חיתולי שחייה מידה M,,0.00,0.00,false,1.00,26.90,2.24,true,0,
7290106961579,false,לייף חיתולי שחיה L בייביס 11 יח,ONTEX,,חיתולי שחייה מידה L,,0.00,0.00,false,1.00,26.90,2.44,true,0,
7290106962804,false,לייף בייביז שמן אמבט טיפולי 500 מל,3OL,IL,שמן אמבטיה טיפולי לתינוק,,0.00,100.00,false,1.00,64.90,0.00,true,0,
7290106964389,false,לייף מים מינרלים 0.33 דיסני ילדים שישיה,אדיר,,מים מינרלים טבעיים לילדים בדמויות דיסני 0.330 ליטר,,0.00,1.00,false,1.00,12.90,6.51,true,0,
7290106964525,false,לייף סכיני גילוח חד פעמיים 12 יח נשים,פרסונה,IL,סכיני גילוח חד פעמיים 2 להבים עם פס לחות וויטמין E ולהבים בציפוי קרמי,,0.00,0.00,false,1.00,22.90,1.90,true,0,
7290106964532,false,לייף סכיני גילוח חד פעמיים 12 יח גברים,פרסונה,IL,סכיני גילוח חד פעמיים 2 להבים עם פס לחות וויטמין E ולהבים בציפוי קרמי,,0.00,0.00,false,1.00,22.90,1.90,true,0,
7290106964549,false,לייף וולנס סוכרלוז ממתיק בטעם סוכר 100 ש,לייף,IL,סוכרלוז ממתיק,,0.00,0.00,false,1.00,24.90,0.24,true,0,
7290106965928,false,לייף סטרונג-הייר FREE שמפו 250 מל,לייף,IL,שמפו טיפולי סטרונג-הייר ללא SLS/SLES,,0.00,100.00,false,1.00,44.90,0.00,true,0,
7290106965935,false,לייף סטרונג-הייר מרכך 250 מל,לייף,IL,מרכך שיער סטרונג-הייר ללא SLS/SLES,,0.00,100.00,false,1.00,29.90,0.00,true,0,
7290106965942,false,לייף סטרונג-הייר מסכה 250 מל,לייף,IL,מסיכת שיער מקצועית,,0.00,100.00,false,1.00,39.90,0.00,true,0,
7290106965959,false,לייף סטרונג-הייר אקטיב אמפולות,לייף,IL,אמפולות סטרונג-הייר אקטיב לטיפול בשיער דליל,,0.00,0.00,false,1.00,119.90,14.98,true,0,
7290106965966,false,לייף זבנג שמפו להיגיינת הראש 400 מל,לייף,IL,Z שמפו זבנג,,0.00,100.00,false,1.00,29.90,0.00,true,0,
7290106965973,false,לייף זבנג מרכך להיגיינת הראש 400 מל,לייף,IL,Z מרכך זבנג,,0.00,100.00,false,1.00,29.90,0.00,true,0,
7290106967656,false,סאנדיי OXY ספריי מסיר כתמים 750 מל,לייף,IL,OXY ספריי מסיר כתמים,,0.00,100.00,false,1.00,12.90,0.00,true,0,
7290106969117,false,לייף שישיית מים מינרלים 500 מל מור.אלפים,General,IT,מים מינרליים טבעיים,,0.00,1.00,false,1.00,12.90,4.30,true,0,
7290106969124,false,לייף מים מינרלים 500 מל בודד מורד.אלפים,General,IT,מים מינרלים טבעיים H2O,,0.00,100.00,false,1.00,4.90,0.00,true,0,
7290106969193,false,לייף בייביז מתלה לעגלת תינוק,לייף,CN,מתלה לעגלת תינוק,,0.00,0.00,false,1.00,24.90,24.90,true,0,
7290106969780,false,סאנדיי נוזל לניקוי רצפה עם ווקס אביב 2 ל,סאסא-טק,IL,נוזל רצפות בתוספת ווקס בניחוח פרחי אביב,,0.00,1.00,false,1.00,16.90,8.45,true,0,
<<<<<<< HEAD
7290107280549,false,"סנו - K400 קוטל זבובים ויתושים 300 מ""ל","סנו מפעלי ברונוס בע""מ",IL,K 400 זבובים ויתושים,,0.00,100.00,false,1.00,12.90,0.00,true,0,
7290107280570,false,סנו - מקסימה ג'ל כביסה מרוכז לכביסה צבעונית 3 ליטר,מיוצר עי קונדיטוריית,IL,ג'ל כביסה מרוכז מיקס אנד ווש לכביסה צבעונית,,0.00,1.00,false,1.00,32.90,10.96,true,0,
7290107280662,false,"סנו מקסימה בייבי אבקת לכביסה 1.25 ק""ג",סנו מקסימה,IL,בייבי אבקת כביסה מרוכזת לבגדי תינוקות ולבעלי עור רגיש,,0.00,1.00,false,1.00,14.90,11.92,true,0,
7290107280723,false,נוזל לניקוי כלים סנו ספארק Spark בניחוח לימון רענן,סנו כימיקלים,IL,נוזל כלים בניחוח לימון,,0.00,100.00,false,1.00,9.90,0.00,true,0,
7290107280761,false,נוזל לניקוי כלים בניחוח לימון רענן סנו ספארק Spark,מיוצר עי קונדיטוריית,IL,נוזל לניקוי כלים בניחוח לימון מרענן,,0.00,1.00,false,1.00,12.90,12.90,true,0,
7290107280815,false,"K301 קוטל זוחלים 300 מ""ל","סנו מפעלי ברונוס בע""מ",IL,K301 תיקנים ונמלים,,0.00,100.00,false,1.00,12.90,0.00,true,0,
=======
7290107280549,false,"סנו - K400 קוטל זבובים ויתושים 300 מ""ל",החברה הדרומית לשיווק בעמ,IL,K 400 זבובים ויתושים,,0.00,100.00,false,1.00,12.90,0.00,true,0,
7290107280570,false,סנו - מקסימה ג'ל כביסה מרוכז לכביסה צבעונית 3 ליטר,החברה הדרומית לשיווק בעמ,IL,ג'ל כביסה מרוכז מיקס אנד ווש לכביסה צבעונית,,0.00,1.00,false,1.00,32.90,10.96,true,0,
7290107280662,false,"סנו מקסימה בייבי אבקת לכביסה 1.25 ק""ג",סנו מקסימה,IL,בייבי אבקת כביסה מרוכזת לבגדי תינוקות ולבעלי עור רגיש,,0.00,1.00,false,1.00,14.90,11.92,true,0,
7290107280723,false,נוזל לניקוי כלים סנו ספארק Spark בניחוח לימון רענן,החברה הדרומית לשיווק בעמ,IL,נוזל כלים בניחוח לימון,,0.00,100.00,false,1.00,9.90,0.00,true,0,
7290107280761,false,נוזל לניקוי כלים בניחוח לימון רענן סנו ספארק Spark,החברה הדרומית לשיווק בעמ,IL,נוזל לניקוי כלים בניחוח לימון מרענן,,0.00,1.00,false,1.00,12.90,12.90,true,0,
7290107280815,false,קוטל חרקים K301 סנו (300 מל),החברה הדרומית לשיווק בעמ,IL,K301 תיקנים ונמלים,,0.00,100.00,false,1.00,12.90,0.00,true,0,
>>>>>>> d048ac2f4f281c9d788043ab4e81b61b0dbe3743
7290107544481,false,אורנה 19קרם להסרת שיער קלאסי 80 מל,אלפא קוסמטיקה,IL,קרם להסרת שיער אורגינל,,0.00,100.00,false,1.00,24.90,0.00,true,0,
7290107544498,false,קרם להסרת שיער לקו ביקיני אורנה 19 80 ג',אלפא קוסמטיקה,IL,קרם להסרת שיער לקו הביקיני,,0.00,100.00,false,1.00,24.90,0.00,true,0,
7290107545365,false,אורנה 19 קרם גוף ונילה אנד סולט,אלפא קוסמטיקה,IL,קרם גוף ונילה אנד סולט,,0.00,100.00,false,1.00,13.90,0.00,true,0,
7290107644488,false,בייגל בייגל בייגלה שמיניות עם מלח 255 ג,יוניליוור ישראל שיווק בע`מ,IL,בייגלה שמיניות עם מלח,,0.00,100.00,false,1.00,8.90,0.00,true,0,
7290107646147,false,"חטיף שוגי קורנפלקס תלמה 156 גרם מארז 6 יחידות בד""צ",יוניליוור ישראל שיווק בע`מ,IL,חטיף דגנים שוגי קורנפלקס,,0.00,0.00,false,1.00,15.90,2.65,true,0,
7290107646154,false,"חטיף קוקומן פצפוצים תלמה 126 גרם מארז 6 יחידות בד""צ",יוניליוור ישראל שיווק בע`מ,IL,חטיף דגנים קוקומן,,0.00,0.00,false,1.00,15.90,2.65,true,0,
7290107646376,false,סיף מטליות לחות לניקוי כללי בניחוח לימון,"יוניליוור ישראלשיווק בע""מ",IL,מטליות לניקוי כללי בניחוח לימון,,0.00,0.00,false,1.00,10.90,0.00,true,0,
7290107647366,false,דומסטוס סבון אסלה 5 הפועלות בניחות ליים 3 יח' * 55 ג',יוניליוור ישראל שיווק בע`מ,PL,סבון אסלה 5 הפעולות שלישייה בניחוח ליים,,0.00,0.00,false,1.00,19.90,6.63,true,0,
7290107937627,false,מסטיק מאסט Must קוביות ללא סוכר בטעם מנטה עדינה,שטראוס גרופ בע`מ,IL,קוביות גומי לעיסה ללא סוכר בטעם ספירמינט,,0.00,100.00,false,1.00,11.90,0.00,true,0,
7290107937634,false,צנצנית מסטיק מאסט קוביות פפירמינט 58 ג' עלית,שטראוס גרופ בע`מ,IL,קוביות גומי לעיסה ללא סוכר בטעם פפרמינט,,0.00,100.00,false,1.00,11.90,0.00,true,0,
7290107937641,false,צנצנת קוביות בזוקה גומי לעיסה 58גר,שטראוס גרופ בע`מ,IL,קוביות גומי לעיסה ללא סוכר בטעם בזוקה,,0.00,100.00,false,1.00,11.90,0.00,true,0,
7290107937856,false,קפסולות 11חזק למכונות נספרסו עלית 10יח',הנסיך- מפעל לייצור ט,IL,קפסולות קפה 100% גואטמלה 11,,0.00,0.00,false,1.00,18.90,1.89,true,0,
7290107947480,false,אנרגי חטיפי דגנים מצופה אגוזים ושוקולד 6,"שטראוס גרופ בע""\מ",IL,חטיף דגנים מצופה שוקולד חלב מעולה עם שברי אגוזים,,0.00,0.00,false,1.00,15.90,2.65,true,0,
7290107956901,false,קפסולות בטעם אגוזים למכונת נספרסו עלית 10 יחידות,שטראוס קפה בי.וי.,IL,קפסולות קפה בטעם אגוזי לוז N,,0.00,0.00,false,1.00,18.90,1.89,true,0,
7290107956925,false,קפסולות 13 אוגנדה למכונת נספרסו עלית 10יח',שטראוס קפה בי.וי.,IL,קפסולות קפה עשיר 100% אוגנדה 13,,0.00,0.00,false,1.00,18.90,1.89,true,0,
7290107970129,false,"ליידי ספיד סטיק - דאודורנט רול און לאישה פרש אסנס סחלב שחור 50 מ""ל",הנסיך- מפעל לייצור ט,IT,דאודורנט רול און פרש אנד אסנס בניחוח סחלב,,0.00,100.00,false,1.00,14.90,0.00,true,0,
7290107971751,false,מי פה קולגייט טוטל ללא אלכוהול פפרמינט,יבואן ומשווק: ש. שסט,PL,מי פה טוטאל כחול מנטה 12 שעות הגנה ללא אלכוהול,,0.00,100.00,false,1.00,32.90,0.00,true,0,
7290107972307,false,קולגייט משחה אופטיק וויט אנד ריסטור 75מל,הנסיך- מפעל לייצור ט,PL,משחת שיניים אופטיק ווייט וייטן ריסטור לשיניים חזקות ובהירות מדי יום,,0.00,100.00,false,1.00,31.90,0.00,true,0,
7290107973014,false,"סבון ידיים משאבה פלמוליב חלב ודבש 300 מ""ל",הנסיך- מפעל לייצור ט,TR,סבון ידיים מועשר בתמציות חלב ודבש,,0.00,100.00,false,1.00,9.90,0.00,true,0,
7290107973038,false,"סבון ידיים משאבה פלמוליב אקווריום 300 מ""ל",הנסיך- מפעל לייצור ט,TR,סבון ידיים אקווריום להזנת העור,,0.00,100.00,false,1.00,9.90,0.00,true,0,
7290107973311,false,קולגייט מברשת שיניים 360 פחם זהב זוג,הנסיך- מפעל לייצור ט,CN,מברשת שיניים סיבי פחם וזהב 360 אופטיק ווייט לניקוי כל חלל הפה,,0.00,0.00,false,1.00,39.90,0.00,true,0,
7290107974301,false,ליידי ספיד סטיק - דאודורנט ג'ל לאישה אלוורה 45 גרם,ליידי ספיד סטיק Lady Speed Stick,US,דאודורנט ג'ל הגנת אלוורה,,0.00,100.00,false,1.00,14.90,0.00,true,0,
7290107974646,false,מרידול נשימה רעננה שטיפת פה 400 מל,הנסיך- מפעל לייצור ט,PL,מי פה לנשימה רעננה יעילות מוכחת קלינית,,0.00,100.00,false,1.00,34.90,0.00,true,0,
7290107975278,false,דאודורנט סטיק עם הגנת אלוורה Aloe Protection,ליידי ספיד סטיק Lady Speed Stick,US,דאודורנט סטיק עם אלוורה,,0.00,100.00,false,1.00,25.90,0.00,true,0,
7290107975292,false,ליידי ספיד סטיק - דאודורנט סטיק נערות ורוד 65 גרם,ליידי ספיד סטיק Lady Speed Stick,US,דאודורנט סטיק נערות קראש ורוד,,0.00,100.00,false,1.00,29.90,0.00,true,0,
7290107975346,false,ספיד סטיק - דאודורנט ג'ל לגבר כוח הטבע 85 גרם,קולגייט-פלמוליב,US,דאודורנט ג'ל כח הטבע,,0.00,100.00,false,1.00,31.90,0.00,true,0,
7290107975360,false,ליידי ספיד סטיק פיור פרשנס ג'ל נשים 65ג',ליידי ספיד סטיק Lady Speed Stick,US,דאודורנט ג'ל פיור פרשנס 24/7,,0.00,100.00,false,1.00,14.90,0.00,true,0,
7290107975544,false,"קולגייט משחת שיניים סמיילס ברבי לגילאי 6 50מ""ל",קולגייט- פלמוליב,PL,משחת שיניים ילדים ברבי לגילאי 6+ לשיניים חזקות בטעם פירות,,0.00,100.00,false,1.00,13.90,0.00,true,0,
<<<<<<< HEAD
7290107976589,false,"שטיפת פה קולגייט אופטיק וייט 250 מ""ל",שסטוביץ,PL,מי פה אופטיק ווייט ללא אלכוהול למראה חיוך זוהר,,0.00,100.00,false,1.00,19.90,0.00,true,0,
=======
7290107976589,false,"שטיפת פה קולגייט אופטיק וייט 250 מ""ל",ש.שסטוביץ בעמ,PL,מי פה אופטיק ווייט ללא אלכוהול למראה חיוך זוהר,,0.00,100.00,false,1.00,19.90,0.00,true,0,
>>>>>>> d048ac2f4f281c9d788043ab4e81b61b0dbe3743
7290107976848,false,פלמוליב סבון מוצק קמומיל רביעייה 360 ג,קולגייט-פלמוליב,TR,סבון מוצק מועשר בתמציות קמומיל וויטמין E,,0.00,100.00,false,1.00,19.90,0.00,true,0,
7290107977456,false,"פלמוליב - ג'ל רחצה ושמפו ספורט לגבר 750 מ""ל",קולגייט פלמוליב,TR,ג'ל רחצה ושמפו ספורט לגבר 2ב1 עם משאבה,,0.00,100.00,false,1.00,21.90,0.00,true,0,
7290107977753,false,"משחת שיניים פרודונט אקספרס 75 מ""ל ""מרידול""",קולגייט פלמוליב,PL,משחת שיניים לחניכיים רגישות פרודונט אקספרט יעילות מוכחת קלינית,,0.00,100.00,false,1.00,25.90,0.00,true,0,
7290107978101,false,מש.שיניים קולגייט א.וויט אקסטרה פאוור 75,קולגייט-פלמוליב,PL,משחת שיניים אופטיק ווייט אקסטרה פאוור לחיוך לבן וזוהר,,0.00,100.00,false,1.00,31.90,0.00,true,0,
7290107978637,false,"מרידול משחת שיניים 75 מ""ל כשל""פ-מרכז",קולגייט פלמוליב,PL,משחת שיניים מסייעת בטיפול ומניעה של בעיות חניכיים,,0.00,100.00,false,1.00,19.90,0.00,true,0,
<<<<<<< HEAD
7290108201284,false,איירוויק מקלות ריחניים בניחוח לבנדר מתוק,איירוויק Air Wick,HU,LIFE SCENTS מקלות ריחניים בניחוח לבנדר מתוק,,0.00,0.00,false,1.00,19.90,0.00,true,0,
7290108350210,false,סנו סושי 30 שקיות אשפה XL חזקות במיוחד,מיוצר עי קונדיטוריית,IL,"סושי EXTRA שקיות אשפה חזקות במיוחד 65*75 ס""מ",,0.00,0.00,false,1.00,25.90,0.86,true,0,
7290108350616,false,סנו - מקסימה מרכך כביסה מרוכז פריחה כחולה 1 ליטר,"סנו מפעלי ברונוס בע""\מ",IL,Inspirations blue blossom מרכך כביסה בבישום עוצמתי,,0.00,1.00,false,1.00,17.90,17.90,true,0,
7290108350623,false,מרכך כביסה סופר מרוכז סופט סילק מקסימה 1 ל' סנו,"סנו מפעלי ברונוס בע""\מ",IL,INSPIRATIONS SOFT SILK מרכך בבישום עוצמתי ורוד,,0.00,1.00,false,1.00,17.90,17.90,true,0,
=======
7290108201284,false,איירוויק מקלות ריחניים בניחוח לבנדר מתוק,רקיט בנקיזר (ניר איסט) בעמ,HU,LIFE SCENTS מקלות ריחניים בניחוח לבנדר מתוק,,0.00,0.00,false,1.00,19.90,0.00,true,0,
7290108350210,false,סנו סושי 30 שקיות אשפה XL חזקות במיוחד,החברה הדרומית לשיווק בעמ,IL,"סושי EXTRA שקיות אשפה חזקות במיוחד 65*75 ס""מ",,0.00,0.00,false,1.00,25.90,0.86,true,0,
7290108350616,false,סנו - מקסימה מרכך כביסה מרוכז פריחה כחולה 1 ליטר,החברה הדרומית לשיווק בעמ,IL,Inspirations blue blossom מרכך כביסה בבישום עוצמתי,,0.00,1.00,false,1.00,17.90,17.90,true,0,
7290108350623,false,מרכך כביסה סופר מרוכז סופט סילק מקסימה 1 ל' סנו,החברה הדרומית לשיווק בעמ,IL,INSPIRATIONS SOFT SILK מרכך בבישום עוצמתי ורוד,,0.00,1.00,false,1.00,17.90,17.90,true,0,
>>>>>>> d048ac2f4f281c9d788043ab4e81b61b0dbe3743
7290108350722,false,אורביטול גוניור משחת שיניים בוב ספוג 70ג,טרופיקל דגיל תעשיות קוסמ,IL,משחת שיניים לילדים עם פלואוריד למניעת עששת בוב ספוג בטעם ענבים מרענן גילאי +6,,0.00,100.00,false,1.00,11.90,0.00,true,0,
7290108350746,false,אורביטול מברשת שיניים פיות חשמלית,החברה הדרומית,CN,מברשת שיניים לילדים עם סוללות - פיות,,0.00,0.00,false,1.00,39.90,0.00,true,0,
7290108350968,false,קרמה דאודורנט ספריי הגנה מוגברת 150 מל,החברה הדרומית לשיווק בעמ,IL,דאודורנט ספריי הגנה מוגברת,,0.00,100.00,false,1.00,16.90,0.00,true,0,
7290108351156,false,ג'ל ניקוי כללי בתוספת חומץ בריח לבנדר סנו ג'ט 1.5 ליטר,החברה הדרומית לשיווק בעמ,IL,+ JET ג'ל לניקוי כללי ורצפות בתוספת חומץ,,0.00,1.00,false,1.00,14.90,9.93,true,0,
7290108351538,false,סנופרש הום מבשם לבית בניחוח מרכך כביסה ב,סנו מפעלי ברונוס בעמn,IL,פרש הום מבשם לבית בניחוח מרכך כביסה בלו בלוסום,,0.00,100.00,false,1.00,12.90,0.00,true,0,
7290108351552,false,"סנו - ג'ט לניקוי כללי בתוספת חומץ בניחוח לבנדר 750 מ""ל",החברה הדרומית לשיווק בעמ,IL,JET+ לניקוי כללי בתוספת חומץ לניקוי והברקה בקלות בניחוח לבנדר,,0.00,100.00,false,1.00,12.90,0.00,true,0,
7290108351569,false,מבשם ומרכך למייבש כביסה Baby לתינוקות ולעור רגיש,החברה הדרומית לשיווק בעמ,IL,BABY מבשם ומרכך למייבש כביסה,,0.00,100.00,false,1.00,18.90,0.00,true,0,
7290108351613,false,סנו ריצפז פרש הום 2 ליטר בניחוח מלון חלומי,החברה הדרומית לשיווק בעמ,IL,פרש הום מלון חלומי,,0.00,1.00,false,1.00,21.90,10.95,true,0,
7290108351620,false,סנו פרש NO.2 לוכד ריחות רעים,"סנו מפעלי ברונוס בע""\מ",IL,פרש NO.2 לוכד ריחות רעים להתזה באסלה לפני... ניחוח לימון,,0.00,100.00,false,1.00,14.90,0.00,true,0,
<<<<<<< HEAD
7290108351699,false,סנו - ג'ט מטליות לחות לניקוי כללי בתוספת חומץ לבנדר שלישיה,סנו מפעלי ברונוס על,IL,JET+ מטליות לחות לניקוי כללי בתוספת חומץ להברקה בקלות,,0.00,0.00,false,1.00,19.90,0.13,true,0,
7290108351767,false,סנו פרש מכשיר אוטומטי + מילוי בלו אייר,"יצרן מכשיר: זובלה, ש",IL,סנו פרש מכשיר אוטומטי + מילוי בלו אייר,,0.00,0.00,false,1.00,44.90,44.90,true,0,
7290108351804,false,מרכך כביסה סופר מרוכז Gentl Breeze סנו מקסימה 1 ליטר,מיוצר עי קונדיטוריית,,מרכך כביסה ג'נטל בריז,,0.00,1.00,false,1.00,17.90,17.90,true,0,
7290108351811,false,מרכך כביסה סופר מרוכז Floral touch סנו מקסימה 1 ליטר,מיוצר עי קונדיטוריית,,מרכך כביסה פלורל טאצ',,0.00,1.00,false,1.00,17.90,17.90,true,0,
7290108351972,false,סנופרש הום מבשם לבית בניחוח מלון בוטיק,מיוצר עי קונדיטוריית,IL,פרש הום מבשם לבית ולטקסטיל בניחוח מלון בוטיק,,0.00,100.00,false,1.00,12.90,0.00,true,0,
7290108351989,false,סנופרש הום מבשם לבית בניחוח מלון מפנק,מיוצר עי קונדיטוריית,IL,פרש הום מבשם לבית ולטקסטיל בניחוח מלון מפנק,,0.00,100.00,false,1.00,12.90,0.00,true,0,
7290108351996,false,"חיטוי בייבי 99.9% לחיטוי וניקוי בסביבת תינוקות 750 מ""ל","סנו מפעלי ברונוס בע""\מ",IL,בייבי 99.9% תרסיס חיטוי וניקוי בסביבת התינוק,,0.00,0.00,false,1.00,14.90,0.00,true,0,
7290108352047,false,אורביטול - צמד מברשות שיניים 808 + חוט דנטלי במתנה,החברה הדרומית,CN,מברשות שיניים Pro-Hygienist 808 עם סיבים דקים ורכים במיוחד לחניכיים ושיניים רגישות+חוט דנטלי,,0.00,0.00,false,1.00,19.90,0.00,true,0,
7290108352078,false,"שטיפת פה protective salt אורביטול 500 מ""ל",טרופיקל דגיל תעשיות,IL,שטיפת פה PROTECTIVE SALT,,0.00,100.00,false,1.00,24.90,0.00,true,0,
7290108352085,false,"מי פה אורביטול רעננות חריפה 500 מ""ל",טרופיקל דגיל תעשיות,IL,שטיפת פה SHOCKING FRESH,,0.00,100.00,false,1.00,19.90,0.00,true,0,
7290108352092,false,משחת שיניים אורביטול פרוטקטיב סולט בטעם מנטה,טרופיקל דגיל תעשיות קוסמ,IL,משחת שיניים PROTECTIVE SALT,,0.00,100.00,false,1.00,15.90,0.00,true,0,
7290108352108,false,משחת שיניים אורביטול רעננות חריפה 145 גר,טרופיקל דגיל תעשיות קוסמ,IL,משחת שיניים SHOCKING FRESH,,0.00,100.00,false,1.00,12.90,0.00,true,0,
7290108352214,false,סנו - מקסימה קפסולות כביסה בניחוח בריזה מרעננת 40 יח',טרופיקל דגיל תעשיות,IL,קפסולות לכביסה FRESH BREEZE,,0.00,0.00,false,1.00,34.90,0.87,true,0,
7290108352221,false,סנופרש הום מבשם נוזלי בניחוח מלון מפנק,סנו מפעלי ברונוס בעמ,IL,פרש הום מבשם לבית ולטקסטיל בניחוח מלון מפנק,,0.00,100.00,false,1.00,12.90,0.00,true,0,
7290108352252,false,נוזל לניקוי כלים מתאים לניקוי ירקות ופירות סנו ספארק,"סנו מפעלי ברונוס בע""\מ",IL,נוזל לניקוי כלים ללא בושם וללא צבע. מתאים לניקוי ירקות ופירות,,0.00,1.00,false,1.00,12.90,12.90,true,0,
7290108352276,false,סנו המטליות משמידות 99.9% מהחיידקים 10 יחידות,"סנו מפעלי ברונס בע""\מ",IL,99.9% מטליות לחיטוי ולניקוי רצפות,,0.00,0.00,false,1.00,10.00,0.00,true,0,
7290108352290,false,שלישיית מטליות לחיטוי ולניקוי יסודי לחדר האמבטיה סדרת 99.9%,מיוצר עי קונדיטוריית,IL,99.9% מטליות לחיטוי ולניקוי יסודי לחדר האמבטיה,,0.00,0.00,false,1.00,14.90,0.00,true,0,
7290108352320,false,"מבשם אויר סנו פרש הום בניחוח כותנה מלטפת 350 מ""ל",מיוצר עי קונדיטוריית,IL,פרש הום מבשם לבית ולטקסטיל בניחוח מלון בוטיק,,0.00,100.00,false,1.00,12.90,0.00,true,0,
7290108352337,false,"סנו - פרש מילוי למטהר אוויר מלון מפנק 250 מ""ל",מיוצר עי קונדיטוריית,IL,פרש הום מבשם אויר מילוי למכשיר אוטומטי בניחוח מלון מפנק,,0.00,100.00,false,1.00,15.90,0.00,true,0,
7290108352344,false,"פרש מבשם אויר אוטומטי בניחוח לבנדר סנו 250 מ""ל",מיוצר עי קונדיטוריית,IL,פרש הום מבשם אויר מילוי למכשיר אוטומטי בניחוח מלון בוטיק,,0.00,100.00,false,1.00,15.90,0.00,true,0,
7290108352382,false,מטליות לחות אישיות לחיטוי משטחים ואביזרים 99.9 % 20 יחי,טרופיקל דגיל תעשיות,IL,99.9% מטליות לחות אישיות לחיטוי משטחים ואביזרים לשמירה על ההגיינה,,0.00,0.00,false,1.00,9.90,0.49,true,0,
=======
7290108351699,false,סנו - ג'ט מטליות לחות לניקוי כללי בתוספת חומץ לבנדר שלישיה,החברה הדרומית לשיווק בעמ,IL,JET+ מטליות לחות לניקוי כללי בתוספת חומץ להברקה בקלות,,0.00,0.00,false,1.00,19.90,0.13,true,0,
7290108351767,false,סנו פרש מכשיר אוטומטי לבישום אוויר blue,החברה הדרומית לשיווק בעמ,IL,סנו פרש מכשיר אוטומטי + מילוי בלו אייר,,0.00,0.00,false,1.00,44.90,44.90,true,0,
7290108351804,false,מרכך כביסה סופר מרוכז Gentl Breeze סנו מקסימה 1 ליטר,החברה הדרומית לשיווק בעמ,,מרכך כביסה ג'נטל בריז,,0.00,1.00,false,1.00,17.90,17.90,true,0,
7290108351811,false,מרכך כביסה סופר מרוכז Floral touch סנו מקסימה 1 ליטר,החברה הדרומית לשיווק בעמ,,מרכך כביסה פלורל טאצ',,0.00,1.00,false,1.00,17.90,17.90,true,0,
7290108351972,false,סנופרש הום מבשם לבית בניחוח מלון בוטיק,החברה הדרומית לשיווק בעמ,IL,פרש הום מבשם לבית ולטקסטיל בניחוח מלון בוטיק,,0.00,100.00,false,1.00,12.90,0.00,true,0,
7290108351989,false,סנופרש הום מבשם לבית בניחוח מלון מפנק,החברה הדרומית לשיווק בעמ,IL,פרש הום מבשם לבית ולטקסטיל בניחוח מלון מפנק,,0.00,100.00,false,1.00,12.90,0.00,true,0,
7290108351996,false,"חיטוי בייבי 99.9% לחיטוי וניקוי בסביבת תינוקות 750 מ""ל",החברה הדרומית לשיווק בעמ,IL,בייבי 99.9% תרסיס חיטוי וניקוי בסביבת התינוק,,0.00,0.00,false,1.00,14.90,0.00,true,0,
7290108352047,false,אורביטול - צמד מברשות שיניים 808 + חוט דנטלי במתנה,החברה הדרומית לשיווק בעמ,CN,מברשות שיניים Pro-Hygienist 808 עם סיבים דקים ורכים במיוחד לחניכיים ושיניים רגישות+חוט דנטלי,,0.00,0.00,false,1.00,19.90,0.00,true,0,
7290108352078,false,"שטיפת פה protective salt אורביטול 500 מ""ל",החברה הדרומית לשיווק בעמ,IL,שטיפת פה PROTECTIVE SALT,,0.00,100.00,false,1.00,24.90,0.00,true,0,
7290108352085,false,"מי פה אורביטול רעננות חריפה 500 מ""ל",החברה הדרומית לשיווק בעמ,IL,שטיפת פה SHOCKING FRESH,,0.00,100.00,false,1.00,19.90,0.00,true,0,
7290108352092,false,משחת שיניים אורביטול פרוטקטיב סולט בטעם מנטה,טרופיקל דגיל תעשיות קוסמ,IL,משחת שיניים PROTECTIVE SALT,,0.00,100.00,false,1.00,15.90,0.00,true,0,
7290108352108,false,משחת שיניים אורביטול רעננות חריפה 145 גר,טרופיקל דגיל תעשיות קוסמ,IL,משחת שיניים SHOCKING FRESH,,0.00,100.00,false,1.00,12.90,0.00,true,0,
7290108352214,false,סנו - מקסימה קפסולות כביסה בניחוח בריזה מרעננת 40 יח',החברה הדרומית לשיווק בעמ,IL,קפסולות לכביסה FRESH BREEZE,,0.00,0.00,false,1.00,34.90,0.87,true,0,
7290108352221,false,סנופרש הום מבשם נוזלי בניחוח מלון מפנק,החברה הדרומית לשיווק בעמ,IL,פרש הום מבשם לבית ולטקסטיל בניחוח מלון מפנק,,0.00,100.00,false,1.00,12.90,0.00,true,0,
7290108352252,false,נוזל לניקוי כלים מתאים לניקוי ירקות ופירות סנו ספארק,החברה הדרומית לשיווק בעמ,IL,נוזל לניקוי כלים ללא בושם וללא צבע. מתאים לניקוי ירקות ופירות,,0.00,1.00,false,1.00,12.90,12.90,true,0,
7290108352276,false,סנו המטליות משמידות 99.9% מהחיידקים 10 יחידות,החברה הדרומית לשיווק בעמ,IL,99.9% מטליות לחיטוי ולניקוי רצפות,,0.00,0.00,false,1.00,10.00,0.00,true,0,
7290108352290,false,שלישיית מטליות לחיטוי ולניקוי יסודי לחדר האמבטיה סדרת 99.9%,החברה הדרומית לשיווק בעמ,IL,99.9% מטליות לחיטוי ולניקוי יסודי לחדר האמבטיה,,0.00,0.00,false,1.00,14.90,0.00,true,0,
7290108352320,false,"מבשם אויר סנו פרש הום בניחוח כותנה מלטפת 350 מ""ל",החברה הדרומית לשיווק בעמ,IL,פרש הום מבשם לבית ולטקסטיל בניחוח מלון בוטיק,,0.00,100.00,false,1.00,12.90,0.00,true,0,
7290108352337,false,"סנו - פרש מילוי למטהר אוויר מלון מפנק 250 מ""ל",החברה הדרומית לשיווק בעמ,IL,פרש הום מבשם אויר מילוי למכשיר אוטומטי בניחוח מלון מפנק,,0.00,100.00,false,1.00,15.90,0.00,true,0,
7290108352344,false,"פרש מבשם אויר אוטומטי בניחוח לבנדר סנו 250 מ""ל",החברה הדרומית לשיווק בעמ,IL,פרש הום מבשם אויר מילוי למכשיר אוטומטי בניחוח מלון בוטיק,,0.00,100.00,false,1.00,15.90,0.00,true,0,
7290108352382,false,מטליות לחות אישיות לחיטוי משטחים ואביזרים 99.9 % 20 יחי,החברה הדרומית לשיווק בעמ,IL,99.9% מטליות לחות אישיות לחיטוי משטחים ואביזרים לשמירה על ההגיינה,,0.00,0.00,false,1.00,9.90,0.49,true,0,
>>>>>>> d048ac2f4f281c9d788043ab4e81b61b0dbe3743
7290108352412,false,"סנו - פרש הום מבשם לבית ולטקסטיל ורד אנגלי ועלים 300 מ""ל",מיוצר עי קונדיטוריית,IL,פרש הום English Rose & Fresh leaves מבשם לבית ולטקסטיל,,0.00,100.00,false,1.00,13.90,0.00,true,0,
7290108352429,false,מטהר אוויר סנו פרש הום נוזלי כחול ארומטי,סנו מפעלי ברונוס בעמ,IL,פרש הום wild wood & berries מבשם לבית ולטקסטיל,,0.00,100.00,false,1.00,13.90,0.00,true,0,
7290108352450,false,ריצפז פרש הום בניחוח מרכך כביסה בלו בלוסום,החברה הדרומית לשיווק בעמ,IL,תרכיז לניקוי כל סוגי הרצפות בניחוח מרכך כביסה BLUE BLOSSOM,,0.00,1.00,false,1.00,24.90,12.45,true,0,
7290108352498,false,מכשיר אוטומטי מעוצב ואלגנטי עם מילוי מלון בוטיק סנו פרש,החברה הדרומית לשיווק בעמ,IL,סנו פרש מכשיר אוטומטי + מילוי מלון בוטיק,,0.00,0.00,false,1.00,44.90,44.90,true,0,
7290108352535,false,סנו - מקסימה דפי בישום לחים למייבש הכביסה בניחוח מרכך כביסה,טרופיגל דגיל תעשיות קוסמ,IL,דפי בישום לחים למייבש הכביסה,,0.00,0.00,false,1.00,13.90,0.69,true,0,
7290108352641,false,סנו סושי מטלית הפלא לניקוי כללי במארז שלישייה,החברה הדרומית לשיווק בעמ,IL,מטלית מיקרופייבר לניקוי כללי,,0.00,0.00,false,1.00,14.90,4.96,true,0,
7290108352672,false,צמד מטליות הפלא לרצפה מיקרפייבר סנו סושי,החברה הדרומית לשיווק בעמ,CN,מטלית מיקרופייבר לריצפה,,0.00,0.00,false,1.00,19.90,9.95,true,0,
7290108352801,false,"שקיות אשפה לפחים קטנים 45 * 56 ס""מ סנו סושי 100 יחידות",החברה הדרומית לשיווק בעמ,IL,"סושי שקיות לפחים קטנים 56X45 ס""מ S",,0.00,0.00,false,1.00,19.90,0.19,true,0,
7290108352825,false,ספוג הפלא נירוסטה סנו סושי 3יח',החברה הדרומית לשיווק בעמ,IL,סושי ספוג הפלא נירוסטה,,0.00,0.00,false,1.00,10.90,3.63,true,0,
7290108352900,false,מגבות נייר בגליל כפול סנו סושי 12=6 גלילים,החברה הדרומית לשיווק בעמ,IL,מגבות הפלא גליל כפול,,0.00,0.00,false,1.00,22.90,3.81,true,0,
7290108353006,false,סנו סושי - שקיות אוכל נקשרות 250 יחידות XL,החברה הדרומית לשיווק בעמ,IL,סושי שקיות אוכל נקשרות XL,,0.00,0.00,false,1.00,12.90,0.05,true,0,
7290108353099,false,ממחטות אף במארז ניילון סנו סופט 5 יח' * 100 דף,החברה הדרומית לשיווק בעמ,IL,סופט ממחטות נייר דו שכבתיות נשלפות אחת אחת,,0.00,0.00,false,1.00,13.90,0.00,true,0,
7290108353372,false,אורביטול צמד מברשות שיניים 12000 סיבי פחם,החברה הדרומית לשיווק בעמ,IL,"מברשות שיניים עם 12,000 סיבי פחם אולטרא סופט",,0.00,0.00,false,1.00,29.90,0.00,true,0,
7290108353402,false,צמד מברשות שיניים עם סיבי פחם דקים במיוחד,יבואן ומשווק: ש. שסט,IL,מברשות שיניים עם סיבי פחם דקים במיוחד לניקוי עמוק ויסודי אקסטרא סופט,,0.00,0.00,false,1.00,19.90,0.00,true,0,
7290108353426,false,צמד מברשות שיניים לחניכיים ושיניים רגישות,החברה הדרומית לשיווק בעמ,IL,מברשות שיניים לחניכיים ושיניים רגישות אקסטרא סופט,,0.00,0.00,false,1.00,19.90,0.00,true,0,
7290108353433,false,שטיפת פה לרעננות מתמשכת מנטה עדין Protect & Fresh,"קוסמופארם בע""\מ",IL,שטיפת פה PROTECT&FRESH לרעננות מתמשכת,,0.00,100.00,false,1.00,19.90,0.00,true,0,
7290108353440,false,אורביטול מברשות שיניים נאנו לחניכיים 2יח,החברה הדרומית לשיווק בעמ,CN,"מברשות שיניים 12,000 סיבים לחניכיים מודלקות ומדממות",,0.00,0.00,false,1.00,29.90,0.00,true,0,
7290108353471,false,סנובון מוצק לאסלה DESIGN בניחוח ספא,החברה הדרומית לשיווק בעמ,IL,סבון אסלה DESIGN ניחוח ספא,,0.00,0.00,false,1.00,7.90,7.90,true,0,
7290108353488,false,סנו - סנובון מעוצב בניחוח סחלב פראי,מיוצר עי קונדיטוריית,IL,סבון אסלה DESIGN ניחוח סחלב פראי,,0.00,0.00,false,1.00,7.90,7.90,true,0,
<<<<<<< HEAD
7290108353648,false,סנו סושי - שקיות אוכל מנייר 70 יחידות,איי טיי אריזות טורקיה,TR,"סושי שקיות אוכל מנייר XL גודל 15X27 ס""מ",,0.00,0.00,false,1.00,10.90,0.00,true,0,
7290108353716,false,"קרמה - תחליב רחצה חימר פיטאיה 500 מ""ל","קוסמופארם בע""\מn\",IL,תחליב רחצה חימר פיטאיה,,0.00,100.00,false,1.00,14.90,0.00,true,0,
7290108353723,false,"קרמה - תחליב רחצה חימר תה ירוק 500 מ""ל","קוסמופארם בע""\מn\",IL,תחליב רחצה חימר תה ירוק,,0.00,100.00,false,1.00,14.90,0.00,true,0,
7290108353761,false,"תחליב רחצה זן, בניחוח קשמיר 600 מ""ל קרימה","קוסמופארם בע""\מ",IL,SPA תחליב רחצה זן בניחוח קשמיר,,0.00,100.00,false,1.00,17.90,0.00,true,0,
7290108353891,false,"קרמה - דאודורנט רול און לאישה קרמה מאסק 75 מ""ל","קוסמופארם בע""\מ",IL,דאודורנט רול און מאסק,,0.00,100.00,false,1.00,13.90,0.00,true,0,
7290108353907,false,"קרמה - דאודורנט רול און לאישה קרמה קלאסי 75 מ""ל","קוסמופארם בע""\מ",IL,דאודורנט רול און קלאסי,,0.00,100.00,false,1.00,13.90,0.00,true,0,
7290108353969,false,"קרמה - דאודורנט ספריי לאישה קרמה מאסק 150 מ""ל",מיוצר עי : אמיליה קוסמטי,IL,דאודורנט ספריי מאסק,,0.00,100.00,false,1.00,13.90,0.00,true,0,
7290108353983,false,"קרמה - קרם גוף קרמה קלאסי 500 מ""ל",טרופיקל דגיל תעשיות,IL,קרם גוף קלאסי,,0.00,100.00,false,1.00,24.90,0.00,true,0,
7290108353990,false,"קרמה - קרם גוף קרמה מאסק 500 מ""ל",טרופיקל דגיל תעשיות,IL,קרם גוף מאסק,,0.00,100.00,false,1.00,24.90,0.00,true,0,
7290108354034,false,"סבון ידיים קרמה חמאת שיאה וקוקוי 300 מ""ל",טרופיקל דגיל תעשיות,IL,סבון ידיים חמאת שיאה וקוקוי,,0.00,100.00,false,1.00,9.90,0.00,true,0,
7290108354065,false,קרמה מן גל רחצה פילינג 700 מל לגבר,קוסמופארם בע'\'\מ,IL,ג'ל רחצה פילינג,,0.00,100.00,false,1.00,22.90,0.00,true,0,
7290108354263,false,אורביטול גוניור משחת שיניים חד קרן 70גרם,טרופיקל דגיל תעשיות קוסמ,IL,משחת שיניים לילדים עם פלואוריד למניעת עששת חד קרן בטעם ענבים מרענן גילאי +6,,0.00,100.00,false,1.00,11.90,0.00,true,0,
7290108354270,false,מרכך כביסה מרוכז בבישום עוצמתי 1 ל' סנו מקסימה,מיוצר עי קונדיטוריית,,מרכך כביסה CALM,,0.00,1.00,false,1.00,17.90,17.90,true,0,
7290108354416,false,"תחליב רחצה יוגה, בניחוח ברגמוט 600מ""ל קרימה","קוסמופארם בע""\מ",IL,SPA תחליב רחצה יוגה בניחוח ברגמוט,,0.00,100.00,false,1.00,17.90,0.00,true,0,
7290108354430,false,"שמפו כיף לשיקום והזנה שמן קוקוס וקרטין 700 מ""ל",קוסמופארם בעמ,IL,כיף שמפו לשיקום והזנה עם שמן קוקוס וקרטין,,0.00,100.00,false,1.00,12.90,0.00,true,0,
7290108354447,false,"מרכך כיף לשיקום והזנה שמן קוקוס וקרטין 700 מ""ל",גוד פוד פרודקטס S.p,IL,מרכך לשיקום והזנה עם שמן קוקוס וקרטין,,0.00,100.00,false,1.00,12.90,0.00,true,0,
7290108354461,false,קרליין 10 שמפו חימר לכל סוגי השיער 700 מ,החברה הדרומית,IL,שמפו חימר לכל סוגי השיער,,0.00,100.00,false,1.00,13.90,0.00,true,0,
7290108354478,false,קרליין 10 מרכך חימר לכל סוגי השיער 700 מ,החברה הדרומית,IL,מרכך חימר לכל סוגי השיער,,0.00,100.00,false,1.00,13.90,0.00,true,0,
7290108354485,false,"קרליין מרכך 10 לשיער שמן ארגן 700 מ""ל","קוסמופארם בע""\מ",IL,מרכך 10 שמן ארגן,,0.00,100.00,false,1.00,13.90,0.00,true,0,
7290108354492,false,"קרליין שמפו 10 לשיער שמן ארגן 700 מ""ל","קוסמופארם בע""\מ",IL,שמפו 10 שמן ארגן,,0.00,100.00,false,1.00,13.90,0.00,true,0,
7290108354591,false,"תחליב רחצה בניחוח מי קקטוס ושמן באבאסו 750 מ""ל נקה 7","אמיליה קוסמטיקס בע""מ",IL,BIO תחליב רחצה מי קקטוס ושמן באבאסו,,0.00,100.00,false,1.00,12.90,0.00,true,0,
7290108354706,false,"קרמה - תחליב רחצה מאסק 500 מ""ל","קוסמופארם בע""\מ",IL,תחליב רחצה בניחוח מאסק,,0.00,100.00,false,1.00,13.90,0.00,true,0,
7290108354805,false,"שמן גוף קרמה נרולי ומגנוליה 150 מ""ל",החברה הדרומית,IL,שמן גוף נרולי ומגנוליה,,0.00,100.00,false,1.00,24.90,0.00,true,0,
7290108354836,false,קרם ידיים מרוכז לידיים יבשות מאוד בבישום עדין,קוסמופארם,IL,קרם ידיים מרוכז בישום עדין,,0.00,0.00,false,1.00,14.90,0.14,true,0,
7290108355000,false,"שמפו מיניונים לילדים נקה 7 750 מ""ל",אמיליה קוסמטיקס,IL,שמפו KIDS,,0.00,100.00,false,1.00,14.90,0.00,true,0,
7290108355031,false,"נקה 7 אל סבון לילדים מיניונים 750 מ""ל",קוסמופארם בע'\'\מ,IL,אל-סבון KIDS,,0.00,100.00,false,1.00,14.90,0.00,true,0,
7290108355055,false,לחו.לשיער מקצועי גלייז נטורל פורמולה 400,נטורל פורמולה Natural Formula,IL,לחות עם גלייז,,0.00,100.00,false,1.00,29.90,0.00,true,0,
7290108355062,false,לחו.לשיער מקצועי קרטין נטורל פורמולה 400,אמיליה קוסמטיקס,IL,לחות עם קרטין,,0.00,100.00,false,1.00,29.90,0.00,true,0,
7290108355079,false,לחו.לשיער מקצועי קוקוס נטורל פורמולה 400,החברה הדרומית,IL,לחות עם שמן קוקוס,,0.00,100.00,false,1.00,29.90,0.00,true,0,
7290108355086,false,"גלייז מקצועי לשיער נטורל פורמולה 350 מ""ל",נטורל פורמולה Natural Formula,IL,גלייז מקצועי,,0.00,100.00,false,1.00,39.90,0.00,true,0,
=======
7290108353648,false,סנו סושי - שקיות אוכל מנייר 70 יחידות,החברה הדרומית לשיווק בעמ,TR,"סושי שקיות אוכל מנייר XL גודל 15X27 ס""מ",,0.00,0.00,false,1.00,10.90,0.00,true,0,
7290108353716,false,"קרמה - תחליב רחצה חימר פיטאיה 500 מ""ל",החברה הדרומית לשיווק בעמ,IL,תחליב רחצה חימר פיטאיה,,0.00,100.00,false,1.00,14.90,0.00,true,0,
7290108353723,false,"קרמה - תחליב רחצה חימר תה ירוק 500 מ""ל",החברה הדרומית לשיווק בעמ,IL,תחליב רחצה חימר תה ירוק,,0.00,100.00,false,1.00,14.90,0.00,true,0,
7290108353761,false,"תחליב רחצה זן, בניחוח קשמיר 600 מ""ל קרימה",החברה הדרומית לשיווק בעמ,IL,SPA תחליב רחצה זן בניחוח קשמיר,,0.00,100.00,false,1.00,17.90,0.00,true,0,
7290108353891,false,"קרמה - דאודורנט רול און לאישה קרמה מאסק 75 מ""ל",החברה הדרומית לשיווק בעמ,IL,דאודורנט רול און מאסק,,0.00,100.00,false,1.00,13.90,0.00,true,0,
7290108353907,false,"קרמה - דאודורנט רול און לאישה קרמה קלאסי 75 מ""ל",החברה הדרומית לשיווק בעמ,IL,דאודורנט רול און קלאסי,,0.00,100.00,false,1.00,13.90,0.00,true,0,
7290108353969,false,"קרמה - דאודורנט ספריי לאישה קרמה מאסק 150 מ""ל",החברה הדרומית לשיווק בעמ,IL,דאודורנט ספריי מאסק,,0.00,100.00,false,1.00,13.90,0.00,true,0,
7290108353983,false,"קרמה - קרם גוף קרמה קלאסי 500 מ""ל",החברה הדרומית לשיווק בעמ,IL,קרם גוף קלאסי,,0.00,100.00,false,1.00,24.90,0.00,true,0,
7290108353990,false,"קרמה - קרם גוף קרמה מאסק 500 מ""ל",החברה הדרומית לשיווק בעמ,IL,קרם גוף מאסק,,0.00,100.00,false,1.00,24.90,0.00,true,0,
7290108354034,false,"סבון ידיים קרמה חמאת שיאה וקוקוי 300 מ""ל",החברה הדרומית לשיווק בעמ,IL,סבון ידיים חמאת שיאה וקוקוי,,0.00,100.00,false,1.00,9.90,0.00,true,0,
7290108354065,false,קרמה מן גל רחצה פילינג 700 מל לגבר,החברה הדרומית לשיווק בעמ,IL,ג'ל רחצה פילינג,,0.00,100.00,false,1.00,22.90,0.00,true,0,
7290108354263,false,אורביטול גוניור משחת שיניים חד קרן 70גרם,טרופיקל דגיל תעשיות קוסמ,IL,משחת שיניים לילדים עם פלואוריד למניעת עששת חד קרן בטעם ענבים מרענן גילאי +6,,0.00,100.00,false,1.00,11.90,0.00,true,0,
7290108354270,false,מרכך כביסה מרוכז בבישום עוצמתי 1 ל' סנו מקסימה,החברה הדרומית לשיווק בעמ,,מרכך כביסה CALM,,0.00,1.00,false,1.00,17.90,17.90,true,0,
7290108354416,false,"תחליב רחצה יוגה, בניחוח ברגמוט 600מ""ל קרימה",החברה הדרומית לשיווק בעמ,IL,SPA תחליב רחצה יוגה בניחוח ברגמוט,,0.00,100.00,false,1.00,17.90,0.00,true,0,
7290108354430,false,"שמפו כיף לשיקום והזנה שמן קוקוס וקרטין 700 מ""ל",החברה הדרומית לשיווק בעמ,IL,כיף שמפו לשיקום והזנה עם שמן קוקוס וקרטין,,0.00,100.00,false,1.00,12.90,0.00,true,0,
7290108354447,false,"מרכך כיף לשיקום והזנה שמן קוקוס וקרטין 700 מ""ל",החברה הדרומית לשיווק בעמ,IL,מרכך לשיקום והזנה עם שמן קוקוס וקרטין,,0.00,100.00,false,1.00,12.90,0.00,true,0,
7290108354461,false,קרליין 10 שמפו חימר לכל סוגי השיער 700 מ,החב הדרומית לשיווק,IL,שמפו חימר לכל סוגי השיער,,0.00,100.00,false,1.00,13.90,0.00,true,0,
7290108354478,false,קרליין 10 מרכך חימר לכל סוגי השיער 700 מ,החב הדרומית לשיווק,IL,מרכך חימר לכל סוגי השיער,,0.00,100.00,false,1.00,13.90,0.00,true,0,
7290108354485,false,"קרליין מרכך 10 לשיער שמן ארגן 700 מ""ל",החברה הדרומית לשיווק בעמ,IL,מרכך 10 שמן ארגן,,0.00,100.00,false,1.00,13.90,0.00,true,0,
7290108354492,false,"קרליין שמפו 10 לשיער שמן ארגן 700 מ""ל",החברה הדרומית לשיווק בעמ,IL,שמפו 10 שמן ארגן,,0.00,100.00,false,1.00,13.90,0.00,true,0,
7290108354591,false,"תחליב רחצה בניחוח מי קקטוס ושמן באבאסו 750 מ""ל נקה 7",החברה הדרומית לשיווק בעמ,IL,BIO תחליב רחצה מי קקטוס ושמן באבאסו,,0.00,100.00,false,1.00,12.90,0.00,true,0,
7290108354706,false,"קרמה - תחליב רחצה מאסק 500 מ""ל",החברה הדרומית לשיווק בעמ,IL,תחליב רחצה בניחוח מאסק,,0.00,100.00,false,1.00,13.90,0.00,true,0,
7290108354805,false,"שמן גוף קרמה נרולי ומגנוליה 150 מ""ל",החב. הדרומית לשיווק,IL,שמן גוף נרולי ומגנוליה,,0.00,100.00,false,1.00,24.90,0.00,true,0,
7290108354836,false,קרם ידיים מרוכז לידיים יבשות מאוד בבישום עדין,החברה הדרומית לשיווק בעמ,IL,קרם ידיים מרוכז בישום עדין,,0.00,0.00,false,1.00,14.90,0.14,true,0,
7290108355000,false,שמפו לילדים מיניונים נקה 7 (750 מל),החברה הדרומית לשיווק בעמ,IL,שמפו KIDS,,0.00,100.00,false,1.00,14.90,0.00,true,0,
7290108355031,false,"נקה 7 אל סבון לילדים מיניונים 750 מ""ל",החברה הדרומית לשיווק בעמ,IL,אל-סבון KIDS,,0.00,100.00,false,1.00,14.90,0.00,true,0,
7290108355055,false,לחו.לשיער מקצועי גלייז נטורל פורמולה 400,החברה הדרומית לשיווק בעמ,IL,לחות עם גלייז,,0.00,100.00,false,1.00,29.90,0.00,true,0,
7290108355062,false,לחו.לשיער מקצועי קרטין נטורל פורמולה 400,החברה הדרומית לשיווק בעמ,IL,לחות עם קרטין,,0.00,100.00,false,1.00,29.90,0.00,true,0,
7290108355079,false,לחו.לשיער מקצועי קוקוס נטורל פורמולה 400,החברה הדרומית לשיווק בעמ,IL,לחות עם שמן קוקוס,,0.00,100.00,false,1.00,29.90,0.00,true,0,
7290108355086,false,"גלייז מקצועי לשיער נטורל פורמולה 350 מ""ל",החברה הדרומית לשיווק בעמ,IL,גלייז מקצועי,,0.00,100.00,false,1.00,39.90,0.00,true,0,
>>>>>>> d048ac2f4f281c9d788043ab4e81b61b0dbe3743
7290108355093,false,נ.פורמולה ווליום אינטנס שמפו נפח 400 מל,General,IL,ווליום אינטנס שמפו נפח,,0.00,100.00,false,1.00,29.90,0.00,true,0,
7290108355178,false,"קרמה - קרם ידיים חמאת שיאה וקוקוי 100 מ""ל",החברה הדרומית לשיווק בעמ,IL,קרם ידיים מזין חמאת שיאה וקוקוי לעור יבש,,0.00,0.00,false,1.00,9.90,0.09,true,0,
7290108355185,false,"נטורל מסיכת קרטין אינטנס למניעת קשקשים 350 מ""ל",החברה הדרומית לשיווק בעמ,IL,מסכת קרטין טהור מונעת קשקשים,,0.00,100.00,false,1.00,39.90,0.00,true,0,
7290108355192,false,"מרכך קרטין אינטנס למניעת קשקשים נטורל פורמולה 400 מ""ל",החברה הדרומית לשיווק בעמ,IL,אינטנס מרכך קרטין טהור מונע קשקשים,,0.00,100.00,false,1.00,29.90,0.00,true,0,
7290108355208,false,"שמפו קרטין אינטנס למניעת קשקשים נטורל 400 מ""ל",החברה הדרומית לשיווק בעמ,IL,אינטנס שמפו קרטין טהור מונע קשקשים,,0.00,100.00,false,1.00,29.90,0.00,true,0,
7290108355215,false,נ.פורמולה קרטין אינטנס מסכה לשיער +משאבה,החב הדרומית לשיווק,IL,מסכת קרטין טהור לשיער,,0.00,100.00,false,1.00,44.90,0.00,true,0,
7290108355222,false,נ.פורמולה שמפו פיגמנט בלונד,החברה הדרומית,IL,שמפו פיגמנט בלונד,,0.00,100.00,false,1.00,13.90,0.00,true,0,
7290108355307,false,"נקה 7 - שמפו סירוק קל רוזמרין 750 מ""ל",החברה הדרומית לשיווק בעמ,IL,סירוק קל שמפו,,0.00,100.00,false,1.00,12.90,0.00,true,0,
7290108355314,false,מרכך לסירוק קל בתוספת רוזמרין,החברה הדרומית לשיווק בעמ,IL,סירוק קל מרכך,,0.00,100.00,false,1.00,12.90,0.00,true,0,
7290108355352,false,נ.פורמולה שמפו מעצים גוונים,החברה הדרומית,IL,שמפו מעצים גוונים,,0.00,100.00,false,1.00,13.90,0.00,true,0,
7290108355369,false,נ.פורמולה שמפו פיגמנט סילבר,החברה הדרומית,IL,שמפו פיגמנט סילבר,,0.00,100.00,false,1.00,24.90,0.00,true,0,
7290108355383,false,נ.פורמולה מרכך פיגמנט בלונד,החברה הדרומית,IL,מרכך פיגמנט בלונד,,0.00,100.00,false,1.00,13.90,0.00,true,0,
7290108355406,false,נ.פורמולה מרכך פיגמנט חום,החברה הדרומית,IL,מרכך פיגמנט חום,,0.00,100.00,false,1.00,13.90,0.00,true,0,
7290108355451,false,"קרמה - דאודורנט רול און לאישה קרמה ורד ווניל 75 מ""ל",החב הדרומית לשיווק,IL,דאודורנט רול און ורד ווניל,,0.00,100.00,false,1.00,13.90,0.00,true,0,
7290108355482,false,"קרמה - דאודורנט רול און לאישה קרמה לבנדר ואקליפטוס 75 מ""ל",החברה הדרומית לשיווק בעמ,IL,דאודורנט רול און לבנדר ומגנוליה,,0.00,100.00,false,1.00,13.90,0.00,true,0,
7290108355505,false,"דאודורנט רול און נרולי ומגנוליה קרמה 70 מ""ל","אמיליה קוסמטיקס בע""\מ",IL,דאודורנט סטיק נרולי ומגנוליה,,0.00,100.00,false,1.00,19.90,0.00,true,0,
7290108355697,false,"קרליין - בודי מיסט פיור לוב 250 מ""ל",החברה הדרומית,IL,PURE LOVE מבשם גוף,,0.00,100.00,false,1.00,39.90,0.00,true,0,
7290108355703,false,"קרליין - בודי מיסט סטולן קיס 250 מ""ל",החברה הדרומית,IL,STOLEN KISS מבשם גוף,,0.00,100.00,false,1.00,33.10,0.00,true,0,
7290108355727,false,"קרליין קרם גוף מבושם PURE LOVE שפופרת 250 מ""ל",החברה הדרומית,IL,קרליין PURE LOVE קרם גוף מבושם שפופרת,,0.00,100.00,false,1.00,24.90,0.00,true,0,
7290108355734,false,"קרליין קרם גוף מבושם KISS STOLEN שפופרת 250 מ""ל",החברה הדרומית,IL,קרליין STOLEN KISS קרם גוף מבושם שפופרת,,0.00,100.00,false,1.00,21.90,0.00,true,0,
<<<<<<< HEAD
7290108355949,false,"תחליב רחצה קרמה נרולי ומנגוליה 700 מ""ל",קוסמופארם בעמ,IL,תחליב רחצה נרולי ומגנוליה,,0.00,100.00,false,1.00,18.90,0.00,true,0,
7290108356014,false,"כיף תחליב רחצה בניחות מסקרפונה ופירות יער 700 מ""ל",החברה הדרומית,IL,תחליב רחצה בניחוח גלידת מסקרפונה ופירות יער,,0.00,100.00,false,1.00,12.90,0.00,true,0,
7290108356021,false,כיף תחליב רחצה בניחוח גלידת קרם עוגיות,גוד פוד פרודקטס S.p,IL,תחליב רחצה בניחוח גלידת קרם עוגיות,,0.00,100.00,false,1.00,12.90,0.00,true,0,
7290108356090,false,קרמה תרחיץ גל לשטיפה אינטימית 220 מל,קוסמופארם בעמ,IL,תרחיץ ג'ל לשטיפה אינטימית,,0.00,100.00,false,1.00,19.90,0.00,true,0,
7290108356106,false,כיף תחליב רחצה חלב שקדים 700 מל,החברה הדרומית,IL,תחליב רחצה חלב שקדים,,0.00,100.00,false,1.00,12.90,0.00,true,0,
7290108356113,false,"כיף תחליב רחצה דבש 700 מ""ל-מרכז",קוסמופארם בעמ,IL,תחליב רחצה חלב ודבש,,0.00,100.00,false,1.00,12.90,0.00,true,0,
7290108356182,false,כיף אל סבון תאנה ותה ירוק 1 ליטר משאבה,קוסמופארם בע'\'\מ,IL,אל סבון קטיפתי תאנה ותה ירוק,,0.00,1.00,false,1.00,14.90,14.90,true,0,
7290108356274,false,"כיף - מוס רחצה בניחוח תותים ושמנת 150 מ""ל",החברה הדרומית,IL,כיף מוס רחצה בניחוח תותים ושמנת,,0.00,100.00,false,1.00,12.90,0.00,true,0,
7290108356298,false,"כיף - מוס רחצה בניחוח קרם עוגיות 150 מ""ל",קוסטר אירוסול,IL,כיף מוס רחצה בניחוח קרם עוגיות,,0.00,100.00,false,1.00,12.90,0.00,true,0,
7290108356465,false,נ.פורמולה ווליום אינטנס מרכך נפח 400 מל,החברה הדרומית,IL,ווליום אינטנס מרכך נפח,,0.00,100.00,false,1.00,29.90,0.00,true,0,
7290108356489,false,"כיף - תחליב רחצה אפרסק וחמאת מורומורו 700 מ""ל",קוסמופארם בעמ,IL,תחליב רחצה אפרסק וחמאת מורומורו,,0.00,100.00,false,1.00,12.90,0.00,true,0,
7290108356519,false,קרליין שמפו 10למניעת קשקשים 700מל,"קוסמופארם בע""\מ",IL,שמפו 10 לשיער רגיל,,0.00,100.00,false,1.00,13.90,0.00,true,0,
7290108356526,false,"קרליין - שמפו 10 לשיער יבש 700 מ""ל","קוסמופארם בע""\מ",IL,שמפו 10 לשיער יבש,,0.00,100.00,false,1.00,13.90,0.00,true,0,
7290108356533,false,קרוליין 10 שמפו לשיער מתולתל 700 מל,"קוסמופארם בע""\מ",IL,שמפו 10 לשיער מתולתל,,0.00,100.00,false,1.00,13.90,0.00,true,0,
7290108356540,false,קרוליין 10 שמפו לשיער צבוע 700 מל,"קוסמופארם בע""\מ",IL,שמפו 10 לשיער צבוע,,0.00,100.00,false,1.00,13.90,0.00,true,0,
7290108356557,false,"שמפו 10 לשיער למניעת קשקשים 700 מ""ל קרליין","קוסמופארם בע""\מ",IL,שמפו 10 למניעת קשקשים,,0.00,100.00,false,1.00,13.90,0.00,true,0,
7290108356564,false,"קרליין - מרכך 10 לשיער רגיל 700 מ""ל","קוסמופארם בע""\מn\",IL,מרכך 10 לשיער רגיל,,0.00,100.00,false,1.00,13.90,0.00,true,0,
7290108356571,false,"קרליין - מרכך 10 לשיער יבש 700 מ""ל","קוסמופארם בע""\מ",IL,מרכך 10 לשיער יבש,,0.00,100.00,false,1.00,13.90,0.00,true,0,
7290108356588,false,קרוליין 10 מרכך לשיער מתולתל 700 מל,"קוסמופארם בע""\מ",IL,מרכך 10 לשיער מתולתל,,0.00,100.00,false,1.00,13.90,0.00,true,0,
7290108356595,false,"קרליין מרכך 10 לשיער צבוע 700 מ""ל","קוסמופארם בע""\מ",IL,מרכך 10 לשיער צבוע,,0.00,100.00,false,1.00,13.90,0.00,true,0,
7290108356670,false,אורביטול משחת שיניים PROTECTIVE SALT 30,החברה הדרומית,IL,משחת שיניים PROTECTIVE SALT - גודל קטן במיוחד,,0.00,100.00,false,1.00,4.90,0.00,true,0,
7290108357004,false,כיף שמפו ורד ושמן קוקוי לרכות וברק,טרופיקל דגיל תעשיות,IL,שמפו ורד ושמן קוקוי לרכות וברק,,0.00,100.00,false,1.00,12.90,0.00,true,0,
7290108357011,false,כיף קונדישינר לשיער שמן קוקוי 700 מל,טרופיקל דגיל תעשיות,IL,מרכך ורד ושמן קוקוי לרכות וברק,,0.00,100.00,false,1.00,12.90,0.00,true,0,
7290108357042,false,"קרליין - נושם ביו דאודורנט רול און 75 מ""ל Citrus Blossoms לאישה","קוסמופארם בע""\מ",IL,נושם BIO דאו רולאון Citrus Blossoms,,0.00,100.00,false,1.00,13.90,0.00,true,0,
7290108357059,false,"קרליין - נושם ביו דאודורנט רול און 75 מ""ל Secret Garden לאישה","קוסמופארם בע""\מ",IL,נושם BIO דאו רולאון Secret Garden,,0.00,100.00,false,1.00,13.90,0.00,true,0,
7290108357073,false,"קרליין - נושם ביו דאודורנט ספריי 150 מ""ל Blossoms Citrus לאישה",קוסטר אירוסול,IL,נושם BIO דאו ספריי Citrus Blossoms,,0.00,100.00,false,1.00,13.90,0.00,true,0,
7290108357080,false,"קרליין - נושם ביו דאודורנט ספריי 150 מ""ל Secret Garden לאישה",קוסטר אירוסול,IL,נושם BIO דאו ספריי Secret Garden,,0.00,100.00,false,1.00,13.90,0.00,true,0,
7290108357097,false,"קרליין - נושם ביו דאודורנט ספריי 150 מ""ל Velvet Rose לאישה",קוסטר אירוסול,IL,נושם BIO דאו ספריי Velvet Rose,,0.00,100.00,false,1.00,13.90,0.00,true,0,
7290108357110,false,"קרליין - נושם ביו דאודורנט רול און 75 מ""ל Valvet Rose לאישה","קוסמופארם בע""\מ",IL,נושם BIO דאו רולאון Velvet Rose,,0.00,100.00,false,1.00,13.90,0.00,true,0,
7290108357189,false,"מבשם ומרכך למייבש הכביסה מקסימה פלורל 750 מ""ל סנו","סנו מפעלי ברונוס בע""\מ",IL,מבשם ומרכך למייבש כביסה FLORAL TOUCH,,0.00,100.00,false,1.00,18.90,0.00,true,0,
7290108357226,false,"אוקסיגן POWER אבקה לכביסה לבנה והסרת כתמים 1.4 ק""ג סנו",החברה הדרומית,IL,POWER אבקה להסרת כתמים קשים הלבנה עוצמתית לכביסה לבנה,,0.00,1.00,false,1.00,39.90,28.50,true,0,
7290108357257,false,סנו - פרש מכשיר אוטומטי לבישום אוויר בתוספת מילוי אולטרא פרש,"יצרן מכשיר: זובלה, יצרן",IL,סנו פרש מכשיר אוטומטי + מילוי ניחוח מרכך כביסה אולטרה פרש,,0.00,0.00,false,1.00,44.90,44.90,true,0,
7290108357264,false,"פרש אוטומטי מילוי בניחוח מרכך הכביסה אולטרה 375 מ""ל סנו",סנו מפעלי ברונוס בעמ,IL,פרש הום מבשם אויר מילוי למכשיר אוטומטי בניחוח מרכך כביסה אולטרה פרש,,0.00,100.00,false,1.00,15.90,0.00,true,0,
7290108357295,false,"מרסס אוקסיג'ן מסיר כתמים סנו לכביסה לבנה 750 מ""ל",החברה הדרומית,IL,POWER מסיר כתמים עוצמתי לכביסה לבנה,,0.00,100.00,false,1.00,16.90,0.00,true,0,
7290108357301,false,"סנו - K300 קוטל חרקים תיקנים ונמלים 300 מ""ל","סנו מפעלי ברונוס בע""\מ",IL,K300 לקטילה מיידית ומתמשכת,,0.00,100.00,false,1.00,12.90,0.00,true,0,
7290108357417,false,"קרמה - קרם גוף קרמה ורד ווניל 500 מ""ל",טרופיקל דגיל תעשיות,IL,קרם גוף ורד ווניל,,0.00,100.00,false,1.00,24.90,0.00,true,0,
7290108357424,false,"קרם גוף קרמה נרולי ומגנוליה 500 מ""ל",קוסמופארם בע'\'\מ,IL,קרם גוף נרולי ומגנוליה,,0.00,100.00,false,1.00,24.90,0.00,true,0,
7290108357431,false,"קרם גוף קרמה בריזת ים 500 מ""ל",טרופיקל דגיל תעשיות,IL,קרם גוף בריזת ים,,0.00,100.00,false,1.00,24.90,0.00,true,0,
7290108357448,false,"קרמה - קרם גוף קרמה לבנדר ואקליפטוס 500 מ""ל",קוסמופארם בע'\'\מ,IL,קרם גוף לבנדר ואקליפטוס,,0.00,100.00,false,1.00,24.90,0.00,true,0,
7290108357707,false,"כיף שמפו לשיער רגיל- תפוח זרעי צ'יה 700 מ""ל",גוד פוד פרודקטס S.p,IL,שמפו לשיער רגיל תפוח וזרעי צ'יה,,0.00,100.00,false,1.00,12.90,0.00,true,0,
7290108357769,false,"מרכך לשיער רגיל תפוח וזרעי צ'יה 700 מ""ל כיף",גוד פוד פרודקטס S.p,IL,מרכך לשיער רגיל תפוח וזרעי צ'יה,,0.00,100.00,false,1.00,12.90,0.00,true,0,
7290108357776,false,"כיף מרכך לשיער יבש -רימונים ושמן ארגן 700 מ""ל",גוד פוד פרודקטס S.p,IL,מרכך לשיער יבש ופגום רימונים ושמן ארגן,,0.00,100.00,false,1.00,8.00,0.00,true,0,
7290108357837,false,כיף אל סבון 1 ליטר ג'נסינג שקית מילוי + פקק,"קוסמופארם בע""\מ",IL,שקית מילוי אל סבון קטיפתי אצות ים,,0.00,1.00,false,1.00,11.90,11.90,true,0,
7290108357851,false,"כיף - ג'ל רחצה אליקסיר אוילס מועשר בשמן קוקוס 700 מ""ל","קוסמופארם בע""\מ",IL,ג'ל רחצה Elixir Oils מועשר בשמן קוקוס,,0.00,100.00,false,1.00,12.90,0.00,true,0,
7290108357875,false,"כיף - שמפו לחות מוגברת עם אפרסק וחמאת מורומורו 700 מ""ל",קוסמופארם בעמ,IL,שמפו לחות מוגברת אפרסק וחמאת מורומורו,,0.00,100.00,false,1.00,12.90,0.00,true,0,
7290108357882,false,"כיף - מרכך לחות מוגברת עם אפרסק וחמאת מורומורו 700 מ""ל",קוסמופארם בעמ,IL,מרכך לחות מוגברת אפרסק וחמאת מורומורו,,0.00,100.00,false,1.00,12.90,0.00,true,0,
7290108358070,false,"תחליב רחצה קרמה קלאסי 700 מ""ל",גוד פוד פרודקטס S.p,IL,תחליב רחצה קלאסי,,0.00,100.00,false,1.00,18.90,0.00,true,0,
7290108358087,false,"תחליב רחצה קרמה מאסק 700 מ""ל",גוד פוד פרודקטס S.p,IL,תחליב רחצה מאסק,,0.00,100.00,false,1.00,18.90,0.00,true,0,
7290108358094,false,"קרמה - תחליב רחצה חמאת שיאה וקוקוי 500 מ""ל","קוסמופארם בע""\מn\",IL,תחליב רחצה חמאת שיאה וקוקוי,,0.00,100.00,false,1.00,13.90,0.00,true,0,
7290108358117,false,"פרש הום מקלות ריחניים לבית בניחוח כביסה רעננה 100 מ""ל",החברה הדרומית,IL,פרש הום מקלות ריחניים בניחוח כביסה רעננה,,0.00,0.00,false,1.00,23.90,0.23,true,0,
7290108359008,false,סושי שקיות זיפר עם סליידר 15 יח לארג',החברה הדרומית,CN,שקיות זיפר עם סליידר L,,0.00,0.00,false,1.00,13.90,0.00,true,0,
7290108359015,false,סושי שקיות זיפר עם סליידר 20 יח מדיום,החברה הדרומית,CN,שקיות זיפר עם סליידר M,,0.00,0.00,false,1.00,13.90,0.00,true,0,
7290108359824,false,"כיף - בייבי כיף קרם 500 מ""ל",קוסמופארם בעמ,IL,SENSITIVE קרם גוף,,0.00,100.00,false,1.00,24.90,0.00,true,0,
7290108359831,false,"כיף - בייבי כיף שמן 500 מ""ל","מיוצר ומשווק ע""י קוס",IL,SENSITIVE שמן גוף,,0.00,100.00,false,1.00,26.90,0.00,true,0,
7290108359855,false,"שמפו אל דמע בייבי כיף+משאבה 750 מ""ל",גוד פוד פרודקטס S.p,IL,SENSITIVE שמפו אל דמע,,0.00,100.00,false,1.00,19.90,0.00,true,0,
7290108359879,false,"אלסבון בייבי כיף+משאבה 750 מ""ל",קוסמופארם בעמ,IL,SENSITIVE אל סבון,,0.00,100.00,false,1.00,17.90,0.00,true,0,
=======
7290108355949,false,"תחליב רחצה קרמה נרולי ומנגוליה 700 מ""ל",החברה הדרומית לשיווק בעמ,IL,תחליב רחצה נרולי ומגנוליה,,0.00,100.00,false,1.00,18.90,0.00,true,0,
7290108356014,false,"כיף תחליב רחצה בניחות מסקרפונה ופירות יער 700 מ""ל",החברה הדרומית,IL,תחליב רחצה בניחוח גלידת מסקרפונה ופירות יער,,0.00,100.00,false,1.00,12.90,0.00,true,0,
7290108356021,false,כיף תחליב רחצה בניחוח גלידת קרם עוגיות,החברה הדרומית לשיווק בעמ,IL,תחליב רחצה בניחוח גלידת קרם עוגיות,,0.00,100.00,false,1.00,12.90,0.00,true,0,
7290108356090,false,קרמה תרחיץ גל לשטיפה אינטימית 220 מל,קוסמופארם בעמ,IL,תרחיץ ג'ל לשטיפה אינטימית,,0.00,100.00,false,1.00,19.90,0.00,true,0,
7290108356106,false,כיף תחליב רחצה חלב שקדים 700 מל,החברה הדרומית לשיווק בעמ,IL,תחליב רחצה חלב שקדים,,0.00,100.00,false,1.00,12.90,0.00,true,0,
7290108356113,false,תחליב רחצה כיף ניחוח דבש 700 מל,החברה הדרומית לשיווק בעמ,IL,תחליב רחצה חלב ודבש,,0.00,100.00,false,1.00,12.90,0.00,true,0,
7290108356182,false,אל סבון נוזלי כיף תאנה ותה ירוק (1ליטר),החברה הדרומית לשיווק בעמ,IL,אל סבון קטיפתי תאנה ותה ירוק,,0.00,1.00,false,1.00,14.90,14.90,true,0,
7290108356274,false,"כיף - מוס רחצה בניחוח תותים ושמנת 150 מ""ל",החברה הדרומית לשיווק בעמ,IL,כיף מוס רחצה בניחוח תותים ושמנת,,0.00,100.00,false,1.00,12.90,0.00,true,0,
7290108356298,false,"כיף - מוס רחצה בניחוח קרם עוגיות 150 מ""ל",החברה הדרומית לשיווק בעמ,IL,כיף מוס רחצה בניחוח קרם עוגיות,,0.00,100.00,false,1.00,12.90,0.00,true,0,
7290108356465,false,נ.פורמולה ווליום אינטנס מרכך נפח 400 מל,החברה הדרומית,IL,ווליום אינטנס מרכך נפח,,0.00,100.00,false,1.00,29.90,0.00,true,0,
7290108356489,false,"כיף - תחליב רחצה אפרסק וחמאת מורומורו 700 מ""ל",החברה הדרומית לשיווק בעמ,IL,תחליב רחצה אפרסק וחמאת מורומורו,,0.00,100.00,false,1.00,12.90,0.00,true,0,
7290108356519,false,קרליין שמפו 10למניעת קשקשים 700מל,החברה הדרומית לשיווק בעמ,IL,שמפו 10 לשיער רגיל,,0.00,100.00,false,1.00,13.90,0.00,true,0,
7290108356526,false,"קרליין - שמפו 10 לשיער יבש 700 מ""ל",החברה הדרומית לשיווק בעמ,IL,שמפו 10 לשיער יבש,,0.00,100.00,false,1.00,13.90,0.00,true,0,
7290108356533,false,קרוליין 10 שמפו לשיער מתולתל 700 מל,החברה הדרומית לשיווק בעמ,IL,שמפו 10 לשיער מתולתל,,0.00,100.00,false,1.00,13.90,0.00,true,0,
7290108356540,false,קרוליין 10 שמפו לשיער צבוע 700 מל,החברה הדרומית לשיווק בעמ,IL,שמפו 10 לשיער צבוע,,0.00,100.00,false,1.00,13.90,0.00,true,0,
7290108356557,false,"שמפו 10 לשיער למניעת קשקשים 700 מ""ל קרליין",החברה הדרומית לשיווק בעמ,IL,שמפו 10 למניעת קשקשים,,0.00,100.00,false,1.00,13.90,0.00,true,0,
7290108356564,false,"קרליין - מרכך 10 לשיער רגיל 700 מ""ל",החברה הדרומית לשיווק בעמ,IL,מרכך 10 לשיער רגיל,,0.00,100.00,false,1.00,13.90,0.00,true,0,
7290108356571,false,"קרליין - מרכך 10 לשיער יבש 700 מ""ל",החברה הדרומית לשיווק בעמ,IL,מרכך 10 לשיער יבש,,0.00,100.00,false,1.00,13.90,0.00,true,0,
7290108356588,false,קרוליין 10 מרכך לשיער מתולתל 700 מל,החברה הדרומית לשיווק בעמ,IL,מרכך 10 לשיער מתולתל,,0.00,100.00,false,1.00,13.90,0.00,true,0,
7290108356595,false,"קרליין מרכך 10 לשיער צבוע 700 מ""ל",החברה הדרומית לשיווק בעמ,IL,מרכך 10 לשיער צבוע,,0.00,100.00,false,1.00,13.90,0.00,true,0,
7290108356670,false,אורביטול משחת שיניים PROTECTIVE SALT 30,החברה הדרומית,IL,משחת שיניים PROTECTIVE SALT - גודל קטן במיוחד,,0.00,100.00,false,1.00,4.90,0.00,true,0,
7290108357004,false,כיף שמפו ורד ושמן קוקוי לרכות וברק,החברה הדרומית לשיווק בעמ,IL,שמפו ורד ושמן קוקוי לרכות וברק,,0.00,100.00,false,1.00,12.90,0.00,true,0,
7290108357011,false,כיף קונדישינר לשיער שמן קוקוי 700 מל,החברה הדרומית לשיווק בעמ,IL,מרכך ורד ושמן קוקוי לרכות וברק,,0.00,100.00,false,1.00,12.90,0.00,true,0,
7290108357042,false,"קרליין - נושם ביו דאודורנט רול און 75 מ""ל Citrus Blossoms לאישה",החברה הדרומית לשיווק בעמ,IL,נושם BIO דאו רולאון Citrus Blossoms,,0.00,100.00,false,1.00,13.90,0.00,true,0,
7290108357059,false,"קרליין - נושם ביו דאודורנט רול און 75 מ""ל Secret Garden לאישה",החברה הדרומית לשיווק בעמ,IL,נושם BIO דאו רולאון Secret Garden,,0.00,100.00,false,1.00,13.90,0.00,true,0,
7290108357073,false,"קרליין - נושם ביו דאודורנט ספריי 150 מ""ל Blossoms Citrus לאישה",החברה הדרומית לשיווק בעמ,IL,נושם BIO דאו ספריי Citrus Blossoms,,0.00,100.00,false,1.00,13.90,0.00,true,0,
7290108357080,false,"קרליין - נושם ביו דאודורנט ספריי 150 מ""ל Secret Garden לאישה",החברה הדרומית לשיווק בעמ,IL,נושם BIO דאו ספריי Secret Garden,,0.00,100.00,false,1.00,13.90,0.00,true,0,
7290108357097,false,"קרליין - נושם ביו דאודורנט ספריי 150 מ""ל Velvet Rose לאישה",החברה הדרומית לשיווק בעמ,IL,נושם BIO דאו ספריי Velvet Rose,,0.00,100.00,false,1.00,13.90,0.00,true,0,
7290108357110,false,"קרליין - נושם ביו דאודורנט רול און 75 מ""ל Valvet Rose לאישה",החברה הדרומית לשיווק בעמ,IL,נושם BIO דאו רולאון Velvet Rose,,0.00,100.00,false,1.00,13.90,0.00,true,0,
7290108357189,false,"מבשם ומרכך למייבש הכביסה מקסימה פלורל 750 מ""ל סנו",החברה הדרומית לשיווק בעמ,IL,מבשם ומרכך למייבש כביסה FLORAL TOUCH,,0.00,100.00,false,1.00,18.90,0.00,true,0,
7290108357226,false,"אוקסיגן POWER אבקה לכביסה לבנה והסרת כתמים 1.4 ק""ג סנו",החברה הדרומית לשיווק בעמ,IL,POWER אבקה להסרת כתמים קשים הלבנה עוצמתית לכביסה לבנה,,0.00,1.00,false,1.00,39.90,28.50,true,0,
7290108357257,false,סנו - פרש מכשיר אוטומטי לבישום אוויר בתוספת מילוי אולטרא פרש,החברה הדרומית לשיווק בעמ,IL,סנו פרש מכשיר אוטומטי + מילוי ניחוח מרכך כביסה אולטרה פרש,,0.00,0.00,false,1.00,44.90,44.90,true,0,
7290108357264,false,"פרש אוטומטי מילוי בניחוח מרכך הכביסה אולטרה 375 מ""ל סנו",החברה הדרומית לשיווק בעמ,IL,פרש הום מבשם אויר מילוי למכשיר אוטומטי בניחוח מרכך כביסה אולטרה פרש,,0.00,100.00,false,1.00,15.90,0.00,true,0,
7290108357295,false,"מרסס אוקסיג'ן מסיר כתמים סנו לכביסה לבנה 750 מ""ל",החברה הדרומית לשיווק בעמ,IL,POWER מסיר כתמים עוצמתי לכביסה לבנה,,0.00,100.00,false,1.00,16.90,0.00,true,0,
7290108357301,false,"סנו - K300 קוטל חרקים תיקנים ונמלים 300 מ""ל",החברה הדרומית לשיווק בעמ,IL,K300 לקטילה מיידית ומתמשכת,,0.00,100.00,false,1.00,12.90,0.00,true,0,
7290108357417,false,"קרמה - קרם גוף קרמה ורד ווניל 500 מ""ל",החברה הדרומית לשיווק בעמ,IL,קרם גוף ורד ווניל,,0.00,100.00,false,1.00,24.90,0.00,true,0,
7290108357424,false,"קרם גוף קרמה נרולי ומגנוליה 500 מ""ל",החב הדרומית לשיווק,IL,קרם גוף נרולי ומגנוליה,,0.00,100.00,false,1.00,24.90,0.00,true,0,
7290108357431,false,"קרם גוף קרמה בריזת ים 500 מ""ל",החברה הדרומית לשיווק בעמ,IL,קרם גוף בריזת ים,,0.00,100.00,false,1.00,24.90,0.00,true,0,
7290108357448,false,"קרמה - קרם גוף קרמה לבנדר ואקליפטוס 500 מ""ל",החברה הדרומית לשיווק בעמ,IL,קרם גוף לבנדר ואקליפטוס,,0.00,100.00,false,1.00,24.90,0.00,true,0,
7290108357707,false,"כיף שמפו לשיער רגיל- תפוח זרעי צ'יה 700 מ""ל",החברה הדרומית לשיווק בעמ,IL,שמפו לשיער רגיל תפוח וזרעי צ'יה,,0.00,100.00,false,1.00,12.90,0.00,true,0,
7290108357769,false,"מרכך לשיער רגיל תפוח וזרעי צ'יה 700 מ""ל כיף",החברה הדרומית לשיווק בעמ,IL,מרכך לשיער רגיל תפוח וזרעי צ'יה,,0.00,100.00,false,1.00,12.90,0.00,true,0,
7290108357776,false,"כיף מרכך לשיער יבש -רימונים ושמן ארגן 700 מ""ל",החברה הדרומית לשיווק בעמ,IL,מרכך לשיער יבש ופגום רימונים ושמן ארגן,,0.00,100.00,false,1.00,8.00,0.00,true,0,
7290108357837,false,כיף אל סבון 1 ליטר ג'נסינג שקית מילוי + פקק,החברה הדרומית לשיווק בעמ,IL,שקית מילוי אל סבון קטיפתי אצות ים,,0.00,1.00,false,1.00,11.90,11.90,true,0,
7290108357851,false,"כיף - ג'ל רחצה אליקסיר אוילס מועשר בשמן קוקוס 700 מ""ל",החברה הדרומית לשיווק בעמ,IL,ג'ל רחצה Elixir Oils מועשר בשמן קוקוס,,0.00,100.00,false,1.00,12.90,0.00,true,0,
7290108357875,false,"כיף - שמפו לחות מוגברת עם אפרסק וחמאת מורומורו 700 מ""ל",החברה הדרומית לשיווק בעמ,IL,שמפו לחות מוגברת אפרסק וחמאת מורומורו,,0.00,100.00,false,1.00,12.90,0.00,true,0,
7290108357882,false,"כיף - מרכך לחות מוגברת עם אפרסק וחמאת מורומורו 700 מ""ל",החברה הדרומית לשיווק בעמ,IL,מרכך לחות מוגברת אפרסק וחמאת מורומורו,,0.00,100.00,false,1.00,12.90,0.00,true,0,
7290108358070,false,"תחליב רחצה קרמה קלאסי 700 מ""ל",החברה הדרומית לשיווק בעמ,IL,תחליב רחצה קלאסי,,0.00,100.00,false,1.00,18.90,0.00,true,0,
7290108358087,false,"תחליב רחצה קרמה מאסק 700 מ""ל",החברה הדרומית לשיווק בעמ,IL,תחליב רחצה מאסק,,0.00,100.00,false,1.00,18.90,0.00,true,0,
7290108358094,false,"קרמה - תחליב רחצה חמאת שיאה וקוקוי 500 מ""ל",החברה הדרומית לשיווק בעמ,IL,תחליב רחצה חמאת שיאה וקוקוי,,0.00,100.00,false,1.00,13.90,0.00,true,0,
7290108358117,false,"פרש הום מקלות ריחניים לבית בניחוח כביסה רעננה 100 מ""ל",החברה הדרומית לשיווק בעמ,IL,פרש הום מקלות ריחניים בניחוח כביסה רעננה,,0.00,0.00,false,1.00,23.90,0.23,true,0,
7290108359008,false,סושי שקיות זיפר עם סליידר 15 יח לארג',החברה הדרומית לשיווק בעמ,CN,שקיות זיפר עם סליידר L,,0.00,0.00,false,1.00,13.90,0.00,true,0,
7290108359015,false,סושי שקיות זיפר עם סליידר 20 יח מדיום,החברה הדרומית לשיווק בעמ,CN,שקיות זיפר עם סליידר M,,0.00,0.00,false,1.00,13.90,0.00,true,0,
7290108359824,false,"כיף - בייבי כיף קרם 500 מ""ל",החברה הדרומית לשיווק בעמ,IL,SENSITIVE קרם גוף,,0.00,100.00,false,1.00,24.90,0.00,true,0,
7290108359831,false,בייבי שמן לתינוק לעור עדין כיף (500 מל),החברה הדרומית לשיווק בעמ,IL,SENSITIVE שמן גוף,,0.00,100.00,false,1.00,26.90,0.00,true,0,
7290108359855,false,"שמפו אל דמע בייבי כיף+משאבה 750 מ""ל",החברה הדרומית לשיווק בעמ,IL,SENSITIVE שמפו אל דמע,,0.00,100.00,false,1.00,19.90,0.00,true,0,
7290108359879,false,"אלסבון בייבי כיף+משאבה 750 מ""ל",החברה הדרומית לשיווק בעמ,IL,SENSITIVE אל סבון,,0.00,100.00,false,1.00,17.90,0.00,true,0,
>>>>>>> d048ac2f4f281c9d788043ab4e81b61b0dbe3743
7290108450071,false,סאנדיי 60 שקיות אשפה סטנדרטית,EGM השקעות בעמ,CN,שקיות אשפה עם שרוך,,0.00,0.00,false,1.00,18.90,0.31,true,0,
7290108450088,false,סאנדיי 40 שקיות אשפה חזקות במיוחד,EGM השקעות בעמ,CN,"שקיות אשפה חזקות במיוחד עם שרוך 65*53 ס""מ",,0.00,0.00,false,1.00,21.90,0.54,true,0,
7290108450842,false,לייף מארז מגבונים להסרת איפור חמישיה,DPL,,מארז מגבונים להסרת איפור,,0.00,0.00,false,1.00,39.90,0.00,true,0,
7290108450859,false,לייף קידס ספיידרמן אלסבון 700 מל לילדים,ארמן,IL,אל סבון לילדים ספיידרמן,,0.00,100.00,false,1.00,13.90,0.00,true,0,
7290108450866,false,לייף קידס ספיידרמן שמפו 700 מל לילדים,ארמן,IL,שמפו לילדים ספיידרמן,,0.00,100.00,false,1.00,13.90,0.00,true,0,
7290108450873,false,לייף קידס אלסבון פרוזן 2 700 מל,ארמן,IL,אל סבון לילדים פרוזן -תכלת,,0.00,100.00,false,1.00,13.90,0.00,true,0,
7290108450880,false,לייף קידס פרוזן שמפו לסירוק קל 700 מל,ארמן,IL,שמפו פרוזן לילדים מתיר קשרים,,0.00,100.00,false,1.00,13.90,0.00,true,0,
7290108450897,false,לייף קידס פרוזן מרכך לסירוק קל 700 מל,ארמן,IL,מרכך לילדים אנה ואלזה מתיר קשרים,,0.00,100.00,false,1.00,13.90,0.00,true,0,
7290108451139,false,לייף מברשת חשמלית לילדים-ספיידרמן כחול,יניר מערכות,CN,DENTAL מברשת שיניים חשמלית לילדים ספיידרמן כחול,,0.00,0.00,false,1.00,39.30,0.00,true,0,
7290108451146,false,לייף זוג ראשים למברשת חשמלית צומצום ורוד,יניר מערכות,CN,DENTAL ראשים למברשת שיניים חשמלית לילדים- צומצום ורוד,,0.00,0.00,false,1.00,19.90,9.95,true,0,
7290108451153,false,לייף מארז זוג ראשים למברשת לילדים-ספיידר,יניר מערכות,CN,DENTAL ראשים למברשת שיניים לילדים-ספיידרמן,,0.00,0.00,false,1.00,19.90,9.95,true,0,
7290108451436,false,לייף משחת שיניים להלבנת שיניים,זר הייטק,BG,DENTAL משחת שיניים להלבנה,,0.00,0.00,false,1.00,13.90,0.13,true,0,
7290108451986,false,סאנדיי מגבונים לריכוך ובישום כביסה 20 יח,General,IL,מגבונים לחים לבישום ולריכוך כביסה,,0.00,0.00,false,1.00,9.90,0.49,true,0,
7290108452037,false,לייף תחבושת נורמל 32 יח,היזלמה,IT,תחבושות היגייניות נורמל,,0.00,0.00,false,1.00,14.90,0.46,true,0,
7290108452082,false,לייף עוגיות קלות מקמח מלא ללא תוספת סוכר,לייף,IL,עוגיות קלות מחיטה מלאה ללא תוספת סוכר,,0.00,100.00,false,1.00,13.90,0.00,true,0,
7290108452150,false,לייף פד ספיגה 14 יח' SUPER,ONTEX,BE,Everyday תחבושת לבריחת שתן סופר,,0.00,0.00,false,1.00,17.90,1.27,true,0,
7290108452167,false,לייף פד ספיגה 12 יח' EXTRA,ONTEX,BE,Everyday תחבושת לבריחת שתן אקסטרה,,0.00,0.00,false,1.00,17.90,1.49,true,0,
7290108452174,false,לייף פד ספיגה 10 יח EXTRA +,ONTEX,BE,Everyday תחבושת לבריחת שתן אקסטרה+,,0.00,0.00,false,1.00,17.90,1.79,true,0,
7290108452396,false,לייף סילון מים דנטלי לניקוי השיניים והפה,לייף,CN,סילון מים דנטלי,,0.00,0.00,false,1.00,229.90,0.00,true,0,
7290108452457,false,לייף מברשת שיניים לילדים-ספיידרמן,טריזה,CH,DENTAL מברשת שיניים לילדים 3+ ספיידרמן,,0.00,0.00,false,1.00,13.90,0.00,true,0,
7290108453058,false,לייף בייביז קרם פנים סנסיטיב לתינוקות100,אמיליה קוסמטיקס,IL,קרם פנים לתינוק היפואלרגני לעור רגיש,,0.00,0.00,false,1.00,26.90,0.26,true,0,
7290108455557,false,לייף קיסמי שיניים עם קצה טייפ רחב,ח.נ.ה,CN,DENTAL קיסמי שיניים עם קצה טייפ דנטלי,,0.00,0.00,false,1.00,12.90,0.32,true,0,
7290108456363,false,לייף שעוות ליפגלוס להסרת שיער מהפנים,זר הייטק,IL,לייף שעוות ליפגלוס להסרת שיער מהפנים,,0.00,0.00,false,1.00,24.90,24.90,true,0,
7290108456370,false,לייף מארז רביעיית מברשות EASY CLEAN,טריזה,CH,DENTAL EASY CLEAN מברשות שיניים,,0.00,0.00,false,1.00,14.90,3.72,true,0,
7290108456431,false,לייף רצועות שעווה לפנים קמומיל 12 יח,זר הייטק,ES,רצועות שעווה להסרת שיער מהפנים מועשרות בקמומיל ושמן זרעי ענבים,,0.00,0.00,false,1.00,23.90,1.99,true,0,
7290108456448,false,לייף שעוות מיקרו אלוורה,דר מלומד,IL,שעווה קרה למיקרוגל להסרת שיער מועשרת באלוורה,,0.00,100.00,false,1.00,21.90,0.00,true,0,
7290108456455,false,לייף שעוות מיקרו דבש ופרופוליס,דר מלומד,IL,שעווה קרה למיקרוגל להשרת שיער מועשרת בדבש דבורים טהור ובפרופוליס,,0.00,100.00,false,1.00,21.90,0.00,true,0,
7290108456462,false,לייף שעוות מיקרו לנערות,דר מלומד,IL,"שעווה קרה למיקרוגל להסרת שיער מותאמת לנערות מועשרת בקלנדולה, קמומיל ואלוורה",,0.00,100.00,false,1.00,21.90,0.00,true,0,
7290108456493,false,לייף שעוות פח אלוורה,קאליר,IL,שעווה קרה להסרת שיער מאזורי הגוף לעור עדין מועשרת באלוורה,,0.00,100.00,false,1.00,21.90,0.00,true,0,
7290108456509,false,לייף שעווה לפנים אלוורה,שוורץ,IL,שעווה להסרת שיער מעור הפנים ומאזורים עדינים מועשרת באלוורה,,0.00,0.00,false,1.00,21.90,0.21,true,0,
7290108456707,false,סאנדיי 15 שקיות זיפר כפול גדולות,General,CN,שקיות זיפר כפול סגירה הרמטית לשימוש רב פעמי,,0.00,0.00,false,1.00,12.90,0.86,true,0,
7290108456714,false,סאנדיי 20 שקיות זיפר כפול בינוניות,General,CN,שקיות זיפר כפול סגירה הרמטית לשימוש רב פעמי,,0.00,0.00,false,1.00,12.90,0.64,true,0,
7290108456981,false,סאנדיי נוזל כלים 24% ליים ואלוורה 750 מל,זוהר דליה,,נוזל לניקוי כלים 24% חומרים פעילים מועשר בתמציות ליים ואלוורה,,0.00,100.00,false,1.00,8.90,0.00,true,0,
7290108457704,false,לייף נייר טואלט לח 3*20 יח הנוקמים,לייף,IL,KIDS מגבוני נייר טואלט-הנוקמים,,0.00,0.00,false,1.00,9.90,3.30,true,0,
7290108457834,false,לייף קרם פטרולטום טהור 100% HYDRO,אמיליה קוסמטיקס,IL,HYDRO+ פטרולטום טהור לעור ולשפתיים,,0.00,0.00,false,1.00,12.90,0.12,true,0,
7290108457841,false,לייף תחתוני רשת L רביעיה,איתן,CN,תחתוני רשת L,,0.00,0.00,false,1.00,18.90,4.72,true,0,
7290108457858,false,לייף תחתוני רשת XL רביעיה,איתן,CN,תחתוני רשת XL,,0.00,0.00,false,1.00,18.90,4.72,true,0,
7290108457865,false,לייף תחתוני נייר L-XL שביעיה,איתן,IL,לייף תחתוני נייר L-XL,,0.00,0.00,false,1.00,11.90,1.70,true,0,
7290108457940,false,סאנדיי מגן אסלה ניילון 20 יח,איתן,CN,כיסוי אסלה ניילון,,0.00,0.00,false,1.00,14.90,0.74,true,0,
7290108457957,false,סאנדיי אסלונית נייר 10 יח,איתן,CN,כיסויי נייר למושב האסלה נשטפים באסלה,,0.00,0.00,false,1.00,11.90,1.19,true,0,
7290109313047,false,לייף סרום קרטין לשיער מוחלק 100 מל,לייף,IL,סרום קרטין לשיער מוחלק,,0.00,0.00,false,1.00,34.90,0.34,true,0,
7290109313085,false,לייף סרום משקם לשיער פגום 100 מל,לייף,IL,סרום משקם לשיער פגום,,0.00,0.00,false,1.00,34.90,0.34,true,0,
7290109314327,false,לייף סבון אינטימי פרוביוטי מבושם במיוחד,ארמן,IL,סבון אינטימי מבושם במיוחד מועשר באבוקדו,,0.00,100.00,false,1.00,21.90,0.00,true,0,
7290109314334,false,לייף סבון אינטימי פרוביוטי אלוורה 250 מל,ארמן,IL,סבון אינטימי עדין מועשר באלוורה,,0.00,100.00,false,1.00,21.90,0.00,true,0,
7290109314341,false,לייף סבון אינטימי פרוביוטי נערות 250 מל,ארמן,IL,סבון אינטימי עדין לנערות מועשר בחמוציות,,0.00,100.00,false,1.00,21.90,0.00,true,0,
7290109314358,false,לייף סבון מוס אינטימי פרוביוטי 250 מל,ארמן,IL,סבון מוס אינטימי עדין במיוחד מועשר בקמומיל,,0.00,100.00,false,1.00,21.90,0.00,true,0,
7290109314419,false,לייף סכין גילוח חד פעמי 5 להבי 2 יח נשים,פרסונה,CN,סכיני גילוח חד פעמיים 5 להבים עם פס לחות גדול וויטמין E ואלוורה. להבים בציפוי קרמי,,0.00,0.00,false,1.00,19.90,9.95,true,0,
7290109314426,false,לייף טישו קופסא לושן 120 יח,לייף,IL,טישו ממחטות נייר לושן רכות במיוחד 4 שכבות,,0.00,0.00,false,1.00,5.00,0.04,true,0,
7290109314587,false,לייף בייביז חיתולים 46 יח 4 מקסי,ONTEX,CN,חיתולים מידה 4 DRY PROTECT,,0.00,0.00,false,1.00,29.90,0.65,true,0,
7290109314709,false,לייף מגבונים אינטימיים סשט 20 יח,עלבד,IL,מגבונים אינטימיים באריזה אישית מועשר באלוורה,,0.00,0.00,false,1.00,13.90,0.69,true,0,
7290109314716,false,לייף מגבונים אינטימיים נערות דיספנסר 25,עלבד,IL,מגבונים אינטימיים לנערות,,0.00,0.00,false,1.00,13.90,0.55,true,0,
7290109314723,false,לייף מגבונים אינטימיים נשטפים 20 יח,עלבד,IL,מגבוני הגיינה נשית נשטפים באסלה מועשרים באלוורה,,0.00,0.00,false,1.00,13.90,0.69,true,0,
7290109314846,false,לייף בייביז רפידות הנקה 30 יח לבן,איתן,CN,רפידות הנקה לבנות,,0.00,0.00,false,1.00,16.90,0.56,true,0,
7290109314853,false,סאפורה עוגיות ביסקוויט קרמל תוספת קינמון,EGM השקעות בעמ,IT,עוגיות ביסקוויט בטעם קרמל,,0.00,100.00,false,1.00,14.90,0.00,true,0,
7290109314860,false,לייף בייביז רפידות הנקה 50 יח לבן,איתן,CN,רפידות הנקה לבנות,,0.00,0.00,false,1.00,26.90,0.53,true,0,
7290109315027,false,לייף זוג מגיני שמש שחורים,לייף,CN,מגני שמש לרכב זוג בצבע שחור,,0.00,0.00,false,1.00,44.90,22.45,true,0,
7290109315119,false,לייף שלישיית סבונים 500 מל צהוב,לייף,IL,סבון נוזלי לידיים קלין דיי וויט טי-צהוב,,0.00,100.00,false,1.00,14.90,0.00,true,0,
7290109315126,false,לייף שלישיית סבונים 500 מל מעורבים,לייף,IL,סבון נוזלי לידיים קלין דיי-מעורב-צהוב סגול ורוד,,0.00,100.00,false,1.00,11.90,0.00,true,0,
7290109315140,false,לייף שלישיית סבונים 500 מל ורוד,לייף,IL,סבון נוזלי לידיים קלין דיי בלוסום-ורוד,,0.00,100.00,false,1.00,14.90,0.00,true,0,
7290109315423,false,לייף תחבושות היגייניות עבות וארוכות 12יח,ONTEX,BE,תחבושות היגייניות עבות וארוכות במיוחד,,0.00,0.00,false,1.00,19.90,1.65,true,0,
7290109316086,false,לייף חיתולי גמילה 20 יח 5 גוניור,ONTEX,BE,"חיתולי גמילה מידה 5 11-18 ק""ג גו'ניור",,0.00,0.00,false,1.00,22.50,1.12,true,0,
7290109316093,false,לייף חיתולי גמילה 19 יח 6 XL,ONTEX,BE,"חיתולי גמילה מידה 6 15+ ק""ג XL",,0.00,0.00,false,1.00,29.90,1.57,true,0,
7290109316802,false,לייף מים מינרלים טבעיים 1 ליטר,General,IT,מים מינרלים טבעיים H2O,,0.00,1.00,false,1.00,4.90,4.90,true,0,
7290109316826,false,לייף מים מינרלים טבעיים 1 ליטר-שישייה,General,IT,מים מינרלים טבעיים,,0.00,1.00,false,1.00,14.90,2.48,true,0,
7290109316833,false,לייף מים מינרלים טבעיים מוגזים 1 ליטר*6,General,IT,מים מינרלים טבעיים מוגזים,,0.00,1.00,false,1.00,14.90,2.48,true,0,
7290109317380,false,לייף שביעיית טישו ניילון לבן -מארז ענק,General,IL,ממחטות מנייר טישו דו שכבתי,,0.00,0.00,false,1.00,17.90,2.55,true,0,
7290109317410,false,לייף סדיניות למבוגרים לכיסוי 20 יח 60*90,ONTEX,BE,סדיניות חד פעמיות להגנה על המזרן,,0.00,0.00,false,1.00,46.90,2.34,true,0,
7290109317656,false,לייף טישו פוקט שישייה לבנדר,ישראפייפר,IT,ממחטות נייר רכות טישו פוקט לבנדר,,0.00,0.00,false,1.00,6.90,1.15,true,0,
7290109317663,false,לייף טישו פוקט שישייה מנטול מלבן,ישראפייפר,IT,טישו פוקט מנטול,,0.00,0.00,false,1.00,6.90,1.15,true,0,
7290109317700,false,לייף חמישיית טישו ניילון לבן,שניב,IL,ממחטות נייר רכות טישו דו שכבתי - לבן,,0.00,0.00,false,1.00,13.90,2.78,true,0,
7290109317717,false,לייף חמישיית טישו ניילון צבעוני,שניב,IL,ממחטות נייר רכות טישו דו שכבתי - צבעוני,,0.00,0.00,false,1.00,13.90,2.78,true,0,
7290109317724,false,לייף שלישיית טישו ניילון לבן,שניב,IL,ממחטות נייר רכות טישו דו שכבתי - לבן,,0.00,0.00,false,1.00,9.90,3.30,true,0,
7290109317816,false,לייף מדבקות אף לגבר,זר הייטק,KR,מדבקות אף לגבר,,0.00,0.00,false,1.00,24.90,0.00,true,0,
7290109317823,false,לייף משחת שיניים טריפלקס 100 מל,לייף,IL,DENTAL טריפלקס משחת שיניים בעלת פעולה משולשת,,0.00,0.00,false,1.00,6.90,0.06,true,0,
7290109318028,false,לייף חמאת גוף מינרלית 250 מל,אינטרקוסמא,IL,חמאת גוף מינרלית,,0.00,100.00,false,1.00,29.90,0.00,true,0,
7290109318035,false,לייף פילינג גוף מינרלי 250 מל,אינטרקוסמא,IL,פיליניג גוף מינרלי,,0.00,100.00,false,1.00,34.90,0.00,true,0,
7290109318189,false,לייף משחת שיניים פרוטקט בתוספת קמומיל,3OL,IL,DENTAL משחת שיניים PROTECT,,0.00,100.00,false,1.00,11.90,0.00,true,0,
7290109318332,false,לייף בייביז סל רשת לעגלה-שחור,לייף,CN,סל רשת לעגלת תינוק שחור מיננה,,0.00,0.00,false,1.00,39.90,39.90,true,0,
7290109318349,false,לייף בייביז סל רשת לעגלה-אפור,לייף,CN,סל רשת לעגלת תינוק אפור מיננה,,0.00,0.00,false,1.00,39.90,39.90,true,0,
7290109318356,false,לייף סדיניות לילדים לשמירה על הסדין 10יח,ONTEX,BE,סדיניות לילה חד פעמיות למניעת הרטבת המזרן למיטת ילדים 180X90,,0.00,0.00,false,1.00,25.90,2.59,true,0,
7290109318431,false,לייף בייביז דייסת וניל+פרוביוטיקה 200 גר,General,IL,דייסה לתינוק בטעם וניל 6+ חודשים,,0.00,100.00,false,1.00,11.90,0.00,true,0,
7290109440071,false,לייף AQUA JET סילון מים דנטלי נטען,קנדי חשמל ונכסים,,סילון מים דנטלי נטען ונייד AQUA JET,,0.00,0.00,false,1.00,289.90,0.00,true,0,
7290109440668,false,לייף בייביז חיתולים 33 יח NB מד רטיבות ח,ONTEX,CN,"חיתולים מידה 1 ניו בורן 2-5 ק""ג DRY PROTECT",,0.00,0.00,false,1.00,23.90,0.72,true,0,
7290109440828,false,לייף חוט דנטלי לילדים,אידיאל,CN,DENTAL חוט דנטלי לילדים,,0.00,0.00,false,1.00,13.90,0.57,true,0,
7290109440996,false,לייף מברשת שיניים SENSITIVE PLUS,טריזה,CH,Dental סנסיטיב פלוס מברשת שיניים,,0.00,0.00,false,1.00,14.90,0.00,true,0,
7290109441207,false,סאנדיי מרכך כביסה בייבי 2 ליטר מדולל,זוהר דליה,,BABY מרכך כביסה לבגדי תינוקות,,0.00,1.00,false,1.00,14.90,7.45,true,0,
7290109441283,false,לייף מסיכה קרטין לאחר החלקה 250 מל,לייף,IL,MICHEL MERCIER מסכה לשיער מוחלק,,0.00,100.00,false,1.00,15.00,0.00,true,0,
7290109441870,false,לייף מגבונים אריזת חמישייה ניחוח עדין 72,עלבד,IL,מגבונים לחים לתינוקות בניחוח עדין,,0.00,0.00,false,1.00,21.90,4.38,true,0,
7290109441924,false,לייף מגבונים רביעייה 64 יח NATURAL,עלבד,IL,מגבוני נטורל לתינוקות ללא בישום SENSITIVE,,0.00,0.00,false,1.00,24.90,6.22,true,0,
7290109442013,false,לייף שפתון קלאסי בליסטר,General,,שפתון לשפתיים יבשות קלאסי,,0.00,100.00,false,1.00,12.90,0.02,true,0,
7290109442020,false,לייף שפתון חלב ודבש בליסטר,3OL,,שפתון לשפתיים יבשות חלב ודבש,,0.00,100.00,false,1.00,12.90,0.02,true,0,
7290109442037,false,לייף שפתון קלאסי בתפזורת,3OL,,שפתון לשפתיים יבשות קלאסי,,0.00,100.00,false,1.00,12.90,0.02,true,0,
7290109442044,false,לייף שפתון רימון לילדים עם צבע בליסטר,3OL,IL,KIDS שפתון לשפתיים יבשות בטעם רימונים,,0.00,0.00,false,1.00,12.90,0.00,true,0,
7290109442051,false,לייף שפתון חלב ודבש בתפזורת,3OL,HR,שפתון לשפתיים יבשות חלב ודבש,,0.00,100.00,false,1.00,12.90,0.02,true,0,
7290109442259,false,לייף פרופשונל קרם עיניים עשיר,פרופשיונל,IL,קרם עיניים עשיר,,0.00,100.00,false,1.00,79.90,0.02,true,0,
7290109442266,false,לייף פרופשונל סרום מטפח לעור,פרופשיונל,IL,סרום מטפח לעור,,0.00,100.00,false,1.00,79.90,0.01,true,0,
7290109442297,false,לייף פרופשונל קרם לחות קליל,פרופשיונל,IL,קרם לחות קליל,,0.00,100.00,false,1.00,74.90,0.01,true,0,
7290109442303,false,לייף פרופשונל סבון פנים לעור אדמומי ומגו,פרופשיונל,IL,סבון פנים לעור אדמומי ומגורה,,0.00,100.00,false,1.00,59.90,0.00,true,0,
7290109443171,false,לייף זוג מוצצי סיליקון שלב 1 בנים,ב.ב.קשרים,DE,מוצץ אורתודנטי סיליקון 0+ חודשים,,0.00,0.00,false,1.00,29.90,0.00,true,0,
7290109443188,false,לייף זוג מוצצי סיליקון שלב 2 בנים,ב.ב.קשרים,,מוצץ אורתודנטי סיליקון 6+ חודשים,,0.00,0.00,false,1.00,29.90,14.95,true,0,
7290109443195,false,לייף זוג מוצצי סיליקון שלב 3 בנים,ב.ב.קשרים,DE,מוצץ אורתודנטי סיליקון 12+ חודשים,,0.00,0.00,false,1.00,29.90,14.95,true,0,
7290109443355,false,לייף בייביז משאבת הנקה חשמלית,לייף,CN,משאבת הנקה חשמלית,,0.00,0.00,false,1.00,319.90,319.90,true,0,
7290109443379,false,לייף מגבונים גדולים ועבים 72 יח בדיספנסר,עלבד,IL,מגבונים לחים גדולים ועבים במיוחד,,0.00,0.00,false,1.00,19.90,0.27,true,0,
7290109443416,false,סאנדיי אבקת כביסה בייבי 1.25 קג חדש,זוהר דליה,IL,בייבי אבקת כביסה מותאמת לעורם העדין של תינוקות,,0.00,1.00,false,1.00,13.90,11.12,true,0,
7290109443485,false,לייף בייביז מחית תפוחי עץ סקוויז 90 גרם,לייף,ES,מחית לתינוק תפוח עץ 6+ חודשים TO GO,,0.00,100.00,false,1.00,3.90,0.00,true,0,
7290109443492,false,לייף בייביז מחית תפוחי עץ ובננה סקוויז,לייף,ES,מחית לתינוק בננות ותפוחי עץ +6 חודשים TO GO,,0.00,100.00,false,1.00,3.90,0.00,true,0,
7290109443508,false,לייף בייביז מחית סלט פירות סקוויז 90 גרם,לייף,ES,מחית לתינוק סלט פירות חודשים +6 TO GO,,0.00,100.00,false,1.00,3.90,0.00,true,0,
7290109443522,false,סאנדיי מבשם כביסה סגול בניחוח חלומות מתו,זוהר דליה,,מבשם כביסה - סגול,,0.00,100.00,false,1.00,9.90,0.00,true,0,
7290109443539,false,סאנדיי מבשם כביסה כחול בניחוח פרחי אביב,זוהר דליה,,מבשם כביסה - כחול,,0.00,100.00,false,1.00,9.90,0.00,true,0,
7290109443829,false,לייף זוג מוצצי סיליקון שלב 1 בנות,ב.ב.קשרים,DE,מוצץ אורתודנטי סיליקון 0+ חודשים,,0.00,0.00,false,1.00,29.90,14.95,true,0,
7290109443836,false,לייף זוג מוצצי סיליקון שלב 2 בנות,ב.ב.קשרים,DE,מוצץ אורתודנטי סיליקון 6+ חודשים,,0.00,0.00,false,1.00,29.90,14.95,true,0,
7290109443843,false,לייף זוג מוצצי סיליקון שלב 3 בנות,ב.ב.קשרים,DE,מוצץ אורתודנטי סיליקון 12+ חודשים,,0.00,0.00,false,1.00,29.90,0.00,true,0,
7290110058869,false,מארז שלישיית ביצי שוקולד סמי הכבאי,שמחה זה אנחנו בע`מ,IT,ביצי שוקולד עם הפתעה - סמי הכבאי,,0.00,0.00,false,1.00,14.90,0.00,true,0,
7290110110635,false,ספרייט 0.5 ליים חייב פקדון,החברה המרכזית להפצת משקאות בעמ,,גזוז בטעם למון ליים,,0.00,100.00,false,1.00,8.90,0.00,true,0,
7290110111557,false,"משקה ספורט איזוטוני בטעם פירות 500 מ""ל פאוורייד",החברה המרכזית להפצת משקאות בעמ,IT,מאונטיין בלאסט משקה ספורט איזוטוני בטעם פירות,,0.00,100.00,false,1.00,11.90,0.00,true,0,
7290110111564,false,"משקה ספורט איזוטוני בטעם הדרים ליין 500 מ""ל פאוורייד",החברה המרכזית להפצת משקאות בעמ,IT,סיטרוס ליים משקה ספורט איזוטוני בטעם הדרים-ליים,,0.00,100.00,false,1.00,12.90,0.00,true,0,
7290110113926,false,פאנטה ZERO אורנג 0.5 חייב פקדון,החברה המרכזית להפצת משקאות בעמ,,משקה ZERO אורנג',,0.00,100.00,false,1.00,7.90,0.00,true,0,
7290110115654,false,"פיוז טי זירו גרין אננס, 500 מ""ל",החברה המרכזית להפצת משקאות בעמ,IL,ZERO גרין אננס,,0.00,100.00,false,1.00,9.90,0.00,true,0,
7290110115661,false,"פיוז טי זירו בטעם אפרסק 500 מ""ל",החברה המרכזית להפצת משקאות בעמ,IL,ZERO אפרסק,,0.00,100.00,false,1.00,9.90,0.00,true,0,
7290110115692,false,משקה קל בטעם מלון עם קוביות אלוורה,החברה המרכזית למשקאו,TW,משקה קל בטעם מלון עם קוביות אלוורה,,0.00,100.00,false,1.00,8.90,0.00,true,0,
7290110115739,false,משקה קל בטעם פינקולדה עם קוביות קוקוס,החברה המרכזית למשקאו,TW,משקה קל בטעם פינקולדה עם קוביות ג'ל קוקוס,,0.00,100.00,false,1.00,8.90,0.00,true,0,
7290110115913,false,"משקה ספורט איזוטוני זירו בטעם אננס 500 מ""ל פאוורייד",החברה המרכזית להפצת משקאות בעמ,IT,ZERO משקה ספורט בטעם אננס דל קלוריות,,0.00,100.00,false,1.00,12.90,0.00,true,0,
7290110116200,false,מים 0 קלוריות בטעם לימון-ליים 0.5 ל נביעות,החברה המרכזית להפצת משקאות בעמ,TW,0 קלוריות בטעם למון ליים,,0.00,100.00,false,1.00,9.90,0.00,true,0,
7290110116224,false,נביעות 0 קלוריות בטעם אשכולית 0.5 ליטר,החברה המרכזית להפצת משקאות בעמ,TW,0 קלוריות בטעם אשכולית,,0.00,100.00,false,1.00,9.90,0.00,true,0,
7290110216894,false,שמפו עם שמן המפ אורגני שמן קיק וחומצה היאלורונית,אורכידאה,IL,שמפו שמן המפ וקיק,,0.00,100.00,false,1.00,49.90,0.00,true,0,
7290110216900,false,סרום עם שמן המפ אורגני שמן קיק וחומצה היאלורונית,אורכידאה,IL,סרום שמן המפ וקיק,,0.00,0.00,false,1.00,79.90,0.79,true,0,
7290110216917,false,מסכה עם שמן המפ אורגני שמן קיק וחומצה היאלורונית,אורכידאה,IL,מסכת שמן המפ וקיק,,0.00,100.00,false,1.00,79.90,0.00,true,0,
7290110327798,false,חטיף חלבון GO - שוקולד 60 ג' חלב נוכרי - רבנות,"בלמונט קונפקציות בע""\מ.",US,חטיף חלבון בטעם שוקולד,,0.00,100.00,false,1.00,11.90,0.00,true,0,
7290110327804,false,חטיף חלבון GO - עוגיות 60 ג' חלב נוכרי - רבנות,"בלמונט קונפקציות בע""\מ.",US,חטיף חלבון בטעם בצק עוגיות,,0.00,100.00,false,1.00,11.90,0.00,true,0,
7290110327811,false,חטיף חלבון GO בטעם בצק קוקוס 20 גר`חלבו,"בלמונט קונפקציות בע""\מ.",US,חטיף חלבון בטעם קוקוס,,0.00,100.00,false,1.00,11.90,0.00,true,0,
7290110327828,false,חטיף חלבון GO - חמאת בוטנים 60 ג' חלב נוכרי - רבנות,"בלמונט קונפקציות בע""\מ.",US,חטיף חלבון בטעם חמאת בוטנים,,0.00,100.00,false,1.00,11.90,0.00,true,0,
7290110450731,false,גייד אניגמה FX קרם אנטי אייגינג 50 מל,דניה,CH,ENIGMA FX קרם אנטי אייג'ינג,,0.00,100.00,false,1.00,229.00,0.04,true,0,
7290110450748,false,גייד אניגמה FX סרום מרוכז עם אפקט מיצוק,דניה,CH,ENIGMA FX סרום מרוכז עם אפקט מיצוק ומתיחה,,0.00,100.00,false,1.00,169.00,0.11,true,0,
7290110451233,false,גייד פרו +קליר מסכת לילה מרגיעה לעור הפנ,דניה,CH,PRO+CLEAR מסכת לילה מרגיעה,,0.00,100.00,false,1.00,79.00,0.01,true,0,
7290110451554,false,גייד אקווה גולט קרם לחות גל עור רגיל-יבש,דניה,CH,AQUA JOLT קרם לחות ג'ל לעור רגיל עד יבש,,0.00,100.00,false,1.00,109.00,0.02,true,0,
7290110451561,false,גייד אקווה גולט קרם לחות גל עור שמן-מעור,דניה,CH,AQUA JOLT קרם לחות ג'ל לעור שמן עד מעורב,,0.00,100.00,false,1.00,109.00,0.02,true,0,
7290110451578,false,גייד אקווה גולט קרם גל ממריץ לעיניים 15,דניה,CH,AQUA JOLT קרם ג'ל ממריץ לעיניים,,0.00,100.00,false,1.00,89.00,0.05,true,0,
7290110452070,false,גייד מים מיסלריים לניקוי פנים 200 מל,דניה,IL,מים מיסלריים לניקוי פנים לכל סוגי העור,,0.00,100.00,false,1.00,45.00,0.00,true,0,
7290110452629,false,גייד רויוליסט מסכת פורצלן להבהרה 50 מל,דניה,IL,REVIVALIST מסכת פורצלן להבהרה,,0.00,100.00,false,1.00,99.00,0.01,true,0,
7290110452636,false,גייד רויוליסט מסכה לטיהור וניקוי עמוק של,דניה,IL,REVIVALIST מסכה לטיהור וניקוי עמוק של העור,,0.00,100.00,false,1.00,99.00,0.01,true,0,
7290110452643,false,גייד רויוליסט מסכה מתקלפת להענקת זוהר וה,דניה,IL,REVIVALIST מסכה מתקלפת להענקת זוהר והארה,,0.00,100.00,false,1.00,99.00,0.01,true,0,
7290110452650,false,גייד רויוליסט מסכה מתקלפת למיצוק העור,דניה,IL,REVIVALIST מסכה מתקלפת למיצוק העור,,0.00,100.00,false,1.00,99.00,0.01,true,0,
7290110453589,false,גייד אקווה גולט סרום גל לעיניים 15 מל,דניה,IL,AQUA JOLT סרום ג'ל לעיניים,,0.00,100.00,false,1.00,99.00,0.06,true,0,
7290110453596,false,גייד הידרה סובלים תמצית רימונים קרם עיני,דניה,CH,HYDRA SUBLIME קרם עיניים תמצית רימונים,,0.00,100.00,false,1.00,129.00,0.08,true,0,
7290110453725,false,גייד אקווה גולט סרום לחות אינטנסיבית 30,דניה,IL,AQUA JOLT סרום לחות אינטנסיבית,,0.00,100.00,false,1.00,119.00,0.03,true,0,
7290110453732,false,גייד אניגמה FX קרם גל לאזור העיניים 20 מ,דניה,CH,ENIGMA FX קרם ג'ל להשבת חיוניות וזוהר לאזור העיניים,,0.00,100.00,false,1.00,149.00,0.07,true,0,
7290110453879,false,גייד SENSE 5 שמן הזנה לפנים 30 מל,דניה,IT,SENSE 5 שמן הזנה לפנים,,0.00,100.00,false,1.00,149.00,0.04,true,0,
7290110453930,false,גייד הידרה סובלים תמצית רימונים קרם יום,דניה,IL,HYDRA SUBLIME קרם יום לכל סוגי העור תמצית רימונים,,0.00,100.00,false,1.00,179.00,0.03,true,0,
7290110454272,false,גייד מארז מיוחד מים מסילריים + חלב פנים,דניה,IL,FRESH FOCUS מארז מיוחד מים מסילריים + חלב פנים ומי פנים,,0.00,0.00,false,1.00,89.00,0.00,true,0,
7290110454302,false,גייד גולד פרמיום דאבל סרום למיצוק העור 5,דניה,CH,GOLD PREMIUM דאבל סרום למיצוק העור,,0.00,100.00,false,1.00,249.00,0.04,true,0,
7290110454357,false,גייד סנס 5 קרם הזנה אינטנסיבי לפנים ולצו,דניה,CH,SENSE 5 קרם הזנה אינטנסיבי לפנים ולצוואר,,0.00,100.00,false,1.00,149.00,0.02,true,0,
7290110454364,false,גייד גלו FX קרם למראה זוהר 50 מל,דניה,CH,GLOW FX קרם למראה זוהר,,0.00,100.00,false,1.00,189.00,0.03,true,0,
7290110455071,false,גייד סיבי2 בוטניק קרם לחות מרגיע עם שמן,דניה,IL,CB2 BOTANIC קרם לחות מרגיע עם שמן זרעי קנאביס,,0.00,100.00,false,1.00,159.00,0.03,true,0,
7290110455088,false,גייד סיבי2 בוטניק שמן פנים מזרעי קנאביס,דניה,IL,CB2 BOTANIC שמן פנים מזרעי קנאביס,,0.00,100.00,false,1.00,159.00,0.05,true,0,
7290110455149,false,גייד רויוליסט מסכה מתקלפת להארת עור הפני,דניה,IL,REVIVALIST מסכה מתקלפת להארת עור הפנים,,0.00,100.00,false,1.00,99.00,0.01,true,0,
7290110455668,false,גייד סנס 6 קרם להצערת העור ולטיפול בקמטי,דניה,CH,SENSE 6 קרם להצערת העור ולטיפול בקמטים,,0.00,100.00,false,1.00,229.00,0.04,true,0,
7290110455675,false,גייד סנס 6 סרום להצערת העור ולטיפול בקמט,דניה,CH,SENSE 6 סרום להצערת העור ולטיפול בקמטים,,0.00,100.00,false,1.00,229.00,0.07,true,0,
7290110456108,false,גייד סידאולוגי קרם יום רב-תכליתי לעור רג,דניה,IL,SEEDOLOGY קרם יום רב-תכליתי לעור רגיל עד יבש,,0.00,100.00,false,1.00,179.00,0.03,true,0,
7290110456115,false,גייד סידאולוגי סרום בוסטר ממריץ 30 מל,דניה,IL,SEEDOLOGY סרום בוסטר ממריץ,,0.00,100.00,false,1.00,179.00,0.05,true,0,
7290110456122,false,גייד סידאולוגי קרם עיניים להפחתת סימני ע,דניה,IL,SEEDOLOGY קרם עיניים להפחתת סימני עייפות,,0.00,100.00,false,1.00,149.00,0.09,true,0,
7290110456184,false,גייד רויוליסט מארז מסכות לפנים,דניה קוסמטיקס,IL,REVIVALIST מארז מסכות,,0.00,0.00,false,1.00,129.90,0.00,true,0,
7290110456405,false,גייד אקווה גולט קרם לילה מזין 50 מל,דניה,IL,AQUA JOLT קרם לילה מזין,,0.00,100.00,false,1.00,119.00,0.02,true,0,
7290110456474,false,גייד סיבי2 בוטניק קרם לילה עשיר להזנה 50,דניה,IL,CB2 BOTANIC קרם לילה עשיר להזנה ושיקום העור,,0.00,100.00,false,1.00,159.00,0.03,true,0,
7290110456573,false,גייד סיבי2 בוטניק קרם עיניים משקם 15 מל,דניה,IL,CB2 BOTANIC קרם עיניים משקם,,0.00,100.00,false,1.00,129.00,0.08,true,0,
7290110456894,false,גייד גלו פקס קרם עיניים למראה זוהר 20 מל,דניה,IT,GLOW FX קרם עיניים למראה זוהר,,0.00,100.00,false,1.00,119.00,0.05,true,0,
7290110457440,false,גייד גלו FX לילה לגוון עור אחיד 50 מל,דניה,CH,GLOW FX קרם לילה לגוון עור אחיד,,0.00,100.00,false,1.00,209.00,0.04,true,0,
7290110553098,false,מאגדת חטיפים אנרג'י מיקס צימוקים אגוזים 100X4 גרם,אנרג'י Energy - שטראוס,GB,"MIX תערובת צימוקים, אגוזי לוז בקקאו ושבבי שוקולד חלב מעולה",,0.00,0.00,false,1.00,18.90,4.72,true,0,
7290110557645,false,מאגדת חטיפים אנרג'י מיקס צימוקים חמוציות 100X4 גרם,שטראוס גרופ בע`מ,GB,"MIX תערובת חמוציות, צימוקים ושוקולד לבן מעולה",,0.00,0.00,false,1.00,18.90,4.72,true,0,
7290110558109,false,אפלנד חטיף פירות - פקאן תפוח וקינמון 35,שטראוס גרופ,IL,חטיף פקאן תפוח וקינמון,,0.00,100.00,false,1.00,11.90,0.00,true,0,
7290110558116,false,אפלנד חטיף פירות - מנגו בננה תפוז 35 גרם,שטראוס גרופ,IL,חטיף מנגו בננה תפוז,,0.00,100.00,false,1.00,11.90,0.00,true,0,
7290110558123,false,אפלנד חטיף פירות - פקאן ותות 35 גרם,שטראוס גרופ,IL,חטיף פקאן ותות,,0.00,100.00,false,1.00,11.90,0.00,true,0,
7290110563868,false,אנרגי חטיפי דגנים אגוזים ושוקולד מריר מ6,"שטראוס גרופ בע""\מ",IL,חטיף דגנים עם שברי אגוזים ושוקולד מריר מעולה,,0.00,0.00,false,1.00,15.90,2.65,true,0,
7290110571375,false,"אנרג'י מיקס תערובת צימוקים, תמרים, טופי ושברי פקאן",אנרג'י Energy - שטראוס,GB,"MIX תערובת צימוקים, תמרים, טופי ושברי פקאן",,0.00,0.00,false,1.00,18.90,4.72,true,0,
7290110730109,false,נוטרילון קומפורט תרכובת מזון מגיל לידה,דיפלומט מפיצים (1968) בעמ**,NL,קומפורט - תרכובת מזון לתינוקות על בסיס חלב,,0.00,100.00,false,1.00,102.90,0.00,true,0,
7290111090097,false,דר עור קרם לילה אנטי אייגינג SUPREME OR,"ד""ר עור DOCTOR OR",IL,קרם לילה אנטי אייג'ינג SUPREME OR +55,,0.00,100.00,false,1.00,219.90,0.04,true,0,
7290111090387,false,דר עור סרום אנטי אייגינג SUPREME OR,"ד""ר עור DOCTOR OR",IL,סרום אנטי אייג'ינג SUPREME OR +55,,0.00,100.00,false,1.00,219.90,0.07,true,0,
7290111090677,false,דר עור קרם עיניים אנטי אייגינג SUPREME O,"ד""ר עור DOCTOR OR",IL,קרם עיניים אנטי אייג'ינג SUPREME OR +55,,0.00,100.00,false,1.00,219.90,0.07,true,0,
7290111090967,false,אמפולות הזנה אנטי אייג'ינג לעור בוגר +55,"ד""ר עור DOCTOR OR",IL,אמפולות אנטי אייג'ינג SUPREME OR +55,,0.00,0.00,false,1.00,289.90,9.66,true,0,
7290111091261,false,דר עור יאנג דאודורנט ללא אלומינ'.יוניסקס,ניאופארם,IL,YOUNG דאודורנט ללא אלכוהול בניחוח מרענן ללא אלומיניום - כחול,,0.00,100.00,false,1.00,49.90,0.00,true,0,
7290111091889,false,תחליב גרגירים עדין לעור שמן 150 מל OILY OR FORTE,ניאופארם,IL,Oily OR FORTE תחליב גרגירים עדין לעור שמן הנוטה לפצעונים,,0.00,100.00,false,1.00,79.90,0.00,true,0,
7290111092022,false,ACU-OR קרם לחות טיפולי לעור יבש הנוטה לפגמים,"ד""ר עור DOCTOR OR",IL,ACU-OR קרם לחות טיפולי לעור יבש הנוטה לפגמים SPF30,,0.00,100.00,false,1.00,99.90,0.01,true,0,
7290111092299,false,"ד""ר עור- קרם לחות לעור שמן נוטה לפצעונים","ד""ר עור DOCTOR OR",IL,Oily OR FORTE קרם לחות טיפולי לעור שמן הנוטה לפצעונים,,0.00,100.00,false,1.00,99.90,0.02,true,0,
7290111093579,false,דוקטור עור בוסטר ENRICH ללחות אינטנסיבי,"ד""ר עור DOCTOR OR",IL,בוסטר ENRICH ללחות אינטנסיבית לעור יבש,,0.00,100.00,false,1.00,229.90,0.07,true,0,
7290111093722,false,"קצף עדין לניקוי הפנים לילך מאסק 150 מ""ל DR OR",ניאופארם,IL,קצף עדין לניקוי הפנים,,0.00,100.00,false,1.00,24.90,0.00,true,0,
7290111093869,false,בוסטר להפחתת פגמי עור (פצעונים) לעור מעורב - שמן,"ד""ר עור DOCTOR OR",IL,בוסטר BALANCING להפחתת פגמי עור,,0.00,100.00,false,1.00,229.90,0.07,true,0,
7290111094132,false,דר עור יאנג טיפול נקודתי ללילה לנערות,"ד""ר עור DOCTOR OR",IL,YOUNG טיפול לילה נקודתי,,0.00,100.00,false,1.00,49.90,0.02,true,0,
7290111094279,false,בוסטר להפחתת כתמי פיגמנטציה לכל סוגי העור,"ד""ר עור DOCTOR OR",IL,בוסטר BRIGHT להפחתת כתמי פיגמנטציה,,0.00,100.00,false,1.00,229.90,0.07,true,0,
7290111094422,false,YOUNG קצף לניקוי הפנים לעור מעורב עד שמן,"ד""ר עור DOCTOR OR",IL,YOUNG קצף לניקוי הפנים לעור מעורב עד שמן,,0.00,100.00,false,1.00,64.90,0.00,true,0,
7290111094538,false,דר עור פילר סרום חומצה היאלורונית 30 מל,"ד""ר עור DOCTOR OR",IL,סרום חומצה היאלורונית FILLER OR,,0.00,100.00,false,1.00,199.90,0.06,true,0,
7290111094569,false,בוסטר למיצוק העור וצמצום קמטים DR OR BOOSTER LIFT&FIRM,ניאופארם,IL,בוסטר LIFT&FIRM למיצוק העור וצמצום קמטים לעור בוגר ויבש,,0.00,100.00,false,1.00,229.90,0.07,true,0,
7290111094712,false,YOUNG מסיכת חימר מנקה וסופחת שומנים לעור מעורב עד שמן,"ד""ר עור DOCTOR OR",IL,YOUNG מסיכת חימר מנקה וסופחת שומנים לעור מעורב עד שמן,,0.00,100.00,false,1.00,79.90,0.01,true,0,
7290111094811,false,דר עור יאנג מים מיסלריים להסרת איפור,"ד""ר עור DOCTOR OR",IL,YOUNG מים מיסלריים לניקוי והסרת איפור מהפנים והעיניים,,0.00,100.00,false,1.00,49.90,0.00,true,0,
7290111094828,false,דר עור פילר קרם חומצה היאלורונית 40 מל,"ד""ר עור DOCTOR OR",IL,קרם חומצה היאלורונית FILLER OR,,0.00,100.00,false,1.00,179.90,0.04,true,0,
7290111094859,false,בוסטר לחידוש העור ומראה זוהר לכל סוגי העור,"ד""ר עור DOCTOR OR",IL,בוסטר GLOW לחידוש העור ומראה זוהר,,0.00,100.00,false,1.00,229.90,0.07,true,0,
7290111095122,false,דר עור יאנג טיפול נקודתי ליום לנערות,"ד""ר עור DOCTOR OR",IL,YOUNG טיפול יום נקודתי ג'ל בגוון שקוף,,0.00,100.00,false,1.00,49.90,0.02,true,0,
7290111095412,false,YOUNG סבון פחם פילינג לניקוי פנים לעור מעורב עד שמן,"ד""ר עור DOCTOR OR",IL,YOUNG סבון פחם פילינג לניקוי פנים לעור מעורב עד שמן,,0.00,100.00,false,1.00,59.90,0.00,true,0,
7290111095450,false,דר עור יאנג ליפ באלם,"ד""ר עור DOCTOR OR",IL,יאנג ליפ באלם,,0.00,0.00,false,1.00,39.90,0.00,true,0,
7290111095702,false,דר עור יאנג דאודורנט ללא אלומיניום נערות,ניאופארם,IL,YOUNG דאודורנט ללא אלכוהול בניחוח מרענן ללא אלומיניום - ורוד,,0.00,100.00,false,1.00,49.90,0.00,true,0,
7290111096112,false,דר עור יאנג קרם לחות מאזן לנערות 50 מל,"ד""ר עור DOCTOR OR",IL,YOUNG קרם לחות מאזן לעור מעורב עד שמן,,0.00,100.00,false,1.00,74.90,0.01,true,0,
7290111096402,false,Classic מים מיסלריים לניקוי והסרת איפור מהפנים והעיניים,"ד""ר עור DOCTOR OR",IL,Classic מים מיסלריים לניקוי והסרת איפור מהפנים והעיניים,,0.00,100.00,false,1.00,79.90,0.00,true,0,
7290111096730,false,דר עור ריניו BB קרם לחות עם גוון LIGHT,ניאופארם,IL,Renew OR BB CREAM קרם לחות עם גוון LIGHT,,0.00,100.00,false,1.00,164.90,0.05,true,0,
7290111097140,false,דר עור ריניו BB קרם לחות עם גוון MEDIUM,ניאופארם,IL,Renew OR BB CREAM קרם לחות עם גוון MEDIUM,,0.00,100.00,false,1.00,164.90,0.05,true,0,
7290111097355,false,נוק בקבוק אימון דיסני סגול 150 מל 6-18 ח,ניאופארם,DE,בקבוק אימון לשתיה עצמאית דיסני סגול 6-18 חודשים,,0.00,0.00,false,1.00,44.90,0.00,true,0,
7290111097430,false,דר עור ריניו BB קרם לחות עם גוון ULTRA L,ניאופארם,IL,Renew OR BB CREAM קרם לחות עם גוון ULTRA LIGHT,,0.00,100.00,false,1.00,164.90,0.05,true,0,
7290111097720,false,"ד""ר עור - BB YOUNG קרם לחות עם גוון עדין 30 מ""ל",ניאופארם,IL,YOUNG BB קרם לחות עם גוון עדין,,0.00,100.00,false,1.00,99.90,0.03,true,0,
7290111098130,false,ג'ל ניקוי טיפולי לעור שמן 200מל OILY OR FORTE,ניאופארם,IL,Oily OR FORTE ג'ל ניקוי טיפולי לעור שמן הנוטה לפצעונים,,0.00,100.00,false,1.00,83.90,0.00,true,0,
7290111098208,false,דר עור קרם יום אנטי אייגינג SUPREME OR,"ד""ר עור DOCTOR OR",IL,קרם יום אנטי אייג'ינג SUPREME OR +55,,0.00,100.00,false,1.00,219.90,0.04,true,0,
7290111098352,false,בוסטר לצמצום קמטים בפנים צוואר ודקולטה DR OR BOOSTER RE-FIRM,ניאופארם,IL,בוסטר RE-FIRM למיצוק ופיסול הצוואר והמחשוף,,0.00,100.00,false,1.00,229.90,0.07,true,0,
7290111141706,false,סאנדיי ספריי לניקוי שמשות וחלונות 1 ליטר,סאסא-טק,IL,ספריי לניקוי חלונות,,0.00,1.00,false,1.00,9.90,9.90,true,0,
7290111141720,false,לייף מברשת שיניים פלקסיבל כחולה,טריזה,CH,Dental מברשת שיניים פלקסיבל,,0.00,0.00,false,1.00,14.90,0.00,true,0,
7290111141737,false,לייף מברשת שיניים פלקסיבל כתומה,טריזה,CH,Dental מברשת שיניים פלקסיבל,,0.00,0.00,false,1.00,14.90,0.00,true,0,
7290111141744,false,לייף מברשת שיניים פרופשונל קר ירוקה,טריזה,CH,DENTAL מברשת שיניים פרופשונל קר - ירוקה,,0.00,0.00,false,1.00,15.90,0.00,true,0,
7290111141768,false,לייף מברשת שיניים מתקפלת לנסיעות כחולה,טריזה,CH,DENTAL מברשת שיניים מתקפלת לנסיעות - כחולה,,0.00,0.00,false,1.00,13.90,0.00,true,0,
7290111141775,false,לייף מברשת שיניים מתקפלת לנסיעות ורודה,טריזה,CH,DENTAL מברשת שיניים מתקפלת לנסיעות - ורודה,,0.00,0.00,false,1.00,13.90,0.00,true,0,
7290111141782,false,לייף מברשת שיניים SENSITIVE PLUS ירוקה,טריזה,CH,Dental מברשת שיניים סנסיטיב פלוס,,0.00,0.00,false,1.00,14.90,0.00,true,0,
7290111142222,false,לייף אול אין חטיף חלבון וסיבים חמ.בוטנים,מדיטרנד,NL,PROTEIN&FIBER ALL IN חטיף חלבון וסיבים בטעם חמאת בוטנים,,0.00,100.00,false,1.00,14.90,0.00,true,0,
7290111142239,false,לייף אול אין חטיף חלבון 100 שוקולד פאדג,מדיטרנד,NL,ALL IN חטיף חלבון - שוקולד פאדג',,0.00,0.00,false,1.00,17.90,0.17,true,0,
7290111144301,false,לייף מגבוני דיספנסר מועשר בלחות רביעייה,עלבד,IL,מגבונים מועשרים בקרם לחות באריזת דיספנסר,,0.00,0.00,false,1.00,24.90,6.22,true,0,
7290111144479,false,לייף מים מינרלים טבעיים מוגזים שישייה0.5,General,IT,מים מינרליים טבעיים מוגזים,,0.00,1.00,false,1.00,12.90,4.30,true,0,
7290111144653,false,לייף זוג מברשות שיניים מעוצבות גוניור,טריזה,CH,DENTAL ג'וניור מברשות שיניים מעוצבות לילדים,,0.00,0.00,false,1.00,19.90,9.95,true,0,
7290111144660,false,סאנדיי שקיות אוכל מעוצבות מנייר+מדבקות,לייף,PL,שקיות נייר לסנדויצ'ים,,0.00,0.00,false,1.00,9.90,0.19,true,0,
7290111144721,false,לייף אול אין גל אנרגיה בטעם אספרסו,מדיטרנד,NL,ALL IN ג'ל אנרגיה בטעם אספרסו,,0.00,100.00,false,1.00,6.90,0.00,true,0,
7290111144738,false,לייף אול אין גל אנרגיה בטעם פירות יער,מדיטרנד,NL,ALL IN ג'ל אנרגיה בטעם פירות יער,,0.00,100.00,false,1.00,6.90,0.00,true,0,
7290111144844,false,לייף בייביז סט מכנס+בגד גוף לבן NB,מיננה,CN,BABYS סט בגד גוף ומכנסיים שרוול ארוך 100% כותנה לבן NB,,0.00,0.00,false,1.00,39.90,0.00,true,0,
7290111144851,false,לייף בייביז סט מכנס+בגד גוף לבן 0-3,מיננה,CN,סט בגד גוף ומכנסיים שרוול ארוך לגילאי 0-3 חודשים,,0.00,0.00,false,1.00,39.90,0.00,true,0,
7290111145025,false,לייף רול און דוחה יתושים טבעי לילדים,אמיליה קוסמטיקס,IL,דוחה יתושים ממקור טבעי,,0.00,0.00,false,1.00,18.90,0.00,true,0,
7290111145117,false,לייף מישל שמן קנביס לשיער מתולתל 145 מל,לייף,IL,MICHEL MERCIER שמן קנביס לשיער מתולתל,,0.00,100.00,false,1.00,29.90,0.00,true,0,
7290111145292,false,לייף שפתון רימון דיסני מכשפות בליסטר,3OL,IL,שפתון קסם הרימון לשפתיים יבשות דיסני,,0.00,0.00,false,1.00,12.90,0.00,true,0,
7290111145605,false,סאנדיי מרכך כביסה מרוכז כחול 1 ליטר,זוהר דליה,IL,מרכך כביסה מרוכז מועשר בתמציות רוז ומאסק,,0.00,1.00,false,1.00,14.90,14.90,true,0,
7290111145629,false,סאנדיי מרכך כביסה מרוכז בורדו 1 ליטר,זוהר דליה,IL,מרכך כביסה מרוכז מועשר בתמציות לילך ויסמין,,0.00,1.00,false,1.00,14.90,14.90,true,0,
7290111145636,false,לייף קידס אלסבון סמי הכבאי 700 מל לילדים,ארמן,IL,אל סבון לילדים סמי הכבאי,,0.00,100.00,false,1.00,13.90,0.00,true,0,
7290111145643,false,לייף קידס שמפו סמי הכבאי 700 מל לילדים,ארמן,IL,שמפו סמי הכבאי לפעוטות וילדים,,0.00,100.00,false,1.00,13.90,0.00,true,0,
7290111145735,false,לייף 6 מגבונים לחים רב שימושיים 72 יח,DPL,IL,מגבונים לחים רב שימושיים,,0.00,0.00,false,1.00,23.90,3.98,true,0,
7290111145896,false,לייף בייביז סט סכום ורוד כתום,ויטאל בייבי,CN,כפית ומזלג לתינוק צבע ורוד 12+,,0.00,0.00,false,1.00,21.90,0.00,true,0,
7290111145902,false,לייף בייביז סט סכום ירוק כחול,ויטאל בייבי,CN,כפית ומזלג לתינוק צבע כחול 12+,,0.00,0.00,false,1.00,21.90,0.00,true,0,
7290111145971,false,לייף בייביז כפיות מגיל 6 חודשים ורוד,ויטאל בייבי,,כפיות לתינוק זוג בצבע ורוד 6+,,0.00,0.00,false,1.00,19.90,0.00,true,0,
7290111285417,false,קערה במבוק מיני מאוס יח,שמחה זה אנחנו,CN,קערה במבוק מיני מאוס,,0.00,0.00,false,1.00,10.90,10.90,true,0,
<<<<<<< HEAD
7290111285431,false,קערה במבוק מפרץ ההרפתקאות בנים,שמחה זה אנחנו,CN,קערה במבוק מפרץ ההרפתקאות,,0.00,0.00,false,1.00,10.90,10.90,true,0,
7290111285509,false,כוס במבוק מיני מאוס יח,שמחה זה אנחנו,CN,כוס במבוק מיני מאוס,,0.00,0.00,false,1.00,9.90,9.90,true,0,
7290111340109,false,דיפנד - מגן תחתון לנשים אקטיב 22 יח',קימברלי קלארק,IL,ACTIVE - FIT מגן תחתון לבריחת שתן אולטרה-מיני,,0.00,0.00,false,1.00,21.90,0.99,true,0,
7290111340116,false,לילי נטורל קר נייר טואלט 32 גלילים,חוגלה קימברלי,IL,NATURAL CARE נייר טואלט דו שכבתי רך ומפנק בתוספת אלוורה וקמומיל,,0.00,0.00,false,1.00,47.90,1.49,true,0,
7290111340260,false,קוטקס תחבושת נורמל פלוס 8 יח,General,,תחבושות עם כנפיים נורמל,,0.00,0.00,false,1.00,9.90,1.23,true,0,
7290111340925,false,מטליות לחות ניקול XL לניקוי כללי בניחוח פריחה 40 יח',חוגלה קימברלי,IL,מטליות לחות XL לניקוי משטחים גדולים,,0.00,0.00,false,1.00,15.90,0.39,true,0,
7290111341359,false,רדיד אלומיניום+סכין חיתוך ניקול 60 מטר,"אופל בע""\מ",IL,רדיד אלומיניום עם מתקן לחיתוך קל,,0.00,1.00,false,1.00,44.90,0.74,true,0,
7290111341434,false,תחבושות דיפנד נורמל אקטיב לנשים 12 יח,קימברלי קלארק,IL,ACTIVE - FIT תחבושות לבריחת שתן נורמל,,0.00,0.00,false,1.00,21.90,1.82,true,0,
7290111341496,false,תחבושות דיפנד מיני אקטיב לנשים 14 יח,קימברלי קלארק,IL,ACTIVE - FIT תחבושות לבריחת שתן מיני,,0.00,0.00,false,1.00,21.90,1.56,true,0,
7290111341519,false,קוטקס אקטיב תחבושות נורמל סינגל 8 יחידות,חוגלה,CZ,ACTIVE תחבושות עם כנפיים נורמל פלוס,,0.00,0.00,false,1.00,7.90,0.98,false,0,
7290111341526,false,תחבושות קוטקס אקטיב נורמל דואו 24 יחידות,קימברלי קלארק צ'כיה,CZ,ACTIVE תחבושות עם כנפיים נורמל פלוס,,0.00,0.00,false,1.00,20.90,0.87,true,0,
7290111341533,false,קוטקס אקטיב תחבושות סופר פלוס דואו 18 יח,קימברלי קלארק צ'כיה,CZ,ACTIVE תחבושות עם כנפיים סופר פלוס,,0.00,0.00,false,1.00,20.90,1.16,true,0,
7290111341540,false,קוטקס אקטיב טמפונים ללא מוליך נורמל 32יח,קימברלי קלארק צ'כיה,CZ,טמפונים אקטיב נורמל ללא מוליך לנוחות מקסימלית והגנה בתנועה,,0.00,0.00,false,1.00,28.90,0.90,true,0,
7290111341984,false,לילי - מגבוני נייר טואלט לח פיור רביעייה,קימברלי,IL,PURE נייר טואלט לח נשטף באסלה,,0.00,0.00,false,1.00,26.90,6.72,true,0,
7290111341991,false,מגבוני טואלט לח סופרים לילי 48 יח',חוגלה קימברלי,IL,SUPREME נייר טואלט לח נשטף באסלה,,0.00,0.00,false,1.00,9.90,0.20,true,0,
7290111342004,false,נייר טואלט לילי לח קידס 56 דפים,חוגלה קימברלי,IL,KIDS נייר טואלט לח נשטף באסלה,,0.00,0.00,false,1.00,9.90,0.17,true,0,
7290111342042,false,ניקול כריות יפניות אנטיבקטריאלי 4 יחידות,פלסטו פוליש,IL,כריות יפניות לניקוי וקרצוף אנטיבקטריאלי,,0.00,0.00,false,1.00,14.90,3.72,true,0,
7290111342059,false,50 מטליות מיקרופייבר לשטחים אנטיבקטריאלי ניקול,ניקול,IL,מטליות לחות לחיטוי משטחים אנטיבקטריאלי,,0.00,0.00,false,1.00,15.90,0.31,true,0,
7290111342073,false,מטליות מקרופייבר למשטחים אנטיבקטריאלי ניקול,ניקול,IL,מטליות מיקרופייבר למשטחים אנטיבקטריאלי,,0.00,0.00,false,1.00,14.90,7.45,true,0,
7290111342738,false,לילי - מגבוני נייר טואלט לח קידס רביעייה,לילי נייר טואלט חוגלה,IL,נייר טואלט לח נשטף באסלה בניחוח פירותי מתאים לעורם של ילדים מארז,,0.00,0.00,false,1.00,26.90,6.72,true,0,
7290111343117,false,"קלינקס לושן סופט פק זוגות 140 דף ""חדש""",קימברלי קלארק,IL,"לושן - ממחטות טישו בתוספת : אלוורה, ויטמין E וקלנדולה",,0.00,0.00,false,1.00,15.90,7.95,true,0,
7290111343452,false,מטליות לחות לניקוי כללי בתוספת חומץ 50 יח' ניקול,חוגלה קימברלי,IL,מטליות לחות לניקוי כללי בתוספת חומץ,,0.00,0.00,false,1.00,15.90,0.31,true,0,
7290111343483,false,קוטקס יאנג נייט תחבושות עם כנפיים 20 יח,חוגלה,CZ,יאנג נייט תחבושות עם כנפיים ספיגה מוגברת ללילה שלם,,0.00,0.00,false,1.00,20.90,1.04,true,0,
7290111343742,false,דיפנד תחתונים סופגים L נשים 9 יח,חוגלה,IL,"תחתוני לייקרה סופגים לבריחת שתן, נשים L",,0.00,0.00,false,1.00,46.90,5.21,true,0,
7290111343759,false,דיפנד תחתונים סופגים XL נשים 9 יח,חוגלה,IL,"תחתוני לייקרה סופגים לבריחת שתן, נשים XL",,0.00,0.00,false,1.00,46.90,5.21,true,0,
7290111343797,false,מטליות לחות לניקוי חלונות 48 יח' ניקול,חוגלה קימברלי,IL,מטליות לחות לניקוי חלונות,,0.00,0.00,false,1.00,15.90,0.31,true,0,
7290111343841,false,ניקול ספוגית הקסם נירוסטה 3 יחידות,ניקול,IL,ספוגית הקסם נירוסטה,,0.00,0.00,false,1.00,13.90,4.63,true,0,
7290111343858,false,ניקול מטליות לחות לרצפה אנטיבקרטריאלי 10 יחידות,עלבד משואות יצחק,IL,מטליות לחות לניקוי וחיטוי הרצפה אנטיבקטריאלי,,0.00,0.00,false,1.00,13.90,1.39,true,0,
7290111344077,false,מטליות לחות לחיטוי משטחים אריזת שלישייה,עלבד משואות יצחק,IL,מטליות לחות לחיטוי משטחים אנטיבקטריאלי מארז,,0.00,0.00,false,1.00,25.90,0.00,true,0,
7290111344091,false,מטליות לחות אנטיבקטריאלי TO GO שלישייה 15 יח',חוגלה קימברלי,IL,מטליות לחות לחיטוי משטחים אנטיבקטריאלי TO GO,,0.00,0.00,false,1.00,15.90,1.06,true,0,
=======
7290111285431,false,קערה במבוק מפרץ ההרפתקאות בנים,שמחה זה אנחנו בעמ,CN,קערה במבוק מפרץ ההרפתקאות,,0.00,0.00,false,1.00,10.90,10.90,true,0,
7290111285509,false,כוס במבוק מיני מאוס יח,שמחה זה אנחנו בע`מ,CN,כוס במבוק מיני מאוס,,0.00,0.00,false,1.00,9.90,9.90,true,0,
7290111340109,false,דיפנד - מגן תחתון לנשים אקטיב 22 יח',קימברלי קלארק ישראל שיווק בעמ,IL,ACTIVE - FIT מגן תחתון לבריחת שתן אולטרה-מיני,,0.00,0.00,false,1.00,21.90,0.99,true,0,
7290111340116,false,לילי נטורל קר נייר טואלט 32 גלילים,חוגלה קימברלי,IL,NATURAL CARE נייר טואלט דו שכבתי רך ומפנק בתוספת אלוורה וקמומיל,,0.00,0.00,false,1.00,47.90,1.49,true,0,
7290111340260,false,קוטקס תחבושת נורמל פלוס 8 יח,General,,תחבושות עם כנפיים נורמל,,0.00,0.00,false,1.00,9.90,1.23,true,0,
7290111340925,false,מטליות לחות ניקול XL לניקוי כללי בניחוח פריחה 40 יח',קימברלי קלארק ישראל שיווק בעמ,IL,מטליות לחות XL לניקוי משטחים גדולים,,0.00,0.00,false,1.00,15.90,0.39,true,0,
7290111341359,false,ניקול רדיד אלומיניום חסכוני 60 מטר עם סכ,קימברלי קלארק ישראל שיווק בעמ,IL,רדיד אלומיניום עם מתקן לחיתוך קל,,0.00,1.00,false,1.00,44.90,0.74,true,0,
7290111341434,false,תחבושות דיפנד נורמל אקטיב לנשים 12 יח,קימברלי קלארק ישראל שיווק בעמ,IL,ACTIVE - FIT תחבושות לבריחת שתן נורמל,,0.00,0.00,false,1.00,21.90,1.82,true,0,
7290111341496,false,תחבושות דיפנד מיני אקטיב לנשים 14 יח,קימברלי קלארק ישראל שיווק בעמ,IL,ACTIVE - FIT תחבושות לבריחת שתן מיני,,0.00,0.00,false,1.00,21.90,1.56,true,0,
7290111341519,false,קוטקס אקטיב תחבושות נורמל סינגל 8 יחידות,חוגלה,CZ,ACTIVE תחבושות עם כנפיים נורמל פלוס,,0.00,0.00,false,1.00,7.90,0.98,false,0,
7290111341526,false,תחבושות קוטקס אקטיב נורמל דואו 24 יחידות,קימברלי קלארק ישראל שיווק בעמ,CZ,ACTIVE תחבושות עם כנפיים נורמל פלוס,,0.00,0.00,false,1.00,20.90,0.87,true,0,
7290111341533,false,קוטקס אקטיב תחבושות סופר פלוס דואו 18 יח,קימברלי קלארק ישראל שיווק בעמ,CZ,ACTIVE תחבושות עם כנפיים סופר פלוס,,0.00,0.00,false,1.00,20.90,1.16,true,0,
7290111341540,false,קוטקס אקטיב טמפונים ללא מוליך נורמל 32יח,קימברלי קלארק ישראל שיווק בעמ,CZ,טמפונים אקטיב נורמל ללא מוליך לנוחות מקסימלית והגנה בתנועה,,0.00,0.00,false,1.00,28.90,0.90,true,0,
7290111341984,false,לילי - מגבוני נייר טואלט לח פיור רביעייה,קימברלי קלארק ישראל שיווק בעמ,IL,PURE נייר טואלט לח נשטף באסלה,,0.00,0.00,false,1.00,26.90,6.72,true,0,
7290111341991,false,מגבוני טואלט לח סופרים לילי 48 יח',קימברלי קלארק ישראל שיווק בעמ,IL,SUPREME נייר טואלט לח נשטף באסלה,,0.00,0.00,false,1.00,9.90,0.20,true,0,
7290111342004,false,מגבוני נייר טואלט לחים 56 דף דיספנסר,קימברלי קלארק ישראל שיווק בעמ,IL,KIDS נייר טואלט לח נשטף באסלה,,0.00,0.00,false,1.00,9.90,0.17,true,0,
7290111342042,false,ניקול כריות יפניות אנטיבקטריאלי 4 יחידות,קימברלי קלארק ישראל שיווק בעמ,IL,כריות יפניות לניקוי וקרצוף אנטיבקטריאלי,,0.00,0.00,false,1.00,14.90,3.72,true,0,
7290111342059,false,50 מטליות מיקרופייבר לשטחים אנטיבקטריאלי ניקול,קימברלי קלארק ישראל שיווק בעמ,IL,מטליות לחות לחיטוי משטחים אנטיבקטריאלי,,0.00,0.00,false,1.00,15.90,0.31,true,0,
7290111342073,false,מטליות מקרופייבר למשטחים אנטיבקטריאלי ניקול,קימברלי קלארק ישראל שיווק בעמ,IL,מטליות מיקרופייבר למשטחים אנטיבקטריאלי,,0.00,0.00,false,1.00,14.90,7.45,true,0,
7290111342738,false,לילי - מגבוני נייר טואלט לח קידס רביעייה,קימברלי קלארק ישראל שיווק בעמ,IL,נייר טואלט לח נשטף באסלה בניחוח פירותי מתאים לעורם של ילדים מארז,,0.00,0.00,false,1.00,26.90,6.72,true,0,
7290111343117,false,קלינקס ממחטות לושן סופט פק זוגות 140דף,קימברלי קלארק ישראל שיווק בעמ,IL,"לושן - ממחטות טישו בתוספת : אלוורה, ויטמין E וקלנדולה",,0.00,0.00,false,1.00,15.90,7.95,true,0,
7290111343452,false,מטליות לחות לניקוי כללי בתוספת חומץ 50 יח' ניקול,חוגלה קימברלי,IL,מטליות לחות לניקוי כללי בתוספת חומץ,,0.00,0.00,false,1.00,15.90,0.31,true,0,
7290111343483,false,קוטקס יאנג נייט תחבושות עם כנפיים 20 יח,חוגלה,CZ,יאנג נייט תחבושות עם כנפיים ספיגה מוגברת ללילה שלם,,0.00,0.00,false,1.00,20.90,1.04,true,0,
7290111343742,false,דיפנד תחתונים סופגים L נשים 9 יח,קימברלי קלארק ישראל שיווק בעמ,IL,"תחתוני לייקרה סופגים לבריחת שתן, נשים L",,0.00,0.00,false,1.00,46.90,5.21,true,0,
7290111343759,false,דיפנד תחתונים סופגים XL נשים 9 יח,קימברלי קלארק ישראל שיווק בעמ,IL,"תחתוני לייקרה סופגים לבריחת שתן, נשים XL",,0.00,0.00,false,1.00,46.90,5.21,true,0,
7290111343797,false,מטליות לחות לניקוי חלונות 48 יח' ניקול,קימברלי קלארק ישראל שיווק בעמ,IL,מטליות לחות לניקוי חלונות,,0.00,0.00,false,1.00,15.90,0.31,true,0,
7290111343841,false,ניקול ספוגית הקסם נירוסטה 3 יחידות,קימברלי קלארק ישראל שיווק בעמ,IL,ספוגית הקסם נירוסטה,,0.00,0.00,false,1.00,13.90,4.63,true,0,
7290111343858,false,ניקול מטליות לחות לרצפה אנטיבקרטריאלי 10 יחידות,קימברלי קלארק ישראל שיווק בעמ,IL,מטליות לחות לניקוי וחיטוי הרצפה אנטיבקטריאלי,,0.00,0.00,false,1.00,13.90,1.39,true,0,
7290111344077,false,שלישיות מטליות לחות למשטחים אנטיבקטראלי,קימברלי קלארק ישראל שיווק בעמ,IL,מטליות לחות לחיטוי משטחים אנטיבקטריאלי מארז,,0.00,0.00,false,1.00,25.90,0.00,true,0,
7290111344091,false,מטליות לחות אנטיבקטריאלי TO GO שלישייה 15 יח',קימברלי קלארק ישראל שיווק בעמ,IL,מטליות לחות לחיטוי משטחים אנטיבקטריאלי TO GO,,0.00,0.00,false,1.00,15.90,1.06,true,0,
>>>>>>> d048ac2f4f281c9d788043ab4e81b61b0dbe3743
7290111344183,false,דיפנד תחתונים סופגים M נשים 10 יח,חוגלה,IL,"תחתוני לייקרה סופגים לבריחת שתן, נשים M",,0.00,0.00,false,1.00,46.90,4.69,true,0,
7290111344206,false,האגיס נטורל קר מגבונים לחים בבישום עדין רביעייה,קימברלי קלארק ישראל שיווק בעמ,IL,מגבונים לחים לתינוק בבישום עדין,,0.00,0.00,false,1.00,27.90,6.97,true,0,
7290111344442,false,קוטקס יאנג נייט תחתוני מחזור לנערות,חוגלה,CN,יאנג נייט תחתוני מחזור לנערות,,0.00,0.00,false,1.00,10.90,5.45,true,0,
7290111344459,false,קוטוקס תחבושות נייט אקסטרא לונג 20 יח',קימברלי קלארק ישראל שיווק בעמ,CN,תחבושת אקסטרא לונג נייט,,0.00,0.00,false,1.00,20.90,1.16,true,0,
7290111344503,false,חיתולי האגיס אקסטרה קייר מידה +4 36 יח',קימברלי קלארק ישראל שיווק בעמ,IL,"חיתולים מידה +4, 10-14 ק""ג",,0.00,0.00,false,1.00,63.90,1.77,true,0,
7290111344527,false,ניקול שקיות אשפה XXL לפחים ענקיים 20 יחי,קימברלי קלארק ישראל שיווק בעמ,IL,"שקיות אשפה XXL לפחים ענקיים בצבע שחור גודל 90X78 ס""מ",,0.00,0.00,false,1.00,26.90,1.34,true,0,
7290111344619,false,"ניקול מטליות לחות לניקוי סביבת התינוק צעצועים, 50 יחידות",קימברלי קלארק ישראל שיווק בעמ,IL,מטליות לחות לניקוי צעצועים,,0.00,0.00,false,1.00,16.90,0.33,true,0,
7290111344718,false,לילי PURE פסטל נ.ט. כפול 24 גלילים,חוגלה,IL,PURE נייר טואלט דו שכבתי רך ומפנק גליל כפול בגוון פסטל,,0.00,0.00,false,1.00,54.90,2.28,true,0,
7290111344732,false,קלינקס - טיישו אלרג'י קומפורט ניילון זוגות 140 דף,קימברלי קלארק ישראל שיווק בעמ,IL,אלרג'י קומפורט ממחטות אף טישו,,0.00,0.00,false,1.00,15.90,7.95,true,0,
7290111344824,false,מגן תחתון קוטקס אקסטרא אנטיבקטריאלי לארג',קימברלי קלארק ישראל שיווק בעמ,,מגיני תחתון אנטיבקטריאליים להגנה מוגברת,,0.00,0.00,false,1.00,20.90,0.40,true,0,
7290111344831,false,קוטקס - מגיני יום אקסטרא פרוטקט נורמל ביג 60 יח',קימברלי קלארק ישראל שיווק בעמ,,מגני תחתון נורמל להגנה מוגברת,,0.00,0.00,false,1.00,20.90,0.34,true,0,
7290111344855,false,קוטקס - מגיני יום אקסטרא פרוטקט לארג' ביג 52 יח',קימברלי קלארק ישראל שיווק בעמ,,מגיני תחתון לארג' להגנה מוגברת,,0.00,0.00,false,1.00,20.90,0.40,true,0,
7290111344879,false,קוטקס מגיני תחתון 2IN1 מחזור+שתן 44 יחיד,קימברלי קלארק ישראל שיווק בעמ,,מגיני תחתון 2IN1 מחזור+בריחת שתן,,0.00,0.00,false,1.00,20.90,0.47,true,0,
7290111344930,false,מטליות לחות לרצפה בניחוח כביסה ארומתרפיה ניקול 10 יח',קימברלי קלארק ישראל שיווק בעמ,IL,מטליות לחות לניקוי הרצפה בניחוח מרכך כביסה,,0.00,0.00,false,1.00,15.90,1.59,true,0,
7290111345043,false,ניקול מטליות מיקרופייבר דו צדדית למשטחים,קימברלי קלארק ישראל שיווק בעמ,IL,מטליות מיקרופייבר למשטחים - דו צדדיות,,0.00,0.00,false,1.00,14.90,7.45,true,0,
7290111345753,false,תחבושות נטורל דואו נורמל 24 יח' קוטקס,קימברלי קלארק ישראל שיווק בעמ,CZ,נטורל תחבושות 100% כותנה עם כנפיים - נורמל,,0.00,0.00,false,1.00,20.90,0.87,true,0,
7290111345760,false,תחבושות נטורל דואו סופר 18 יח' קוטקס,קימברלי קלארק ישראל שיווק בעמ,CZ,נטורל תחבושות 100% כותנה עם כנפיים - סופר,,0.00,0.00,false,1.00,20.90,1.16,true,0,
7290111345777,false,תחבושת קוטקס כותנה לילה 16 יח' קוטקס,קימברלי קלארק ישראל שיווק בעמ,CZ,נטורל תחבושות 100% כותנה עם כנפיים - לילה,,0.00,0.00,false,1.00,20.90,1.30,true,0,
7290111345821,false,נייר טואלט לילי נטורל קר 32-16 גלילי כפו,קימברלי קלארק ישראל שיווק בעמ,IL,NATURAL CARE נייר טואלט דו שכבתי בתוספת אלוורה וקמומיל גליל ג'מבו,,0.00,0.00,false,1.00,40.90,2.55,true,0,
7290111346347,false,מגבוני אף אוריגינל סופט חמישיה קלינקס,קימברלי קלארק ישראל שיווק בעמ,IL,טישו אוריגינל - חוזק ורכות מפנקת לשימוש יומיומי,,0.00,0.00,false,1.00,18.90,0.00,true,0,
7290111564277,false,פריכיות דקות ונימוחות 3 דגנים פיטנס Fitness,קבוצת אוסם סחר שותפות מוגבלת,IL,פיטנס פריכיות דקות 3 דגנים,,0.00,100.00,false,1.00,11.90,0.00,true,0,
7290111564291,false,פריכיות דקות ונימוחות 3 דגנים וקינואה פיטנס Fitness,קבוצת אוסם סחר שותפות מוגבלת,IL,פיטנס פריכיות דקות 3 דגנים וקינואה,,0.00,100.00,false,1.00,11.90,0.00,true,0,
7290111565656,false,במבה במילוי קרם נוגט 150 ג',קבוצת אסם סחר שות. מוגבלת,IL,חטיף בוטנים במילוי קרם נוגט,,0.00,100.00,false,1.00,9.90,0.00,true,0,
7290111568206,false,ביסלי פארטי מיקס אסם 150 גר',קבוצת אוסם סחר שותפות מוגבלת,IL,פארטי מיקס,,0.00,100.00,false,1.00,9.90,0.00,true,0,
7290111590085,false,לייף בייביז סט צלחת עם כפית ורוד כתום,ויטאל בייבי,,קערה לתינוק עם כפית בצבע ורוד 6+,,0.00,0.00,false,1.00,29.90,0.00,true,0,
7290111590283,false,סאנדיי גל כביסה ירוק 3 ליטר,זוהר דליה,,ג'ל כביסה מרוכז ירוק,,0.00,1.00,false,1.00,24.90,8.30,true,0,
7290111590290,false,סאנדיי גל כביסה ורוד קולור 3 ליטר,זוהר דליה,,ג'ל כביסה מרוכז קולור ורוד,,0.00,1.00,false,1.00,24.90,8.30,true,0,
7290111590337,false,לייף מברשת שיניים חשמלית נטענת-ספיידרמן,יניר מערכות,CN,DENTAL מברשת שיניים חשמלית לילדים נטענת - ספיידרמן,,0.00,0.00,false,1.00,99.90,0.00,true,0,
7290111590429,false,לייף מארז נסיעות DENTAL כחול,LF BEAUTY LTD,IL,לייף מארז נסיעות DENTAL כחול,,0.00,0.00,false,1.00,14.90,3.10,true,0,
7290111590948,false,לייף משחת שיניים לפעוטות בטעם תות שדה 70,זר הייטק,IL,DENTAL משחת שיניים לפעוטות מתאימה לשיני חלב בטעם תות שדה,,0.00,100.00,false,1.00,17.90,0.00,true,0,
7290111591136,false,לייף בייבי משטח החתלה 10 יח דיסני מיקי ו,ONTEX,BE,משטח החתלה דיסני מיקי ומיני,,0.00,0.00,false,1.00,16.90,1.69,true,0,
7290111591617,false,לייף נייר טואלט לח 60 דיספנסר מבוגרים,לייף,IL,מגבוני נייר טואלט לח אריזת דיספנסר,,0.00,0.00,false,1.00,11.90,0.19,true,0,
7290111591624,false,לייף נייר טואלט לח 3*48 יח מבוגרים ללא ד,לייף,IL,מגבוני נייר טואלט לח,,0.00,0.00,false,1.00,16.90,5.63,true,0,
7290111591648,false,לייף מארז מסירי איפור 120 יח*3,לייף,PL,פדים קוסמטיים להסרת איפור,,0.00,0.00,false,1.00,19.90,0.05,true,0,
7290111591662,false,לייף פדים קוסמטיים אובלים סילק אפקט 40,לייף,,פדים קוסמטיים אובלים סילק אפקט,,0.00,0.00,false,1.00,5.90,0.14,true,0,
7290111591679,false,לייף מסיר איפור 120 יח,לייף,PL,פדים קוסמטיים להסרת איפור,,0.00,0.00,false,1.00,9.90,0.08,true,0,
7290111591686,false,לייף בייביז מקלוני אוזניים בטיחותיים 60,לייף,,BABYS מקלוני אוזניים בטיחותיים לתינוקות,,0.00,0.00,false,1.00,6.90,0.11,true,0,
7290111591693,false,לייף בייביז פדים לניקוי היגייני 60 יח,לייף,IL,BABYS פדים לניקוי היגייני,,0.00,0.00,false,1.00,9.90,0.16,true,0,
7290111591754,false,סאנדיי זוג ניילון נצמד חדש,לייף,PL,ניילון נצמד,,0.00,0.00,false,1.00,12.90,6.45,true,0,
7290111591785,false,סאנדיי זוג רדידי אלומיניום,לייף,PL,רדידי אלומיניום,,0.00,0.00,false,1.00,12.90,6.45,true,0,
7290111591792,false,סאנדיי נייר אפייה 50 יחידות חדש,לייף,PL,נייר אפייה,,0.00,0.00,false,1.00,9.90,0.19,true,0,
7290111591815,false,לייף מ.הגנה 50+ תחליב פנים 60 מל,אמיליה קוסמטיקס,IL,SUN תחליב פנים לעור רגיש +SPF50,,0.00,100.00,false,1.00,34.90,0.00,true,0,
7290111591877,false,לייף אול אין חטיף חלבון בוטנים קרמל 100ג,מדיטרנד,NL,חטיף חלבון בטעם בוטנים קרמל מלוח,,0.00,0.00,false,1.00,17.90,0.17,true,0,
7290111591891,false,סאנדיי מטהר אויר ומבשם SWEET DREAMS ורוד,זוהר דליה,IL,מטהר אויר ומבשם SWEET DREAMS ורוד,,0.00,100.00,false,1.00,12.90,0.00,true,0,
7290111591907,false,סאנדיי מטהר אויר ומבשם כחול BLUE OCEAN,זוהר דליה,IL,מטהר אויר ומבשם כחול BLUE OCEAN,,0.00,100.00,false,1.00,12.90,0.00,true,0,
7290111591914,false,סאנדיי מטהר אויר ומבשם ירוק WILD FOREST,זוהר דליה,IL,מטהר אויר ומבשם ירוק WILD FOREST,,0.00,100.00,false,1.00,12.90,0.00,true,0,
7290111591921,false,לייף תחבושות בריחת שתן 12 יח סופר,ONTEX,BE,FEMININE FIT תחבושות דקות לבריחת שתן - סופר,,0.00,0.00,false,1.00,19.90,1.65,true,0,
7290111591938,false,לייף תחבושות בריחת שתן 10 יח אקסטרה,ONTEX,BE,FEMININE FIT תחבושות דקות לבריחת שתן - אקסטרה,,0.00,0.00,false,1.00,19.90,1.99,true,0,
7290111591976,false,לייף ביקיני גרומר מכשיר גילוח עדין לנשים,לייף,CN,מכשיר לגילוח עדין לנשים לפנים ולאזור הביקיני,,0.00,0.00,false,1.00,89.90,0.00,true,0,
7290111592485,false,לייף סבון קצף מועשר בתמצית ליצי 500 מל,לייף,IL,סבון קצף מועשר בתמצית ליצ'י,,0.00,100.00,false,1.00,9.90,0.00,true,0,
7290111592492,false,לייף סבון קצף מועשר בתמצית אלוורה 500 מל,לייף,IL,סבון קצף מועשר בתמצית אלוורה,,0.00,100.00,false,1.00,9.90,0.00,true,0,
7290111592584,false,לייף בייביז שקיות לאחסון חלב אם 50 יח,איתן,CN,שקיות לאחסון חלב אם והקפאת חלב,,0.00,0.00,false,1.00,54.90,1.09,true,0,
7290111592591,false,לייף בייביז שקיות חלב אם 25 יח עובי משופ,איתן,CN,שקיות לאחסון חלב אם והקפאת חלב,,0.00,0.00,false,1.00,31.90,1.27,true,0,
7290111593369,false,לייף מסכת צבע זמני קרם לערבוב MIX ME,לייף,IT,MICHEL MERCIER קרם לערבוב MIX ME,,0.00,100.00,false,1.00,34.90,0.00,true,0,
7290111593390,false,לייף מסכת צבע זמני בלונד מוזהב,לייף,IT,MICHEL MERCIER מסכת צבע זמני בלונד מוזהב,,0.00,100.00,false,1.00,34.90,0.00,true,0,
7290111593444,false,לייף מסכת צבע זמני ירוק,לייף,IT,MICHEL MERCIER מסכת צבע זמני ירוק,,0.00,100.00,false,1.00,34.90,0.00,true,0,
7290111593666,false,לייף קידס קצף אמבט 700 מל מיקי מאוס,ארמן,,קצף אמבטיה לילדים מיקי מאוס,,0.00,100.00,false,1.00,13.90,0.00,true,0,
7290111593697,false,לייף וולנס דבש טהור מפרחי בר 400 גרם,לייף,IL,דבש טהור מפרחי בר,,0.00,100.00,false,1.00,19.90,0.00,true,0,
7290111593758,false,לייף בייביז דייסת שיבולת שועל תפוח ואגס,לייף,IL,אבקה להכנת דייסת שיבולת שועל בטעם תפוח ואגס +6 חודשים,,0.00,100.00,false,1.00,11.90,0.00,true,0,
7290111593802,false,לייף בייביז שמיכת טטרה קיץ כוכבים,מיננה,BE,שמיכה לתינוק טטרה- כוכבים קיץ מיננה,,0.00,0.00,false,1.00,39.90,39.90,true,0,
7290111593819,false,לייף בייביז סינר הנקה עם קשת כחול,מיננה,BE,"סינר הנקה 85/75 ס""מ כחול עם קשת",,0.00,0.00,false,1.00,69.90,69.90,true,0,
7290111593826,false,לייף בייביז סינר הנקה עם קשת אפור,מיננה,BE,"סינר הנקה 85/75 ס""מ עם כוכבים",,0.00,0.00,false,1.00,69.90,69.90,true,0,
7290111593857,false,לייף מברשת חשמלית נטענת RECHARGEABLE,יניר מערכות,CN,DENTAL מברשת שיניים חשמלית נטענת RECHARGEABLE,,0.00,0.00,false,1.00,99.90,0.00,true,0,
7290111593864,false,לייף מארז ראשים אוניברסלי רביעייה,יניר מערכות,CN,DENTAL ראשי מברשת אוניברסליים,,0.00,0.00,false,1.00,74.90,18.72,true,0,
7290111593871,false,סאנדיי מפיץ ריח מקלות 85 מל וניל,לייף,IL,מקלות מפיצי ריח וניל לבן,,0.00,100.00,false,1.00,17.90,0.00,true,0,
7290111593888,false,סאנדיי מפיץ ריח מקלות 85 מל קריסטל שחור,לייף,IL,מקלות מפיצי ריח קריסטל שחור,,0.00,100.00,false,1.00,17.90,0.00,true,0,
7290111593895,false,לייף נייר טואלט לח 3*48 יח סנסיטיב ללא ד,לייף,IL,מגבוני נייר טואלט לח לעור רגיש,,0.00,0.00,false,1.00,16.90,5.63,true,0,
7290111593918,false,לייף טישו גזרי לבבות 3 שכבות 150 יח,לייף,IL,טישו 3 שכבות אולטרה סופט גזרי לבבות,,0.00,0.00,false,1.00,5.00,0.03,true,0,
7290111594205,false,לייף קידס קערת במבוק צפרדע,לייף,CN,קערה לתינוק במבוק צפרדע,,0.00,0.00,false,1.00,16.90,16.90,true,0,
7290111594236,false,לייף קידס כוס במבוק 300 מל חלל,לייף,CN,"בקבוקבמבוק חלל 300 מ""ל",,0.00,0.00,false,1.00,29.90,0.00,true,0,
7290111594243,false,לייף בייביז נטורל שמפו לתינוקות 400 מל,לייף,IL,שמפו לתינוק נטורל מגיל לידה,,0.00,100.00,false,1.00,23.90,0.00,true,0,
7290111594250,false,לייף בייביז נטורל סבון לתינוקות 400 מל,לייף,IL,אל סבון לתינוק נטורל,,0.00,100.00,false,1.00,23.90,0.00,true,0,
7290111594274,false,לייף קידס נטורל סבון לילדים 400 מל,לייף,IL,אל סבון לילדים נטורל,,0.00,100.00,false,1.00,23.90,0.00,true,0,
7290111594281,false,לייף קידס נטורל שמפו לילדים 400 מל,לייף,IL,שמפו לילדים נטורל,,0.00,100.00,false,1.00,23.90,0.00,true,0,
7290111594335,false,לייף תחבושות בריחת שתן 8 + יח אקסטרה,ONTEX,BE,FEMININE FIT תחבושות דקות לבריחת שתן - אקסטרה פלוס,,0.00,0.00,false,1.00,19.90,2.48,true,0,
7290111594441,false,לייף מכשיר אלקטרוני לניקוי הפנים,לייף,CN,מכשיר אלקטרוני לניקוי הפנים,,0.00,0.00,false,1.00,79.90,0.00,true,0,
7290111594465,false,לייף בייביז פישר פרייס בובת עגלה גירפה,לייף,IL,פישר פרייס בובת תינוק לעגלה ג'ירפה,,0.00,0.00,false,1.00,39.90,0.00,true,0,
7290111594472,false,לייף בייביז פישר פרייס בובת עגלה זברה,לייף,IL,פישר פרייס בובת תינוק לעגלה זברה,,0.00,0.00,false,1.00,39.90,0.00,true,0,
7290111594496,false,לייף בייביז פישר פרייס טבעת רעשן גירפה,לייף,IL,פישר פרייס רעשן לתינוק בצורת טבעת ג'ירפה,,0.00,0.00,false,1.00,24.90,0.00,true,0,
7290111594502,false,לייף בייביז פישר פרייס טבעת רעשן זברה,לייף,IL,פישר פרייס רעשן לתינוק בצורת טבעת זברה,,0.00,0.00,false,1.00,24.90,0.00,true,0,
7290111594519,false,לייף בייביז פישר פרייס טבעת רעשן פיל,לייף,IL,פישר פרייס רעשן לתינוק בצורת טבעת פיל,,0.00,0.00,false,1.00,24.90,0.00,true,0,
7290111594533,false,לייף בייביז פישר פרייס מקל רעשן זברה,לייף,IL,פישר פרייס רעשן לתינוק בצורת מקל זברה,,0.00,0.00,false,1.00,29.90,0.00,true,0,
7290111594540,false,לייף בייביז פישר פרייס מקל רעשן פיל,לייף,IL,פישר פרייס רעשן לתינוק בצורת מקל פייל,,0.00,0.00,false,1.00,29.90,0.00,true,0,
7290111594557,false,לייף בייביז פישר פרייס שמיכי גירפה,לייף,IL,פישר פרייס שמיכי לתינוק ג'ירפה צבעוני ומרשרש,,0.00,0.00,false,1.00,34.90,0.00,true,0,
7290111594564,false,לייף בייביז פישר פרייס שמיכי זברה,לייף,IL,פישר פרייס שמיכי לתינוק זברה צבעוני ומרשרש,,0.00,0.00,false,1.00,34.90,0.00,true,0,
7290111594571,false,לייף בייביז פישר פרייס קשת לעגלה,לייף,IL,פישר פרייס קשת לעגלה תינוק,,0.00,0.00,false,1.00,99.00,0.00,true,0,
7290111594595,false,לייף בייביז פישר פרייס שמיכי פיל,לייף,IL,פישר פרייס שמיכי לתינוק פיל צבעוני ומרשרש,,0.00,0.00,false,1.00,34.90,0.00,true,0,
7290111594632,false,לייף סיליקון לניקוי הפנים,לייף,CN,סיליקון לניקוי הפנים,,0.00,0.00,false,1.00,7.90,0.00,true,0,
7290111594649,false,לייף ספוגית לניקוי הפנים,לייף,CN,ספוגית לניקוי הפנים,,0.00,0.00,false,1.00,12.90,0.00,true,0,
7290111594717,false,לייף קיסמי אוזניים 160 יח,לייף,IL,קיסמי אוזניים,,0.00,0.00,false,1.00,4.50,0.02,true,0,
7290111594786,false,לייף פרופשונל תרחיץ פנים לעור נעורים 150,פרופשיונל,IL,תרחיץ פנים לעור נעורים,,0.00,100.00,false,1.00,55.90,0.00,true,0,
7290111594793,false,לייף פרופשונל BB קרם לייט 30 מל,פרופשיונל,IL,BB קרם לכיסוי מושלם - לייט,,0.00,100.00,false,1.00,89.90,0.02,true,0,
7290111594809,false,לייף פרופשונל BB קרם מדיום 30 מל,פרופשיונל,IL,BB קרם לכיסוי מושלם - מדיום,,0.00,100.00,false,1.00,89.90,0.02,true,0,
7290111594816,false,לייף פרופשונל BB קרם קרמל 30 מל,פרופשיונל,IL,BB קרם לכיסוי מושלם - קרמל,,0.00,100.00,false,1.00,89.90,0.02,true,0,
7290111594823,false,לייף דרייפיקס משחה לכף רגל,פרופשיונל,IL,DRYFIX משחה לכף הרגל,,0.00,100.00,false,1.00,38.90,0.00,true,0,
7290111594830,false,לייף דרייפיקס קרם ידיים לעור יבש במיוחד,פרופשיונל,IL,DRYFIX קרם ידיים לעור יבש במיוחד,,0.00,100.00,false,1.00,36.90,0.00,true,0,
7290111594847,false,לייף דרייפיקס משחה לשפתיים יבשות במיוחד,פרופשיונל,IL,DRYFIX משחה לשפתיים יבשות במיוחד,,0.00,100.00,false,1.00,26.90,0.02,true,0,
7290111594854,false,לייף דרייפיקס תחליב גוף טיפולי לעור יבש,פרופשיונל,IL,DRYFIX תחליב גוף טיפולי לעור יבש,,0.00,100.00,false,1.00,39.90,0.00,true,0,
7290111595059,false,סאפורה אשכולות קשיו ובייגלה מצופים שוקול,General,IL,אשכולות שוקולד חלב עם שברי קשיו ובייגלה,,0.00,100.00,false,1.00,12.90,0.00,true,0,
7290111595233,false,לייף קידס רביעיית מגבוני דיסני מיני מאוס,DPL,IL,מגבוני דיסני מיני מאוס,,0.00,0.00,false,1.00,19.90,4.97,true,0,
7290111595240,false,לייף מגבוני מים מיסלריים להסרת איפור עיק,עלבד,IL,מגבוני מים מיסלריים להסרת איפור עיקש,,0.00,0.00,false,1.00,9.90,0.33,true,0,
7290111595257,false,לייף מגבוני אנטי אייגינג מועשרים ברטינול,עלבד,IT,מגבוני אנטי אייגינג מועשרים ברטינול,,0.00,0.00,false,1.00,9.90,0.00,true,0,
7290111595264,false,לייף מגבוני פחם פעיל לניקוי עמוק וספיחת,עלבד,IT,לייף מגבוני פחם פעיל לניקוי עמוק וספיחת שומן,,0.00,0.00,false,1.00,9.90,0.00,true,0,
7290111596650,false,לייף מדבקות אף פחם לניקוי נקבוביות האף,זר הייטק,KR,מדבקות לניקוי נקבוביות האף מועשרות בפחם ואלוורה,,0.00,0.00,false,1.00,24.90,0.00,true,0,
7290111597015,false,לייף וולנס סטיביה על בסיס צמח הסטיביה100,לייף,IL,סטיביה ממתיק,,0.00,0.00,false,1.00,29.90,0.29,true,0,
7290111597121,false,סאנדיי נוזל הברקה למדיח 800 מל,זוהר דליה,IL,נוזל הברקה למדיח כלים,,0.00,100.00,false,1.00,9.00,0.00,true,0,
7290111598661,false,סאנדיי סבון לאסלה צובע מים בכחול שלישייה,EGM השקעות בעמ,TR,סבון כחול לניקוי האסלה,,0.00,0.00,false,1.00,12.90,4.30,true,0,
7290111598678,false,סאנדיי כדורי אסלה צהוב כחול,EGM השקעות בעמ,TR,כדוריות לניקוי ולהברקת האסלה בניחוח לימון וים,,0.00,100.00,false,1.00,6.90,0.00,true,0,
7290111598685,false,סאנדיי כדורי אסלה ורוד צהוב,EGM השקעות בעמ,TR,כדוריות לניקוי ולהברקת אסלה בניחוח לימון ולבנדר,,0.00,100.00,false,1.00,6.90,0.00,true,0,
7290111598883,false,סאנדיי מטליות לשיש 30 יחידות אריזת חסכון,מוסקו,CN,מטליות איכותיות הנשלפות בקלות לניקוי ולניגוב מגוון משטחים,,0.00,0.00,false,1.00,39.90,1.33,true,0,
7290111598890,false,לייף ליפ באלם מקרון אפרסק,General,IL,ליפ באלם מקרון בטעם אפרסק,,0.00,100.00,false,1.00,14.90,0.01,true,0,
7290111598906,false,לייף ליפ באלם מקרון תפוח,General,IL,ליפ באלם מקרון בטעם תפוח,,0.00,100.00,false,1.00,14.90,0.01,true,0,
7290111598913,false,לייף ליפ באלם מקרון תות,General,IL,ליפ באלם מקרון בטעם תות,,0.00,100.00,false,1.00,14.90,0.01,true,0,
7290111598968,false,לייף פרופשונל תחליב פנים קליל הגנה מהשמש,פרופשיונל,IL,תחליב פנים קליל להגנה גבוהה מהשמש SPF50,,0.00,100.00,false,1.00,69.90,0.01,true,0,
7290111599101,false,לייף בייביז כוס 360 WOW ורודה,לייף,CN,כוס הפלא ורודה,,0.00,0.00,false,1.00,44.90,44.90,true,0,
7290111599118,false,לייף בייביז כוס 360 WOW כחולה,לייף,CN,כוס הפלא כחולה,,0.00,0.00,false,1.00,44.90,0.00,true,0,
7290111599125,false,לייף קידס כוס 360 WOW סגולה,לייף,CN,כוס הפלא סגולה,,0.00,0.00,false,1.00,44.90,44.90,true,0,
7290111599132,false,לייף קידס כוס 360 WOW כחולה,לייף,CN,כוס הפלא כחולה,,0.00,0.00,false,1.00,44.90,44.90,true,0,
7290111599163,false,מילוקה מסכה מטלית לט איט גלו-שחור מטאלי,General,IT,LET IT GLOW מסכה מטאלית לניקוי רעלים,,0.00,100.00,false,1.00,29.90,0.00,true,0,
7290111599170,false,מילוקה מסכה מטלית לט איט גלו-צהוב הולוגר,General,IT,LET IT GLOW מסכה מטאלית להמרצת העור,,0.00,100.00,false,1.00,29.90,0.00,true,0,
7290111599187,false,מילוקה מסכה מטלית לט איט גלו-ורוד הולוגר,General,IT,LET IT GLOW מסכה מטאלית המקלה על העור,,0.00,100.00,false,1.00,29.90,0.00,true,0,
7290111599194,false,מילוקה מסכה מטלית לט איט גלו-סגול מטאלי,General,IT,LET IT GLOW מסכה מטאלית אנטי אייג'ינג,,0.00,100.00,false,1.00,29.90,0.00,true,0,
7290111599484,false,לייף מארז קיסמים דנטליים משולבים TO GO,אידיאל,,Dental קיסמי שיניים משולבים בחוט דנטלי בטעם מנטה,,0.00,0.00,false,1.00,14.90,0.74,true,0,
7290111599507,false,לייף מ.הגנה 50 60 מל לפנים לילדים ללא או,אמיליה קוסמטיקס,IL,SUN KIDS תחליב פנים לילדים לעור רגיש SPF50 עמיד במים,,0.00,100.00,false,1.00,24.90,0.00,true,0,
7290111599569,false,לייף מ.הגנה 30 200 מל ספרי שקוף לעור רטו,General,,SUN ספריי שקוף להגנה SPF30 להתזה על עור רטוב,,0.00,100.00,false,1.00,39.90,0.00,true,0,
7290111599637,false,לייף מ.הגנה 50 45 מל תחליב לילדים TO GO,General,IL,SUN KIDS תחליב פנים לעור רגיש SPF50,,0.00,100.00,false,1.00,24.90,0.00,true,0,
7290111599682,false,לייף מ.הגנה 30 60 מל לפנים נטול שומן,אמיליה קוסמטיקס,IL,SUN תחליב פנים נטול שומן SPF30 עמיד במים,,0.00,100.00,false,1.00,24.90,0.00,true,0,
7290111599705,false,לייף מ.הגנה 50+ סטיק שקוף 50 מל לפנים ול,אמיליה קוסמטיקס,IL,SUN סטיק הגנה שקוף לפנים ולגוף SPF+50 לעור רגיש,,0.00,100.00,false,1.00,39.90,0.00,true,0,
7290111599729,false,לייף וולנס חליטת פרחי קמומיל ונענע 50 תי,לייף,,חליטת צמחים לחליטה פרחי קמומיל ונענע,,0.00,0.00,false,1.00,24.90,0.49,true,0,
7290111599736,false,לייף וולנס תה ירוק ונענע 50 תיונים,לייף,,תה ירוק עם נענע,,0.00,0.00,false,1.00,24.90,0.49,true,0,
7290111599774,false,לייף בייביז קופסא לשני מוצצים - שחור,ויטאל בייבי,,קופסא למוצצים שחור,,0.00,0.00,false,1.00,24.90,24.90,true,0,
7290111599781,false,לייף בייביז נשכן סיליקון שחור לבן,לייף,TH,נשכן לתינוק עשוי סילקון שחור לבן,,0.00,0.00,false,1.00,29.90,0.00,true,0,
7290111599842,false,סאנדיי 10 מטליות ענק לחות לניקוי הרצפה,General,,מטליות ענק לחות לניקוי הרצפה,,0.00,0.00,false,1.00,9.90,0.99,true,0,
7290111599859,false,לייף מגבונים אריזת חמישייה ללא בישום 72י,DPL,IL,מגבונים לחים לתינוקות ללא בישום,,0.00,0.00,false,1.00,21.90,4.38,true,0,
7290111599873,false,סאנדיי מפיץ ריח מקלות 85 מל קלין לינן,לייף,IL,מקלות מפיצי ריח מרכך כביסה CLEAN LINEN,,0.00,100.00,false,1.00,17.90,0.00,true,0,
7290111599934,false,לייף שקית מלח 300 גרם,General,IL,מלח אמבט בשקית,,0.00,100.00,false,1.00,19.90,0.00,true,0,
7290111599941,false,לייף שקית בוץ ים המלח 300 גרם,General,IL,שקית בוץ ים המלח,,0.00,100.00,false,1.00,14.90,0.00,true,0,
7290111600371,false,לייף בייביז שלישיית בקבוקי שתיה מעוצבים,ויטאל בייבי,TH,בקבוק שתייה לתינוק 0+ חודשים מארז שלישייה צבעוני,,0.00,0.00,false,1.00,29.90,0.00,true,0,
7290111600432,false,לייף תחתונים אחרי לידה 8 יח MEDIUM,לייף,,תחתונים חד פעמיים לספיגה ונוחות מקסימלית MEDIUM,,0.00,0.00,false,1.00,29.90,0.00,true,0,
7290111600449,false,לייף תחתונים אחרי לידה 8 יח LARGE,לייף,,תחתונים חד פעמיים לספיגה ונוחות מקסימלית LARGE,,0.00,0.00,false,1.00,29.90,0.00,true,0,
7290111600500,false,לייף זוג סבוני ידיים 500 מל שחור לבן,לייף,IL,סבון ידיים נוזלי אל סבון זוג שחור-לבן,,0.00,100.00,false,1.00,7.90,0.00,true,0,
7290111600517,false,לייף זוג סבוני ידיים 500 מל כחולים,לייף,IL,סבון ידיים נוזלי אל סבון זוג כחול- תכלת,,0.00,100.00,false,1.00,7.90,0.00,true,0,
7290111600548,false,לייף תחתוני ספיגה מבוגרים 14 יח LARGE,ONTEX,BE,תחתונים סופגים חד פעמיים L,,0.00,0.00,false,1.00,74.90,5.35,true,0,
7290111600555,false,לייף תחתוני ספיגה מבוגרים 14 יח MEDIUM,ONTEX,BE,תחתונים סופגים חד פעמיים M,,0.00,0.00,false,1.00,74.90,5.35,true,0,
7290111600562,false,לייף תחתוני ספיגה מבוגרים 14 EXTRA LARGE,ONTEX,BE,תחתונים סופגים חד פעמיים XL,,0.00,0.00,false,1.00,74.90,5.35,true,0,
7290111601040,false,לייף PURE WATER 99% מגבונים 64*4 יח,עלבד,IL,PURE WATER 99% מגבונים לחים 64 יחידות,,0.00,0.00,false,1.00,24.90,6.22,true,0,
7290111601491,false,לייף רצועות אל בד ארוכות להסרת שיער 50,איתן,IL,רצועות אל בד להסרת שיער בשעווה,,0.00,0.00,false,1.00,19.90,0.39,true,0,
7290111601507,false,לייף רצועות אל בד קצרות להסרת שיער 50,איתן,IL,רצועות אל בד קצרות להסרת שיער בשעווה,,0.00,0.00,false,1.00,14.90,0.29,true,0,
7290111601668,false,סו.קו סרט שיער בקשירת ארנב,General,CN,סרט שיער בקשירת ארנב,,0.00,0.00,false,1.00,19.90,0.00,true,0,
7290111601736,false,לייף קידס קרם לחות מתיר קשרים מועשר 350,ארמן,IL,קרם לחות מתיר קשרים לילדים מועשר ברוזמרין,,0.00,100.00,false,1.00,14.90,0.00,true,0,
7290111601750,false,לייף מ.הגנה 50 45 מל TO GO כדורגל,General,IL,SUN KIDS תחליב פנים לעור רגיש להגנה גבוהה SPF50 TO GO כדורגל,,0.00,100.00,false,1.00,24.90,0.00,true,0,
7290111601767,false,לייף מ.הגנה 50 45 מל TO GO יוניקורן,General,IL,SUN KIDS תחליב פנים לעור רגיש להגנה גבוהה SPF50 TO GO יוניקורן,,0.00,100.00,false,1.00,24.90,0.00,true,0,
7290111601774,false,לייף מ.הגנה 50 45 מל TO GO פלמינגו,General,IL,SUN KIDS תחליב פנים לעור רגיש להגנה גבוהה SPF50 TO GO פלמינגו,,0.00,100.00,false,1.00,24.90,0.00,true,0,
7290111601835,false,סו.קו רולר רוז קווארץ,General,CN,רולר דו צדדי מעסה לעור הפנים עשוי מינרל רוז קווארץ,,0.00,0.00,false,1.00,59.90,0.00,true,0,
7290111602009,false,לייף בייביז סטריליזטור למיקרוגל 4 בקבוקי,לייף,CN,סטריליזטור למיקרוגל -4 בקבוקים,,0.00,0.00,false,1.00,119.90,119.90,true,0,
7290111602047,false,לייף קידס בקבוק טריטן 500 מל ספיידרמן,שמחה זה אנחנו,CN,בקבוק שתיה לילדים ספיידרמן,,0.00,0.00,false,1.00,19.90,0.00,true,0,
7290111602061,false,לייף קידס בקבוק טריטן 500 מל חד קרן,שמחה זה אנחנו,CN,בקבוק שתיה לילדים חד קרן,,0.00,0.00,false,1.00,26.90,0.00,true,0,
7290111602306,false,לייף גל הרגעה לאחר עקיצות 50 מל,אמיליה קוסמטיקס,IL,ג'ל להרגעת העור לאחר עקיצות וגירויים מקומיים,,0.00,100.00,false,1.00,28.90,0.00,true,0,
7290111602344,false,לייף דנטל משחת שיניים גוניור 6-12,לייף,IL,DENTAL משחת שיניים לילדים ג'וניור לגילאי 6-12,,0.00,100.00,false,1.00,9.90,0.00,true,0,
7290111602375,false,לייף ספוגית לפילינג,PROSEEKERS LIFE,CN,ספוגית לפילינג,,0.00,0.00,false,1.00,19.90,19.90,true,0,
7290111602399,false,לייף כפפה לניקוי הפנים,PROSEEKERS LIFE,CN,כפפה לניקוי הפנים,,0.00,0.00,false,1.00,19.90,0.00,true,0,
7290111602498,false,סאנדיי ספריי אקונומיקה 800 מל,סאסא-טק,IL,קצף לניקוי כללי בתוספת אקונומיקה,,0.00,100.00,false,1.00,12.90,0.00,true,0,
7290111602511,false,לייף קידס קפטן אמריקה אלסבון 700מל ילדים,ארמן,IL,אל סבון לילדים קפטן אמריקה,,0.00,100.00,false,1.00,13.90,0.00,true,0,
7290111602528,false,לייף קידס איירון מן שמפו 700 מל לילדים,ארמן,IL,שמפו לילדים איירון מן,,0.00,100.00,false,1.00,13.90,0.00,true,0,
7290111602641,false,לייף וולנס פריכיות מיני זעתר ושמן זית 50,פרח,IL,פריכיות מיני בתיבול שמן זית וזעתר,,0.00,0.00,false,1.00,6.90,0.00,true,0,
7290111602658,false,לייף וולנס פריכיות מיני תפוח קינמון 50 ג,פרח,IL,פריכיות עם דגנים מלאים בטעם תפוח עץ וקינמון,,0.00,0.00,false,1.00,6.90,0.00,true,0,
7290111602696,false,לייף וולנס בוטנים קלויים מלוחים 50 גרם,לייף,MK,בוטנים קלויים TO GO,,0.00,100.00,false,1.00,2.90,0.00,true,0,
7290111602979,false,לייף וולנס פריכיות תירס למריחה,פרח,,פריכיות תירס דקות למריחה,,0.00,0.00,false,1.00,6.90,0.06,true,0,
7290111602986,false,לייף וולנס פריכיות דקות למריחה מאורז מלא,לייף,IL,פריכיות אורז מלא דקות למריחה,,0.00,0.00,false,1.00,6.90,0.06,true,0,
7290111602993,false,לייף וולנס פריכיות כוסמת 20 יח,פרח,IL,פריכיות כוסמת,,0.00,0.00,false,1.00,9.90,0.49,true,0,
7290111603044,false,לייף מסכה שחורה ים המלח,General,IL,מסכה שחורה ים המלח,,0.00,0.00,false,1.00,39.90,0.00,true,0,
7290111603051,false,לייף מסכה זהב ים המלח,לייף,IL,מסכה זהב ים המלח,,0.00,0.00,false,1.00,39.90,0.00,true,0,
7290111603068,false,לייף מסכה לחות כחולה ים המלח,לייף,IL,מסכת לחות כחולה ים המלח,,0.00,0.00,false,1.00,39.90,0.00,true,0,
7290111603150,false,לייף וולנס שמן זית כתית מעולה 750 מל,גהשאן,IL,שמן זית כתית מעולה חמיצות מירבית 0.8%,,0.00,100.00,false,1.00,29.90,0.00,true,0,
7290111603877,false,לייף וולנס אגוזי קשיו קלויים 50 גרם,לייף,MK,אגוזי קשיו קלויים TO GO,,0.00,100.00,false,1.00,6.90,0.00,true,0,
7290111603952,false,לייף בייביז נטורל סבון לניקוי בקבוקים500,לייף,,סבון עדין לניקוי וחיטוי בקבוקים ומוצצים לתינוק -נטורל,,0.00,100.00,false,1.00,34.90,0.00,true,0,
7290111604263,false,לייף תחתונים לבריחת שתן 9 יח MEDIUM,ONTEX,BE,תחתונים לבריחת שתן MEDIUM,,0.00,0.00,false,1.00,34.90,3.87,true,0,
7290111604270,false,לייף תחתונים לבריחת שתן 8 יח LARGE,ONTEX,BE,תחתונים לבריחת שתן LARGE,,0.00,0.00,false,1.00,34.90,4.36,true,0,
7290111604294,false,לייף תרסיס לכיסוי של שורשי השיער-חום בהי,לייף,IL,תרסיס לכיסוי מיידי של שורשי השיער-חום בהיר,,0.00,0.00,false,1.00,39.90,0.00,true,0,
7290111604317,false,לייף תרסיס לכיסוי של שורשי השיער-בלונד ב,לייף,IL,תרסיס לכיסוי מיידי של שורשי השיער-בלונד בז',,0.00,0.00,false,1.00,39.90,0.00,true,0,
7290111604461,false,לייף אול אין חטיף חלבון וסיבים קרמל מלוח,מדיטרנד,NL,PROTEIN&FIBER ALL IN חטיף חלבון וסיבים בטעם קרמל מלוח,,0.00,100.00,false,1.00,14.90,0.00,true,0,
7290111604508,false,לייף מים מיסלריים דו פאזי הידרה קלין,General,IL,HYDRA CLEAN מים מיסלרים דו פאזי,,0.00,100.00,false,1.00,29.90,0.00,true,0,
7290111604515,false,לייף מים מיסלריים דו פאזי רוז גלואו,General,IL,ROSE GLOW מים מיסלרים דו פאזי,,0.00,100.00,false,1.00,29.90,0.00,true,0,
7290111604522,false,לייף מים מיסלריים דו פאזי גרין קלין,General,TR,GREEN CLEAN מים מיסלרים דו פאזי,,0.00,100.00,false,1.00,29.90,0.00,true,0,
7290111604539,false,לייף מים מיסלריים דו פאזי פחם פעיל,לייף,TR,CHARCOAL DETOX מים מיסלריים- פחם פעיל,,0.00,100.00,false,1.00,29.90,0.00,true,0,
7290111604546,false,לייף גל מיסלרי הידרה קלין,לייף,TR,HYDRA CLEAN ג'ל מיסלרי,,0.00,100.00,false,1.00,29.90,0.00,true,0,
7290111604553,false,לייף מסיר איפור דו פאזי הידרה קלין,General,IL,HYDRA CLEAN מסיר איפור דו פאזי,,0.00,100.00,false,1.00,29.90,0.00,true,0,
7290111604560,false,לייף מסיר איפור דו פאזי רוז קלין,General,IL,ROSE GLOW מסיר איפור דו פאזי,,0.00,100.00,false,1.00,29.90,0.00,true,0,
7290111604577,false,לייף 3 ב-1 גל גרגירים עם פחם פעיל,General,TR,CHARACOAL DETOX ג'ל גרגירים עם פחם פעיל 3 ב -1,,0.00,100.00,false,1.00,29.90,0.00,true,0,
7290111604584,false,לייף סקראב דיטוקס לניקוי הפנים,General,TR,GREEN CLEAR DETOX SCRUB לניקוי הפנים,,0.00,100.00,false,1.00,29.90,0.00,true,0,
7290111604591,false,לייף מסכת גרגירים 2 ב-1 לניקוי הפנים,General,IL,HYDRA CLEAN פילינג ותרחיץ פנים 2 ב-1 הידרה קלין,,0.00,100.00,false,1.00,29.90,0.00,true,0,
7290111604607,false,לייף מוס לניקוי רוז גלואו,General,IL,ROSE GLOW מוס לניקוי,,0.00,100.00,false,1.00,29.90,0.00,true,0,
7290111604614,false,לייף תרחיץ פנים לניקוי עמוק - רוז גלואו,General,IL,ROSE GLOW תרחיץ פנים לניקוי עמוק,,0.00,100.00,false,1.00,24.90,0.00,true,0,
7290111604621,false,לייף תרחיץ פנים לניקוי עמוק - גרין קליר,General,IL,GREEN CLEAR תרחיץ פנים לניקוי עמוק,,0.00,100.00,false,1.00,24.90,0.00,true,0,
7290111604638,false,לייף מסכה לפנים בתוספת פחם פעיל,General,TR,CHARACOAL DETOX פחם פעיל מסיכת חימר לניקוי עמוק,,0.00,0.00,false,1.00,34.90,0.34,true,0,
7290111604645,false,לייף מסכה חימר לניקוי עמוק,General,TR,GREEN CLEAR מסכת חימר לניקוי עמוק,,0.00,0.00,false,1.00,34.90,0.34,true,0,
7290111604652,false,לייף שמן לניקוי להעשרה של העור,לייף,IL,ROSE GLOW שמן לניקוי והעשרת העור,,0.00,100.00,false,1.00,24.90,0.00,true,0,
7290111604843,false,לייף זוג מברשות HIGH DENSITY,טריזה,CH,מברשות שיניים וחניכיים רגישות HIGH DENSITY,,0.00,0.00,false,1.00,19.90,0.00,true,0,
7290111604904,false,לייף סטרונג-הייר שמפו ביוטין 500 מל,לייף,,שמפו סטרונג-הייר ביוטין B-קומפלקס,,0.00,100.00,false,1.00,44.90,0.00,true,0,
7290111604928,false,לייף זוג ראשים לסילון מים דנטלי,לייף,CN,DENTAL מארז ראשים לסילון מים דנטלי,,0.00,0.00,false,1.00,69.90,0.00,true,0,
7290111604935,false,לייף אול אין חטיף חלבון 100 עוגיות קראנץ,מדיטרנד,NL,ALL IN חטיף חלבון - עוגיות קראנצ',,0.00,0.00,false,1.00,17.90,0.17,true,0,
7290111604980,false,לייף כוס ראשונה 190 מל עם ידית שחור לבן,ויטאל בייבי,CN,"בקבוק לתינוק עם ידית 190 מ""ל",,0.00,0.00,false,1.00,29.90,0.00,true,0,
7290111604997,false,לייף כוס אימון עם ידיות 260 מל ירוק/טורק,ויטאל בייבי,CN,"בקבוק אימון לתינוק עם ידית 260 מ""ל",,0.00,0.00,false,1.00,29.90,0.00,true,0,
7290111605000,false,לייף כוס אימון עם ידיות 260 מל טורקיז/ור,ויטאל בייבי,CN,"בקבוק אימון לתינוק עם ידית 260 מ""ל",,0.00,0.00,false,1.00,29.90,0.00,true,0,
7290111605017,false,לייף כוס אימון עם פיה 340 מל כחול/ירוק,ויטאל בייבי,CN,"בקבוק אימון לתינוק ללא נזילות 9+ חודשים 340 מ""ל",,0.00,0.00,false,1.00,29.90,0.00,true,0,
7290111605024,false,לייף כוס אימון עם פיה 340 מל סגול/ורוד,ויטאל בייבי,CN,"בקבוק אימון לתינוק ללא נזילות 9+ חודשים 340 מ""ל",,0.00,0.00,false,1.00,29.90,0.00,true,0,
7290111605031,false,לייף כוס ספורט 340 מל,ויטאל בייבי,CN,"בקבוק אימון לתינוק עם פיית ספורט 15+ חודשים 340 מ""ל",,0.00,0.00,false,1.00,29.90,0.00,true,0,
7290111605048,false,לייף כוס אימון עם קש 340 מל טורקיז/ירוק,ויטאל בייבי,CN,"בקבוק אימון לתינוק עם קש סילקון 12+ חודשים 340 מ""ל",,0.00,0.00,false,1.00,29.90,0.00,true,0,
7290111605055,false,לייף כוס אימון עם קש 340 מל סגול/ורוד,ויטאל בייבי,CN,"בקבוק אימון לתינוק עם קש סילקון 12+ חודשים 340 מ""ל",,0.00,0.00,false,1.00,29.90,0.00,true,0,
7290111605062,false,לייף כוס שומרת קור עם פיה 290 מל כחול/צה,ויטאל בייבי,CN,"בקבוק לתינוק שומרת קור עם פייה ללא נזילות 12+ חודשים 290 מ""ל",,0.00,0.00,false,1.00,32.90,0.00,true,0,
7290111605079,false,לייף כוס שומרת קור עם פיה 290 מל טורקיז/,ויטאל בייבי,CN,"בקבוק לתינוק שומרת קור עם פייה ללא נזילות 12+ חודשים 290 מ""ל",,0.00,0.00,false,1.00,32.90,0.00,true,0,
7290111605420,false,לייף מכשיר גילוח M6,לייף,KR,מכשיר גילוח 6 להבים מתקדם עם פס לחות + 2 סכינים M6,,0.00,0.00,false,1.00,39.90,0.00,true,0,
7290111605437,false,לייף מחסנית סיסטם M6 4 יחידות,לייף,KR,מחסנית סכיני גילוח רב פעמיים M6,,0.00,0.00,false,1.00,44.90,0.00,true,0,
7290111605468,false,לייף קרם ידיים 100 מל,General,IL,קרם ידיים,,0.00,0.00,false,1.00,14.90,0.14,true,0,
7290111605475,false,לייף קרם רגליים 100 מל,General,IL,DEAD SEA MINERAL קרם רגליים,,0.00,0.00,false,1.00,14.90,0.14,true,0,
7290111605505,false,לייף סימפלי אפקטיב קרם יום לעור שמן,אמיליה קוסמטיקס,IL,SIMPLY EFFECTIVE קרם יום שמן,,0.00,100.00,false,1.00,39.90,0.00,true,0,
7290111605567,false,לייף בייביז זוג מוצצי סיליקון NB ורוד,לייף,NL,מוצץ סיליקון NB ורוד דיפרקס,,0.00,0.00,false,1.00,29.90,0.00,true,0,
7290111605574,false,לייף בייביז זוג מוצצי סיליקון NB כחול,לייף,NL,מוצץ סיליקון NB כחול דיפרקס,,0.00,0.00,false,1.00,29.90,0.00,true,0,
7290111605581,false,לייף בייביז זוג מוצצי סיליקון 0-6 ורוד,לייף,NL,מוצץ סיליקון 0-6 ורוד דיפרקס,,0.00,0.00,false,1.00,29.90,0.00,true,0,
7290111605598,false,לייף בייביז זוג מוצצי סיליקון 0-6 כחול,לייף,NL,מוצץ סיליקון 0-6 כחול דיפרקס,,0.00,0.00,false,1.00,29.90,0.00,true,0,
7290111605604,false,לייף בייביז זוג מוצצי סיליקון 6-12 ורוד,לייף,NL,מוצץ סיליקון 6+ ורוד דיפרקס,,0.00,0.00,false,1.00,29.90,0.00,true,0,
7290111605611,false,לייף בייביז זוג מוצצי סיליקון 6-12 כחול,לייף,NL,מוצץ סיליקון 6+ כחול דיפרקס,,0.00,0.00,false,1.00,29.90,0.00,true,0,
7290111605628,false,לייף בייביז זוג מוצצי סיליקון 12+ ורוד,לייף,NL,מוצץ סיליקון 12+ ורוד דיפרקס,,0.00,0.00,false,1.00,29.90,0.00,true,0,
7290111605635,false,לייף בייביז זוג מוצצי סיליקון 12+ כחול,לייף,TH,דיפרקס מוצצי סיליקון 12+,,0.00,0.00,false,1.00,29.90,0.00,true,0,
7290111606137,false,לייף מדבקות גל לאיזור העיניים,General,KR,מדבקות ג'ל לעיניים למראה רענן ומתוח,,0.00,0.00,false,1.00,24.90,0.00,true,0,
7290111606380,false,לייף אורגני וולנס סירופ מייפל 250 מל,לייף,IL,סירופ מייפל טהור אורגני,,0.00,100.00,false,1.00,22.90,0.00,true,0,
7290111606434,false,לייף בייביז מחית עם פירות יער 90 גרם,לייף,ES,מחית לתינוק פירות יער TO GO,,0.00,100.00,false,1.00,3.90,0.00,true,0,
7290111606441,false,לייף בייביז מחית פירות וירקות 90 גרם,לייף,ES,מחית לתינוק פירות וירקות TO GO,,0.00,100.00,false,1.00,3.90,0.00,true,0,
7290111606458,false,לייף בייביז מחית מיקס פירות 90 גרם,לייף,ES,מחית לתינוק מיקס פירות TO GO,,0.00,100.00,false,1.00,3.90,0.00,true,0,
7290111606748,false,לייף פדים אורגניים להסרת איפור 240 יחידו,לייף,PL,פדים אורגניים להסרת איפור ולשימושים שונים,,0.00,0.00,false,1.00,19.90,0.08,true,0,
7290111606755,false,לייף פדים אורגניים להסרת איפור 80 יחידו,לייף,PL,פדים אורגניים להסרת איפור ולשימושים שונים,,0.00,0.00,false,1.00,9.90,0.12,true,0,
7290111606762,false,לייף רול און אלוורה דוחה יתושים 50 מל,אמיליה קוסמטיקס,,דוחה יתושים מועשר באלוורה,,0.00,100.00,false,1.00,17.90,0.00,true,0,
7290111606809,false,לייף קרם להסרת שיער מהגוף לעור רגיש 80 ג,שוורץ,IL,קרם עדין להסרת שיער הגוף לעור רגיש מועשר באלוורה,,0.00,100.00,false,1.00,17.90,0.00,true,0,
7290111606991,false,סאפורה וופל הולנדי 250 גרם,לייף,IT,וופל הולנדי מקורי,,0.00,100.00,false,1.00,12.90,0.00,true,0,
7290111607646,false,לייף בייביז PANTS תחתוני חיתול מידה 4,ONTEX,CN,פנטס תחתוני חיתול מידה 4,,0.00,0.00,false,1.00,22.90,1.09,true,0,
7290111607653,false,לייף בייביז PANTS תחתוני חיתול מידה 5,ONTEX,CN,פנטס תחתוני חיתול מידה 5,,0.00,0.00,false,1.00,22.90,1.14,true,0,
7290111607660,false,לייף בייביז PANTS תחתוני חיתול מידה 6,ONTEX,CN,פנטס תחתוני חיתול מידה 6,,0.00,0.00,false,1.00,22.90,1.20,true,0,
7290111607820,false,לייף אלסבון לגוף 1 ליטר בניחוח מרענן,לייף,,אל-סבון לגוף בניחוח מרענן,,0.00,1.00,false,1.00,9.90,9.90,true,0,
7290111607837,false,לייף אלסבון לגוף 1 ליטר בניחוח פרחי חוף,לייף,,אל-סבון לגוף בניחוח פרחי חוף,,0.00,1.00,false,1.00,9.90,9.90,true,0,
7290111607851,false,לייף מ.הגנה 30 200 מל ספרי שקוף ללא אוקס,General,IL,SUN ספריי שקוף לעור רגיש SPF30,,0.00,100.00,false,1.00,39.90,0.00,true,0,
7290111607899,false,לייף אל סבון קטיפתי פרחי שדה 1ליטר משאבה,אמיליה קוסמטיקס,IL,אל-סבון קטיפתי בניחוח פרחי שדה,,0.00,1.00,false,1.00,9.90,9.90,true,0,
7290111607905,false,לייף אל סבון קטיפתי אביבי 1ליטר משאבה,אמיליה קוסמטיקס,IL,אל סבון קטיפתי בניחוח אביבי,,0.00,1.00,false,1.00,9.90,9.90,true,0,
7290111607912,false,לייף אל סבון קטיפתי מרענן 1ליטר משאבה,אמיליה קוסמטיקס,IL,אל סבון קטיפתי בניחוח מרענן,,0.00,1.00,false,1.00,9.90,9.90,true,0,
7290111607929,false,לייף אבקת הבהרה לשיער 10 גרם,שוורץ,,אבקת הבהרה לשיער,,0.00,1.00,false,1.00,6.90,0.69,true,0,
7290111607943,false,לייף קרם חמצן 9% 60 מל,שוורץ,,קרם חמצן 9%,,0.00,100.00,false,1.00,4.90,0.00,true,0,
7290111607950,false,לייף מסיר צבע מהעור 100 מל,שוורץ,IL,מסיר צבע מהעור לאחר צביעת שיער,,0.00,0.00,false,1.00,17.90,0.17,true,0,
7290111607967,false,לייף קרם חמצן 6% 100 מל,שוורץ,IL,קרם חמצן 6%,,0.00,0.00,false,1.00,6.90,0.06,true,0,
7290111608216,false,לייף צמר גפן תליש 100 גרם,איתן,,צמר גפן תליש,,0.00,0.00,false,1.00,11.90,0.11,true,0,
7290111608223,false,לייף צמר גפן רגיל 100 גרם,איתן,,צמר גפן רגיל,,0.00,0.00,false,1.00,10.90,0.10,true,0,
7290111608230,false,לייף כדורי צמר גפן 100 יחידות,איתן,TR,כדורי צמר גפן,,0.00,0.00,false,1.00,9.90,0.00,true,0,
7290111608360,false,לייף קידס ספריי לחות ללא שטיפה פרוזן 2,ארמן,IL,ספרי לחות מתיר קשרים אלזה,,0.00,100.00,false,1.00,14.90,0.00,true,0,
7290111608735,false,סאנדיי 450 שקיות אוכל נשלפות אחת אחת,EGM השקעות בעמ,CN,שקיות אוכל לסנדוויצ'ים נשלפות אחת אחת מארז,,0.00,0.00,false,1.00,17.90,0.03,true,0,
7290111608759,false,לייף מארז ים המלח,General,IL,DEAD SEA מארז קרם ידיים + קרם רגליים + מאת גוף + סקראב גוף + מלח אמבט,,0.00,100.00,false,1.00,79.90,0.00,true,0,
7290111608841,false,פריכיות תירס אורגניות עם כורכום ללא גלוט,פרח,IT,פריכיות תירס אורגניות ללא גלוטן בתוספת כורכום,,0.00,100.00,false,1.00,6.90,0.00,true,0,
7290111608858,false,פריכיות תירס אורגניות עם מלח ללא גלוטן,פרח,,פריכיות תירס אורגניות ללא גלוטן בתוספת מלח ים,,0.00,100.00,false,1.00,6.90,0.00,true,0,
7290111609442,false,לייף גל גילוח לעור רגיש 200 מל,SWALLOWFIELD,,ג'ל גילוח לעור רגיש,,0.00,100.00,false,1.00,12.90,0.00,true,0,
7290111609459,false,לייף גל גילוח מועשר בלחות 200 מל,SWALLOWFIELD,,ג'ל גילוח מועשר בלחות,,0.00,100.00,false,1.00,12.90,0.00,true,0,
7290111609466,false,לייף גל גילוח לעור רגיל 200 מל,SWALLOWFIELD,,ג'ל גילוח לעור רגיל,,0.00,100.00,false,1.00,12.90,0.00,true,0,
7290111609626,false,לייף אורגני וולנס פת עדשים 100 גרם,לייף,IL,קרקר פת פריכה אורגנית עם עדשים,,0.00,0.00,false,1.00,11.90,0.11,true,0,
7290111609664,false,לייף מגן תחתון טנגה בגזרת ביקיני 30 יחיד,היזלמה,IT,מגן תחתון טנגה בגזרת ביקיני,,0.00,0.00,false,1.00,9.90,0.33,true,0,
7290111609688,false,לייף TO GO WATER PURE מגבונים 24*3,עלבד,IL,שלישיית TO GO WATER PURE מגבונים לחים 24 יחידות,,0.00,0.00,false,1.00,9.90,0.00,true,0,
7290111609701,false,לייף קרם לחות לשיער רגיל 500 מל,לייף,IL,קרם לחות לשיער רגיל,,0.00,100.00,false,1.00,16.90,0.00,true,0,
7290111609718,false,לייף קרם לחות לשיער מתולתל 500 מל,לייף,IL,קרם לחות לשיער מתולתל,,0.00,100.00,false,1.00,16.90,0.00,true,0,
7290111609725,false,לייף מסכה לשיער צבוע 500 מל,לייף,IL,מסכה לשיער צבוע,,0.00,100.00,false,1.00,15.00,0.00,true,0,
7290111609732,false,לייף מסכה לשיער רגיל 500 מל,לייף,IL,מסכה לשיער רגיל,,0.00,100.00,false,1.00,15.00,0.00,true,0,
7290111609886,false,לייף תחבושת דקה לבריחת שתן 14 יח מיני,General,BE,FEMININE FIT תחבושות דקות לבריחת שתן - מיני,,0.00,0.00,false,1.00,19.90,1.65,true,0,
7290111931321,false,"קולגייט משחת שיניים ילדים 6+ מיניונים 50 מ""ל",קולגייט- פלמוליב,PL,משחת שיניים ילדים מיניונים לגילאי 6+ לשיניים חזקות בטעם מנטה עדין,,0.00,100.00,false,1.00,14.90,0.00,true,0,
<<<<<<< HEAD
7290111932502,false,"משחת שיניים קולגייט אופטיק וייט אקספרט וויט 75 מ""ל",קולגייט Colgate,MX,משחת שיניים אופטיק וויט EXPERT WHITE,,0.00,100.00,false,1.00,31.90,0.00,true,0,
=======
7290111932502,false,"משחת שיניים קולגייט אופטיק וייט אקספרט וויט 75 מ""ל",ש.שסטוביץ בעמ,MX,משחת שיניים אופטיק וויט EXPERT WHITE,,0.00,100.00,false,1.00,31.90,0.00,true,0,
>>>>>>> d048ac2f4f281c9d788043ab4e81b61b0dbe3743
7290111932700,false,מסכה לפנים רימונים ב,שסטוביץ,KR,בלונס מסיכת רימונים,,0.00,0.00,false,1.00,10.90,10.90,true,0,
7290111932717,false,מסכת אשכוליות לניקוי 12,שסטוביץ,KR,בלונס מסיכת אשכולית,,0.00,0.00,false,1.00,10.90,10.90,true,0,
7290111932724,false,בלונס מסכת פטל שחור 12 י,שסטוביץ,KR,בלונס מסיכת פטל שחור,,0.00,0.00,false,1.00,10.90,10.90,true,0,
7290111932779,false,בלונס קרם גוף במרקם מוס מועשר בפטאייה,שסטוביץ,IL,קרם גוף במרקם מוס מלטף מועשר בפטאייה,,0.00,100.00,false,1.00,24.90,0.00,true,0,
7290111932823,false,בלונס קרם גוף במרקם מוס מועשר בפינגרליים,שסטוביץ,IL,קרם גוף במרקם מוס מלטף מועשר בפינגר ליים,,0.00,100.00,false,1.00,24.90,0.00,true,0,
7290111933318,false,פלמוליב ס.נוזלי לומינוס מקדמיה 750 משאבה,קולגייט פלמוליב,TR,לומינוס ג'ל רחצה עם תמציות שמן מקדמיה,,0.00,100.00,false,1.00,21.90,0.00,true,0,
7290111933325,false,פלמוליב ס.נוזלי לומינוס אבוקדו 750 משאבה,קולגייט פלמוליב,TR,לומינוס ג'ל רחצה עם תמציות שמן אבוקדו,,0.00,100.00,false,1.00,21.90,0.00,true,0,
7290111934018,false,בלונס קרם עיניים לכל סוגי העור 30 מל,שסטוביץ,KR,קרם עיניים מכיל קולגן לכל סוגי העור,,0.00,100.00,false,1.00,49.90,0.01,true,0,
7290111935800,false,דאו ליידי ספיד סטיק דרמה ויטמין אי 45 גר,ליידי ספיד סטיק Lady Speed Stick,US,דאודורנט סטיק דרמה ויטמין E,,0.00,100.00,false,1.00,25.90,0.00,true,0,
7290111935817,false,דאו ליידי ספיד סטיק סטיק דרמה פנינה 45 ג,ש.שסטוביץ בעמ,US,דאודורנט סטיק דרמה פנינה,,0.00,100.00,false,1.00,25.90,0.00,true,0,
7290111936203,false,"ליידי ספיד סטיק דרמה ספריי ויטמין אי 150 מ""ל",ליידי ספיד סטיק Lady Speed Stick,RU,דאודורנט ספריי דרמה ויטמין E,,0.00,100.00,false,1.00,14.90,0.00,true,0,
7290111936272,false,פלמוליב סבון ידיים 500 מועשר בלבנדר,שסטוביץ,TR,סבון ידיים מועשר בתמציות לבנדר,,0.00,100.00,false,1.00,16.90,0.00,true,0,
7290111936296,false,"פלמוליב סבון נוזלי בניחוח סנסיישן מסאז' ,750 מ""ל",קולגייט פלמוליב,TR,ג'ל רחצה ארומה סנסיישן גרגרי פילינג,,0.00,100.00,false,1.00,21.90,0.00,true,0,
7290111936326,false,פלמוליב סבון ידיים 500 לומינוס מקדמיה,שסטוביץ,TR,סבון ידיים לומינוס מקדמיה,,0.00,100.00,false,1.00,16.90,0.00,true,0,
7290111936784,false,פרי מארז חטיפים 5 יחידות תמרים ואגוזי לוז כשלפ,"טבעית מוצרים מהטבע בע""\מ",IL,מארז חטיף תמרים ואגוזי לוז,,0.00,100.00,false,1.00,19.90,0.00,true,0,
7290111936852,false,"מארז חמישיית חטיפי תמרים, חמוציות ותפוחי עץ פרי 125 גרם","טבעית מוצרים מהטבע בע""\מ",IL,"מארז חטיף תמרים, חמוציות ותפוחי עץ",,0.00,100.00,false,1.00,19.90,0.00,true,0,
7290111937262,false,מארז חמישיית חטיפי תמרים אגוזים ושברי קקאו פרי 125 גרם,"טבעית מוצרים מהטבע בע""\מ",IL,"מארז חטיף תמרים, אגוזים ושברי קקאו",,0.00,100.00,false,1.00,19.90,0.00,true,0,
7290111937644,false,פצצת אמבט קוקוס לכל סוגי העור,בלונס Balloons,CN,פצצת אמבט קוקוס לכל סוגי העור,,0.00,0.00,false,1.00,10.90,0.10,true,0,
7290111937651,false,פצצת אמבט מנגו לכל סוגי העור,בלונס Balloons,CN,פצצת אמבט מנגו לכל סוגי העור,,0.00,0.00,false,1.00,10.90,0.10,true,0,
7290111937668,false,פצצת אמבט תפוח לכל סוגי העור,בלונס Balloons,CN,פצצת אמבט תפוח לכל סוגי העור,,0.00,0.00,false,1.00,10.90,0.10,true,0,
7290111938801,false,פלמוליב גל רחצה מים מיסלריים כותנה 750 מ,קולגייט פלמוליב,TR,ג'ל רחצה מים מיסלריים - כותנה,,0.00,100.00,false,1.00,23.90,0.00,true,0,
7290111939181,false,קוקי כיסוי ניילון עם גומי מיקס מידות,ש.שסטוביץ בעמ,CN,כיסוי ניילון עם גומי מיקס מידות S-M-L,,0.00,0.00,false,1.00,11.90,0.00,true,0,
7290112000156,false,"איירוויק מילוי מפיץ אדים אוטמטי לבנדר 20 מ""ל",רקיט בנקיזר (ניר איסט) בעמ,HU,מילוי למפזר אדים אוטומטי בניחוח לבנדר שקדים,,0.00,100.00,false,1.00,19.90,0.00,true,0,
7290112000408,false,מנקה ומחטא עוצמתי לניקוי כללי בניחוח לימון,רקיט בנקיזר (ניר איסט) בעמ,US,תרסיס לניקוי כללי בניחוח לימון,,0.00,100.00,false,1.00,15.90,0.00,true,0,
7290112000712,false,ויט קרם להסרת שיער לגבר למקלחת 150 מל,רקיט בנקיזר (ניר איסט) בעמ,FR,קרם להסרת שיער לגבר לשימוש במקלחת,,0.00,100.00,false,1.00,49.90,0.00,true,0,
7290112000729,false,ויט קרם להסרת שיער לגבר 200 מל,רקיט בנקיזר צרפת,FR,קרם להסרת שיער לגבר,,0.00,100.00,false,1.00,69.90,0.00,true,0,
7290112000736,false,פיניש טבליות AIO 80 יח` אריזת חיסכון,רקיט בנקיזר (ניר איסט) בעמ,IL,ALL IN 1 MAX טבליות מדיח,,0.00,0.00,false,1.00,59.90,0.74,true,0,
7290112000798,false,"דיטול תרסיסי חיטוי וניקוי אנטי בקטריאלי 750 מ""ל",רקיט בנקיזר (ניר איסט) בעמ,US,תרסיס מחטא משטחים בניחוח ליים ונענע,,0.00,100.00,false,1.00,15.90,0.00,true,0,
7290112001016,false,"אירוויק פרשמטיק מכשיר אוטמטי ומלוי בניחוח תענוגות האביב 250 מ""ל",רקיט בנקיזר (ניר איסט) בעמ,HU,א.ויק פיור מכשיר אוטומטי תענוגות אביב,,0.00,0.00,false,1.00,49.90,49.90,true,0,
7290112001023,false,"אירוויק ספרי אוטמטי מילוי תענוגות האביב 250 מ""ל",רקיט בנקיזר (ניר איסט) בעמ,HU,פרשמטיק מילוי אוטומטי PURE בניחוח תענוגות האביב,,0.00,100.00,false,1.00,19.90,0.00,true,0,
7290112001030,false,"אירוויק ספרי אוטמטי מילוי פריחת הדובדבן 250 מ""ל",רקיט בנקיזר (ניר איסט) בעמ,HU,פרשמטיק מילוי אוטומטי PURE בניחוח פריחת הדובדבן,,0.00,100.00,false,1.00,19.90,0.00,true,0,
7290112001221,false,מנקה מכונת כביסה בניחוח נקי ורענן,רקיט בנקיזר (ניר איסט) בעמ,PT,מנקה מכונת כביסה - רגיל,,0.00,100.00,false,1.00,19.90,0.00,true,0,
7290112001733,false,ויט רצועות שעווה לעור רגיל 40 יחידות,רקיט בנקיזר,FR,רצועות שעווה מוכנות לשימוש לעור רגיל,,0.00,0.00,false,1.00,79.90,1.99,true,0,
7290112001740,false,ויט רצועות שעווה לפנים 40 יחידות,רקיט בנקיזר,FR,רצועות שעווה מוכנות לשימוש לפנים,,0.00,0.00,false,1.00,69.90,1.74,true,0,
7290112002099,false,קולון גל כביסה מרוכז 2.5 ליטר קלאסי,רקיט בנקיזר (ניר איסט) בעמ,IL,ג'ל כביסה מרוכז קלאסי,,0.00,1.00,false,1.00,29.90,11.96,true,0,
7290112002105,false,קולון גל כביסה מרוכז 2.5 ליטר ניחוח לילך,רקיט בנקיזר (ניר איסט) בעמ,IL,ג'ל כביסה מרוכז ניחוח לילך,,0.00,1.00,false,1.00,29.90,11.96,true,0,
7290112002228,false,"איירוויק ג'ל פחית בניחוח לבנדר, 70 גרם",רקיט בנקיזר,CN,איירויק פחית גל בניחוח לבנדר,,0.00,100.00,false,1.00,15.90,0.00,true,0,
7290112002235,false,איירויק פחית גל בניחוח ורדים,רקיט בנקיזר (ניר איסט) בעמ,CN,איירויק פחית גל בניחוח ורדים,,0.00,100.00,false,1.00,15.90,0.00,true,0,
7290112002259,false,"איירוויק פחית ג'ל בניחוח מרענן, 70 גרם",רקיט בנקיזר (ניר איסט) בעמ,CN,איירויק פחית גל בניחוח מרענן,,0.00,100.00,false,1.00,15.90,0.00,true,0,
7290112002457,false,דטול - שלישיית מגבונים לניקוי וחיטוי בניחוח לימון,רקיט בנקיזר (ניר איסט) בעמ,PL,מטליות לחות לניקוי כללי בניחוח לימון,,0.00,0.00,false,1.00,29.90,0.16,true,0,
7290112002983,false,"סיליט באנג ניקוי כללי רכיבים טבעיים 750 מ""ל",רקיט בנקיזר (ניר איסט) בעמ,PL,חומצת לימון לניקוי כללי,,0.00,100.00,false,1.00,16.90,0.00,true,0,
7290112003072,false,קולון מבשם בדים משב רוח ים (כחול),רקיט בנקיזר (ניר איסט) בעמ,ES,מבשם בדים משב רוח ים (כחול),,0.00,100.00,false,1.00,15.00,0.00,true,0,
7290112003096,false,קולון מבשם כביסה טבעי רענן (ירוק),רקיט בנקיזר (ניר איסט) בעמ,ES,מבשם בדים טבעי רענן (ירוק),,0.00,100.00,false,1.00,24.90,0.00,true,0,
7290112003102,false,ויט MINIMA רצועות שעווה מוכנות לרגליים,רקיט בנקיזר,FR,MINIMA רצועות שעווה מוכנות לרגליים ולגוף,,0.00,0.00,false,1.00,49.90,2.49,true,0,
7290112003119,false,ויט MINIMA רצועות שעווה מוכנות לפנים,רקיט בנקיזר,FR,MINIMA רצועות שעווה מוכנות לשימוש לפנים,,0.00,0.00,false,1.00,49.90,2.49,true,0,
7290112003126,false,ויט MINIMA רצועות שעווה מוכנות לבית השחי,רקיט בנקיזר,FR,MINIMA רצועות שעווה מוכנות לשימוש לבית שחי,,0.00,0.00,false,1.00,49.90,3.11,true,0,
<<<<<<< HEAD
7290112003188,false,קולון קפסולות ג'ל 60 יח' אריזת חיסכון,רקיט בנקיזר,IT,קפסולות ג'ל לכביסה,,0.00,0.00,false,1.00,59.90,0.99,true,0,
7290112003423,false,"אירוויק מקלות ריחניים יער אננס ורוזמרין 80 מ""ל",רקיט בנקיזר,HU,בוטניקה מקלות ריחניים בניחוח אננס ורוזמרין,,0.00,100.00,false,1.00,34.90,0.00,true,0,
7290112003461,false,"אירוויק מקלות ריחניים ורדים וגרניום 80 מ""ל",רקיט בנקיזר,HU,בוטניקה מקלות ריחניים בניחוח ורדים וגרניום,,0.00,100.00,false,1.00,34.90,0.00,true,0,
=======
7290112003188,false,קולון קפסולות ג'ל 60 יח' אריזת חיסכון,רקיט בנקיזר (ניר איסט) בעמ,IT,קפסולות ג'ל לכביסה,,0.00,0.00,false,1.00,59.90,0.99,true,0,
7290112003423,false,"אירוויק מקלות ריחניים יער אננס ורוזמרין 80 מ""ל",רקיט בנקיזר (ניר איסט) בעמ,HU,בוטניקה מקלות ריחניים בניחוח אננס ורוזמרין,,0.00,100.00,false,1.00,34.90,0.00,true,0,
7290112003461,false,"אירוויק מקלות ריחניים ורדים וגרניום 80 מ""ל",רקיט בנקיזר (ניר איסט) בעמ,HU,בוטניקה מקלות ריחניים בניחוח ורדים וגרניום,,0.00,100.00,false,1.00,34.90,0.00,true,0,
>>>>>>> d048ac2f4f281c9d788043ab4e81b61b0dbe3743
7290112003478,false,"מבשם אוויר אירוויק ספריי אננס ורוזמרין 236 מ""ל",רקיט בנקיזר,PL,בוטניקה ספריי נטול גז בניחוח אננס ורוזמרין,,0.00,100.00,false,1.00,19.90,0.00,true,0,
7290112003508,false,"מבשם אוויר אירוויק ספריי יער ועשבי בר 236 מ""ל",רקיט בנקיזר (ניר איסט) בעמ,PL,בוטניקה ספריי נטול גז בניחוח עשבי יער,,0.00,100.00,false,1.00,19.90,0.00,true,0,
7290112003560,false,איירוויק בוטניקה נר ריחני בניחוח ורדים ו,רקיט בנקיזר (ניר איסט) בעמ,CN,בוטניקה נר ריחני בניחוח ורדים וגרניום,,0.00,100.00,false,1.00,29.90,0.00,true,0,
7290112003966,false,"אבקה להסרת כתמים לכביסה לבנה ""וניש גולד""",רקיט בנקיזר (ניר איסט) בעמ,IT,מסיר כתמים אבקה לכביסה לבנה,,0.00,100.00,false,1.00,19.90,0.00,true,0,
7290112003973,false,"וניש אבקה ורודה מולטי פאואר 1.350 ק""ג א. חסכון חדש להלבנה",רקיט בנקיזר (ניר איסט) בעמ,IT,מסיר כתמים אבקה לכביסה צבעונית,,0.00,100.00,false,1.00,15.00,0.00,true,0,
7290112004109,false,מטליות לחות לניקוי כללי וחיטוי בריח ליים ונענע- מארז,רקיט בנקיזר (ניר איסט) בעמ,PL,מטליות לחות מחטא משטחים בניחוח ליים ונענע,,0.00,0.00,false,1.00,29.90,0.16,true,0,
7290112004253,false,"קרם בספריי להסרת שיער לעור רגיש 150 מ""ל ויט",רקיט בנקיזר (ניר איסט) בעמ,,קרם בספריי להסרת שיער לעור רגיש,,0.00,100.00,false,1.00,49.90,0.00,true,0,
7290112004413,false,"ספריי וניש קליה להסרת כתמים לבגדים לבנים 750 מ""ל",רקיט בנקיזר (ניר איסט) בעמ,PL,ספריי להסרת כתמים מבגדים לבנים,,0.00,100.00,false,1.00,21.90,0.00,true,0,
7290112004437,false,דטול סבון ידיים 250 מל אלוורה,רקיט בנקיזר,FR,סבון ידיים בניחוח אלוורה ותפוח,,0.00,100.00,false,1.00,12.90,0.00,true,0,
7290112004444,false,דטול סבון ידיים 250 מל הדרים,רקיט בנקיזר,FR,סבון ידיים בניחוח לימון וליים,,0.00,100.00,false,1.00,12.90,0.00,true,0,
7290112004611,false,"וניש קליה ג'ל מרוכז לטיפול נקודתי בכתמים 200 מ""ל",רקיט בנקיזר (ניר איסט) בעמ,PT,ג'ל מרוכז ועוצמתי לטיפול מקדים בהסרת כתמים,,0.00,100.00,false,1.00,21.90,0.00,true,0,
7290112004703,false,וניש תוסף כביסה גל מרוכז-כביסה צבעונית,רקיט בנקיזר (ניר איסט) בעמ,IT,תוסף כביסה רב-תכליתי ג'ל כביסה מרוכז לכביסה צבעונית ועדינה,,0.00,100.00,false,1.00,24.90,0.00,true,0,
7290112004710,false,וניש תוסף כביסה גל מרוכז-כביסה לבנה,רקיט בנקיזר (ניר איסט) בעמ,IT,תוסף כביסה רב-תכליתי ג'ל כביסה מרוכז לכביסה לבנה עדינה,,0.00,100.00,false,1.00,24.90,0.00,true,0,
7290112005045,false,וניש מסיר כתמים אבקה לכביסה לבנה 480 גרם,רקיט בנקיזר (ניר איסט) בעמ,IT,תוסף כביסה רב-תכליתי לבגדים לבנים,,0.00,100.00,false,1.00,21.90,0.00,true,0,
7290112005052,false,וניש תוסף כביסה רב תכליתי לבגדים לבנים,רקיט בנקיזר (ניר איסט) בעמ,IT,תוסף כביסה רב-תכליתי לבגדים לבנים,,0.00,100.00,false,1.00,44.90,0.00,true,0,
7290112005076,false,וניש תוסף כביסה רב תכליתי צבעוני 480 גרם,רקיט בנקיזר (ניר איסט) בעמ,IT,תוסף כביסה רב-תכליתי לכביסה צבעונית,,0.00,100.00,false,1.00,21.90,0.00,true,0,
7290112005083,false,וניש תוסף כביסה רב תכליתי לכביסה צבעונית,רקיט בנקיזר (ניר איסט) בעמ,IT,תוסף כביסה רב-תכליתי לכביסה צבעונית,,0.00,100.00,false,1.00,44.90,0.00,true,0,
7290112192240,false,סנסודיין זוג מברשות גאם קר ורוד כהה וכחו,"L Co., Industrial Shummi",CN,מברשות שיניים גאם קר ורוד כהה וכחול,,0.00,0.00,false,1.00,29.90,0.00,true,0,
7290112192325,false,ספירה green מכשיר+מילוי נוזלי להרחקת יתו,זובלה ויה פרסינה 4,IT,green מכשיר חשמלי ומילוי נוזלי להרחקת יתושים מתאים לשימוש עד 45 יום,,0.00,0.00,false,1.00,34.90,0.00,true,0,
7290112192332,false,ספירה green מילוי נוזלי להרחקת יתושים,גורי,IT,green מילוי נוזלי להרחקת יתושים מתאים לשימוש עד 45 יום,,0.00,0.00,false,1.00,19.90,0.00,true,0,
7290112192370,false,סנסודין מברשות אינטרדנטליות 2 ממ,גורי,MY,"מברשות אינטרדנטליות 2 מ""מ",,0.00,0.00,false,1.00,29.90,5.98,true,0,
7290112192387,false,סנסודין חוט דנטלי 50 מ,גורי,MY,חוט דנטלי 50 מ',,0.00,1.00,false,1.00,19.90,0.39,true,0,
7290112192561,false,"משחת שיניים פרודונטקס הגנה מלאה מרעננת הלבנה 75 מ""ל",ג'י.אס.קיי קונסיומר,IE,משחת שיניים הגנה מלאה הלבנה,,0.00,100.00,false,1.00,34.90,0.00,true,0,
7290112192578,false,משחת שיניים פרודונטקס אקסטרה פרש הגנה מלאה,ג'י.אס.קיי קונסיומר,IE,משחת שיניים הגנה מלאה אקסטרה פרש,,0.00,100.00,false,1.00,34.90,0.00,true,0,
7290112192585,false,פרודונטקס מברשת שיניים הגנה מלאה סופט,גלקסוס סמית קליין,IE,פרודונטקס מברשת שיניים הגנה מלאה סופט,,0.00,0.00,false,1.00,27.90,27.90,true,0,
7290112192875,false,"סנסודיין - משחת שיניים רגישות וחניכיים 75 מ""ל",סנסודיין Sensodyne,GB,משחת שיניים רגישות וחניכיים,,0.00,100.00,false,1.00,34.90,0.00,true,0,
7290112192882,false,"סנסודיין - משחת שיניים רגישות וחניכיים מלבינה 75 מ""ל",ג'י.אס.קיי קונסיומר,GB,משחת שיניים רגישות וחניכיים מלבינה,,0.00,100.00,false,1.00,34.90,0.00,true,0,
7290112192943,false,"ספירה אנתוש אלוורה 50 מ""ל",גורי ע.ע.ע. בעמ,IT,אנתוש דוחה יתושים אלוורה,,0.00,100.00,false,1.00,17.90,0.00,true,0,
7290112193018,false,סטייל HEMP OIL שמפו 100 מל,גורי,IL,שמפו HEMP OIL לכל סוגי השיער,,0.00,0.00,false,1.00,5.00,0.05,true,0,
7290112193025,false,סטייל HEMP OIL מרכך 100 מל,גורי,IL,מרכך HEMP OIL לכל סוגי השיער,,0.00,0.00,false,1.00,5.00,0.05,true,0,
7290112193278,false,"סטייל - שמפו מתולתלות לניקוי יסודי 600 מ""ל",א.ל.ארמן ייצור תמרוקים ב,IL,מתולתלות שמפו לניקוי יסודי,,0.00,100.00,false,1.00,29.90,0.00,true,0,
7290112193285,false,"סטייל - מרכך מתולתלות מגביר לחות 600 מ""ל",א.ל.ארמן ייצור תמרוקים ב,IL,מתולתלות מרכך מגביר לחות,,0.00,100.00,false,1.00,29.90,0.00,true,0,
7290112193292,false,"סטייל - מתולתלות מסכה לטיפול עמוק 500 מ""ל",א.ל.ארמן ייצור תמרוקים ב,,"מתולתלות מסכה לטיפול עמוק, ריכוך והפחתת פריז",,0.00,100.00,false,1.00,39.90,0.00,true,0,
7290112193308,false,"סטייל - מתולתלות גלייז מעצב ומאיץ ברק לשיער 400 מ""ל",א.ל. ארמן,IL,מתולתלות גלייז מדגיש ומגדיר תלתלים,,0.00,100.00,false,1.00,39.90,0.00,true,0,
7290112193315,false,"סטייל - מתולתלות קרם לחות להורדת פריז 400 מ""ל",א.ל.ארמן ייצור תמרוקים ב,IL,מתולתלות קרם לחות לשיער מתולתל,,0.00,100.00,false,1.00,39.90,0.00,true,0,
7290112193322,false,"סטייל - מסיכת לילה מתולתלות 250 מ""ל",גורי,IL,מתולתלות מסכת לילה טיפולית ללא שטיפה,,0.00,100.00,false,1.00,34.90,0.00,true,0,
7290112193339,false,"סטייל - ספריי מתותלות 150 מ""ל",א.ל.ארמן ייצור תמרוקים ב,IL,מתולתלות ספריי מעורר תלתלים,,0.00,100.00,false,1.00,34.90,0.00,true,0,
7290112196316,false,סנסודיין זוג מברשות פרונמל ירוק+ורוד כהה,גורי,CN,מברשות פרונמל ירוק+ורוד כהה,,0.00,0.00,false,1.00,29.90,0.00,true,0,
7290112196323,false,סנסודיין זוג מברשות הגנה מלאה תכלת+סגול,גורי,CN,מברשות הגנה מלאה תכלת+סגול,,0.00,0.00,false,1.00,29.90,0.00,true,0,
7290112196330,false,סנסודיין זוג מברשות שיקום הגנה-טורקיז+כח,גורי,CN,מברשות שיניים שיקום הגנה -טורקיז+כחול,,0.00,0.00,false,1.00,29.90,0.00,true,0,
7290112196545,false,סנסודיין זוג מברשות ורוד תכלת G.C,גורי,CN,מברשות שיניים ורוד תכלת GUM CARE,,0.00,0.00,false,1.00,29.90,0.00,true,0,
7290112196729,false,סטייל שמפו קולור קונטרול לשיער בלונד 400,גורי,IL,שמפו קולור קונטרול בלונד,,0.00,100.00,false,1.00,32.90,0.00,true,0,
7290112196736,false,סטייל שמפו קולור קונטרול סילבר 400 מל,גורי,IL,שמפו קולור קונטרול סילבר,,0.00,100.00,false,1.00,32.90,0.00,true,0,
7290112196743,false,סטייל קרם לחות קולור קונטרול לטיפול עמוק,גורי,IL,קרם לחות קולור קונטרול לשיער מובהר וכסוף,,0.00,100.00,false,1.00,39.90,0.00,true,0,
7290112196750,false,סטייל מסכה קולור קונטרול לטיפול עמוק לשי,גורי,IL,מסכה קולור קונטרול לטיפול עמוק לשיער מובהר וכסוף,,0.00,100.00,false,1.00,39.90,0.00,true,0,
7290112196811,false,סנסודין זוג מברשות שיניים דואלקר ורוד+תכ,גורי,CN,מברשות שיניים דואלקר,,0.00,0.00,false,1.00,29.90,14.95,true,0,
7290112196835,false,סנסודין זוג מברשות שיניים דואלקר ירוק+תכ,גורי,CN,מברשות שיניים דואלקר,,0.00,0.00,false,1.00,29.90,14.95,true,0,
7290112196842,false,סנסודין זוג מברשות שיניים דואלקר ורוד+יר,גורי,CN,מברשות שיניים דואלקר,,0.00,0.00,false,1.00,29.90,14.95,true,0,
7290112196866,false,סנסודין זוג מברשות דואלקר ירוק כהה+בהיר,גורי,CN,מברשות שיניים דואלקר,,0.00,0.00,false,1.00,29.90,14.95,true,0,
7290112197122,false,"סטייל - סבון ידיים ירוק 500 מ""ל חדש",רנקסאן פלסטיק יאנגר,TR,אל סבון ארומטי תה ירוק,,0.00,100.00,false,1.00,8.90,0.00,true,0,
7290112197337,false,סטייל שמפו לחות מהטבע 600 מל,גורי,IL,שמפו לחות מהטבע,,0.00,100.00,false,1.00,29.90,0.00,true,0,
7290112197344,false,סטייל מרכך לחות מהטבע 600 מל,גורי,IL,מרכך לחות מהטבע,,0.00,100.00,false,1.00,29.90,0.00,true,0,
7290112197351,false,סטייל מסכה לשיער לחות מהטבע 500 מל,גורי,IL,מסכה לשיער לחות מהטבע,,0.00,100.00,false,1.00,39.90,0.00,true,0,
7290112197368,false,סטייל קרם לחות לשיער לחות מהטבע 400 מל,גורי,IL,קרם לחות לשיער לחות מהטבע,,0.00,100.00,false,1.00,39.90,0.00,true,0,
7290112332585,false,פריכיות משולש תפוא אורז בתיבול סלק ומלח ים אנרג'י 30 גרם,"פרח תעשיו מזון בע""מ",IL,"הפריכיות הטעימות - פריכיות תפוח אדמה, אורז, סלק ומלח ים",,0.00,100.00,false,1.00,5.90,0.00,true,0,
7290112344786,false,קפה פלטינום קלאסיק עלית 200 גרם,הנסיך- מפעל לייצור ט,IL,פלטינום קלאסיק קפה נמס מיובש בהקפאה,,0.00,100.00,false,1.00,29.90,0.00,true,0,
7290112349347,false,מאסט סוכריות FRESH בטעם מנטה,שטראוס גרופ,TR,סוכריות FRESH ללא סוכר בטעם מנטה,,0.00,100.00,false,1.00,3.90,0.00,true,0,
<<<<<<< HEAD
7290112349354,false,סוכריות פרש בטעם פטל לימון 15 גרם,שטראוס גרופ,TR,סוכריות FRESH ללא סוכר בטעם פטל לימון,,0.00,100.00,false,1.00,3.90,0.00,true,0,
=======
7290112349354,false,סוכריות פרש בטעם פטל לימון 15 גרם,שטראוס גרופ בע`מ,TR,סוכריות FRESH ללא סוכר בטעם פטל לימון,,0.00,100.00,false,1.00,3.90,0.00,true,0,
>>>>>>> d048ac2f4f281c9d788043ab4e81b61b0dbe3743
7290112349378,false,מאסט סוכריות FRESH בטעם תות רימון,"הליקון גידה בע""מ",TR,סוכריות FRESH ללא סוכר בטעם תות רימון,,0.00,100.00,false,1.00,3.90,0.00,true,0,
7290112350312,false,קפסולות 15 קפה יותר למכונות נספרסו עלית 10יח',הנסיך- מפעל לייצור ט,IL,קפסולות קפה העוצמתי ביותר 15,,0.00,0.00,false,1.00,18.90,1.89,true,0,
7290112353412,false,"פריכיות תפו""א, אורז, תירס, אפונה ירוקה, סלק, מלח ים","פרח תעשיו מזון בע""מ",IL,"הפריכיות הטעימות - פריכיות תפוח אדמה, אורז, תירס, אפונה ירוקה, סלק ומלח ים",,0.00,100.00,false,1.00,5.90,0.00,true,0,
7290112358004,false,פסק זמן חטיף קראנץ עלית( 32 גר`),שולן צ'\יקולטה גידה סאן.,IL,קראנץ',,0.00,100.00,false,1.00,5.90,0.00,true,0,
7290112358561,false,קפה נמס פלטינום קלאסי 47 ג' עלית,שטראוס גרופ בע`מ,PL,פלטינום קלאסיק קפה נמס מיובש בהקפאה,,0.00,100.00,false,1.00,8.90,0.00,true,0,
7290112490827,false,תרסיס ריחני למייבש הכביסה בדין בייבי 500,יוניליוור ישראל שיווק בע`מ,IL,תרסיס ריחני למייבש הכביסה בייבי,,0.00,100.00,false,1.00,21.90,0.00,true,0,
7290112492449,false,פינוק שמפו שיער רגיל 700 מל-חדש,"יוניליוור ישראל שיווק בע""מ",IL,שמפו לשיער רגיל,,0.00,100.00,false,1.00,13.90,0.00,true,0,
7290112492456,false,"שמפו פינוק לשיער יבש/פגום 700 מ""ל",יוניליוור ישראל שיווק בע`מ,IL,שמפו לשיער יבש/פגום,,0.00,100.00,false,1.00,13.90,0.00,true,0,
7290112492463,false,"שמפו ומרכך 2 ב-1 לשיער רגיל פינוק 700 מ""ל.",יוניליוור ישראל שיווק בע`מ,IL,שמפו ומרכך 2 ב-1 לשיער רגיל,,0.00,100.00,false,1.00,13.90,0.00,true,0,
7290112492470,false,"שמפו ומרכך 2 ב-1 לשיער יבש פינוק 700 מ""ל.",יוניליוור ישראל שיווק בע`מ,IL,שמפו ומרכך 2 ב-1 לשיער יבש/פגום,,0.00,100.00,false,1.00,13.90,0.00,true,0,
7290112492517,false,פינוק לגבר 2ב1 שמפו ומרכך 700 מל,יוניליוור,IL,לגבר 2 ב1 שמפו ומרכך,,0.00,100.00,false,1.00,13.90,0.00,true,0,
7290112492531,false,"פינוק קונדישנר לשיער רגיל 700מ""ל",יוניליוור ישראל שיווק בע`מ,IL,מרכך לשיער רגיל,,0.00,100.00,false,1.00,13.90,0.00,true,0,
7290112492548,false,"מרכך פינוק עם שמן חוחובה 700 מ""ל",יוניליוור ישראל שיווק בע`מ,IL,מרכך לשיער יבש / פגום,,0.00,100.00,false,1.00,13.90,0.00,true,0,
7290112492579,false,פינוק מרכך בתוספת שמן קוקוס 700 מל-חדש,יוניליוור ישראל שיווק בע`מ,IL,מרכך בתוספת שמן קוקוס,,0.00,100.00,false,1.00,13.90,0.00,true,0,
7290112492593,false,תחליב רחצה פינוק בניחוח פינוק קלאסי 700,יוניליוור ישראל שיווק בע`מ,,תחליב רחצה בניחוח פינוק קלאסי,,0.00,100.00,false,1.00,12.90,0.00,true,0,
7290112492609,false,"תחליב רחצה פינוק 700 מ""ל לבנדר ווניל",יוניליוור ישראל שיווק בע`מ,IL,תחליב רחצה לבנדר ווניל,,0.00,100.00,false,1.00,12.90,0.00,true,0,
7290112492616,false,פינוק תחליב רחצה 700 בתוספת שמן מרוקאי,יוניליוור ישראל טיפוח אי,IL,תחליב רחצה בתוספת שמן מרוקאי,,0.00,100.00,false,1.00,12.90,0.00,true,0,
7290112492678,false,פינוק שמפו לשיער רגיל אריזת נסיעות 100 מ,"יוניליוור ישראלשיווק בע""מ",IL,שמפו לשיער רגיל אריזת נסיעות,,0.00,0.00,false,1.00,6.90,0.06,true,0,
7290112492685,false,פינוק מרכך לשיער רגיל אריזת נסיעות 100 מ,יוניליוור ישראל שיווק בעמ,IL,מרכך לשיער רגיל אריזת נסיעות,,0.00,0.00,false,1.00,6.90,0.06,true,0,
7290112492692,false,פינוק תחליב רחצה קלאסי אריזת נסיעות 100,יוניליוור ישראל טיפוח אי,IL,תחליב רחצה בניחוח קלאסי אריזת נסיעות,,0.00,0.00,false,1.00,6.90,0.06,true,0,
<<<<<<< HEAD
7290112492722,false,"2ב-1 שמפו ומרכך פינוק אל דמע לסירוק קל לילדים 700 מ""ל",יוניליוור ישראל טיפוח אי,IL,שמפו ומרכך 2 ב-1 לילדים,,0.00,100.00,false,1.00,15.90,0.00,true,0,
7290112492746,false,"פינוק מרכך ללא דמעות לסירוק קל לילדים 700 מ""ל",יוניליוור ישראל טיפוח אי,IL,לילדים מרכך לסירוק קל,,0.00,100.00,false,1.00,15.90,0.00,true,0,
7290112492753,false,"פינוק לילדים אל סבון לרחצה 700 מ""ל",יוניליוור ישראל טיפוח אי,IL,לילדים אל סבון,,0.00,100.00,false,1.00,15.90,0.00,true,0,
=======
7290112492722,false,"2ב-1 שמפו ומרכך פינוק אל דמע לסירוק קל לילדים 700 מ""ל",יוניליוור ישראל שיווק בע`מ,IL,שמפו ומרכך 2 ב-1 לילדים,,0.00,100.00,false,1.00,15.90,0.00,true,0,
7290112492746,false,"פינוק מרכך ללא דמעות לסירוק קל לילדים 700 מ""ל",יוניליוור ישראל שיווק בע`מ,IL,לילדים מרכך לסירוק קל,,0.00,100.00,false,1.00,15.90,0.00,true,0,
7290112492753,false,"פינוק לילדים אל סבון לרחצה 700 מ""ל",יוניליוור ישראל שיווק בע`מ,IL,לילדים אל סבון,,0.00,100.00,false,1.00,15.90,0.00,true,0,
>>>>>>> d048ac2f4f281c9d788043ab4e81b61b0dbe3743
7290112492760,false,פינוק שמפו למניעת קשקשים עם תמציות צמחים,יוניליוור,IL,שמפו למניעת קשקשים בתוספת תמציות פרחים,,0.00,100.00,false,1.00,15.90,0.00,true,0,
7290112492777,false,"פינוק שמפו ומרכך למניעת קשקשים 2ב-1 700 מ""ל",יוניליוור ישראל שיווק בע`מ,IL,2 ב-1 שמפו ומרכך למניעת קשקשים,,0.00,100.00,false,1.00,15.90,0.00,true,0,
7290112494238,false,חטיף כדורים שוקולד חלב קליק (65 גרם),יוניליוור ישראל שיווק בע`מ,IL,כדורים,,0.00,100.00,false,1.00,7.90,0.00,true,0,
7290112494283,false,חטיף כדורים מעורב חום לבו 65 גר`קליק,יוניליוור ישראל שיווק בע`מ,IL,חום לבן,,0.00,100.00,false,1.00,7.90,0.00,true,0,
7290112494313,false,קליק - קורנפלקס תפזורת 65 גרם,יוניליוור ישראל שיווק בע`מ,IL,קורנפלקס,,0.00,100.00,false,1.00,7.90,0.00,true,0,
7290112494825,false,תרחיץ פנים לעור רגיש מכיל 25% קרם לחות,יוניליוור ישראל שיווק בע`מ,IL,תרחיץ פנים לעור רגיש מכיל 25% קרם לחות,,0.00,100.00,false,1.00,16.90,0.00,true,0,
7290112494832,false,תרחיץ פנים לכל סוגי העור מכיל 25% קרם לחות,יוניליוור ישראל שיווק בע`מ,IL,תרחיץ פנים לכל סוגי העור,,0.00,100.00,false,1.00,16.90,0.00,true,0,
7290112496188,false,"אקס - בושם גוף טיקט לגבר אפולו 17 מ""ל",יוניליוור ישראל שיווק בעמ,TR,טיקט בושם כיס אפולו,,0.00,100.00,false,1.00,19.90,0.01,true,0,
7290112496195,false,"אקס - בושם גוף טיקט לגבר בלאק 17 מ""ל",יוניליוור ישראל שיווק בעמ,TR,טיקט בושם כיס בלאק,,0.00,100.00,false,1.00,19.90,0.01,true,0,
7290112496201,false,"אקס - בושם גוף טיקט לגבר שוקולד 17 מ""ל",יוניליוור ישראל שיווק בע`מ,TR,טיקט בושם כיס שוקולד,,0.00,100.00,false,1.00,19.90,0.01,true,0,
7290112496270,false,"פתית צ'יפס תפו""א בתוספת עגבניות ועשבי תיבול 22 גרם",יוניליוור ישראל שיווק בע`מ,GB,פתית צ'יפס עם תפוח אדמה בתוספת עגבניות ועשבי תיבול,,0.00,100.00,false,1.00,5.90,0.00,true,0,
7290112496287,false,פתית - צ'יפס בטטה בטעם טבעי 21 גרם,יוניליוור ישראל שיווק בע`מ,GB,פתית צ'יפס עם בטטה בטעם טבעי,,0.00,100.00,false,1.00,5.90,0.00,true,0,
7290112496294,false,חטיף פתית צ'יפס עם אפונה ירוקה צהובה וצ'ילי,יוניליוור ישראל שיווק בע`מ,GB,פתית צ'יפס עם אפונה ירוקה וצהובה ותוספת צ'ילי,,0.00,100.00,false,1.00,5.90,0.00,true,0,
7290112497000,false,פנטסטיק תרכיז ניקוי רב תכליתי בניחוח לימון,יוניליוור ישראל שיווק בע`מ,IL,פנטסטיק ניקוי כללי בניחוח לימון,,0.00,1.00,false,1.00,15.90,15.90,true,0,
7290112497369,false,"דאב - דאודורנט רול און לאישה טלק סופט 50 מ""ל",יוניליוור ישראל שיווק בע`מ,GB,דאודורנט רול און טלק סופט לאשה,,0.00,100.00,false,1.00,12.90,0.00,true,0,
7290112497505,false,"תחליב גוף וזלין ירוק עם אלוורה 600מ""ל",יוניליוור ישראל שיווק בע`מ,US,תחליב גוף בתוספת אלוורה,,0.00,100.00,false,1.00,26.90,0.00,true,0,
7290112497710,false,פינוק בייבי שמפו אל דמע לתינוקות 700 מל,יוניליוור ישראל שיווק בע`מ,IL,בייבי שמפו אל דמע לתינוקות,,0.00,100.00,false,1.00,17.90,0.00,true,0,
7290112497727,false,פינוק בייבי אל סבון אל דמע לתינוקות 700,יוניליוור ישראל שיווק בע`מ,IL,בייבי אל סבון אל דמע לתינוקות,,0.00,100.00,false,1.00,17.90,0.00,true,0,
7290112498267,false,פינוק אל סבון לידיים בניחוח פינוק קלאסי,יוניליוור ישראל שיווק בע`מ,TR,אל סבון לידיים בניחוח פינוק קלאסי,,0.00,100.00,false,1.00,14.90,0.00,true,0,
7290112498274,false,פינוק אלסבון לידיים לבנדר וניל 1ליטר+משא,יוניליוור ישראל שיווק בע`מ,TR,אל סבון לידיים בניחוח לבנדר ווניל,,0.00,100.00,false,1.00,14.90,0.00,true,0,
7290112498298,false,"אל סבון ליידים בתוספת שמן מרוקאי פינוק 950 מ""ל",יוניליוור ישראל שיווק בע`מ,TR,אל סבון לידיים בתוספת שמן מרוקאי,,0.00,100.00,false,1.00,8.00,0.00,true,0,
7290112498380,false,אקס שמפו לגבר 3 ב-1 טוטאל פרש,"יוניליוור ישראלשיווק בע""מ",US,שמפו לגבר 3 ב-1 טוטאל פרש,,0.00,100.00,false,1.00,19.90,0.00,true,0,
7290112498526,false,"פתית צ'יפס עם בטטה סגולה בטעם שמנת ובצל, 22 גרם",יוניליוור ישראל שיווק בע`מ,GB,צ'יפס עם בטטה סגולה בטעם שמנת ובצל,,0.00,100.00,false,1.00,5.90,0.00,true,0,
7290112498540,false,"ספריי דאודרנט ספורט דיפנס רקסונה 150 מ""ל",יוניליוור ישראל שיווק בעמ,GB,דאודורנט ספריי לגבר ספורט דיפנס,,0.00,100.00,false,1.00,17.90,0.00,true,0,
7290112499448,false,"מרכך פינוק בתוספת שמן מרוקאי 700 מ""ל",יוניליוור ישראל שיווק בע`מ,IL,מרכך בתוספת שמן מרוקאי,,0.00,100.00,false,1.00,13.90,0.00,true,0,
7290112499455,false,פינוק תחליב רחצה 700 בתוספת שמן מרוקאי,יוניליוור ישראל שיווק בע`מ,IL,תחליב רחצה בתוספת שמן מרוקאי,,0.00,100.00,false,1.00,12.90,0.00,true,0,
7290112499462,false,פינוק תחליב רחצה 700 בתוספת שמן קוקוס,יוניליוור ישראל שיווק בע`מ,IL,תחליב רחצה בתוספת שמן קוקוס,,0.00,100.00,false,1.00,12.90,0.00,true,0,
7290112499493,false,"רקסונה - דאודורנט ספריי לאישה אלוורה 150 מ""ל","יוניליוור ישראלשיווק בע""מ",RU,דאודורנט ספריי במבוק ואלוורה לאישה,,0.00,100.00,false,1.00,17.90,0.00,true,0,
7290112499509,false,"רקסונה - דאודורנט ספריי לאישה בניחוח אפרסק ולמון גראס 150 מ""ל","יוניליוור ישראל שיווק בע""מ",RU,דאודורנט ספריי אפרסק ולמון גראס לאישה,,0.00,100.00,false,1.00,17.90,0.00,true,0,
7290112499516,false,"רקסונה - דאודורנט ספריי לגבר וי 8 150 מ""ל","יוניליוור ישראל שיווק בע""מ",RU,דאודורנט ספריי לגבר V8,,0.00,100.00,false,1.00,17.90,0.00,true,0,
7290112706362,false,מארז שלישיית ביצי שוקולד מפרץ ההרפתקאות,שמחה זה אנחנו בע`מ,IT,ביצי שוקולד עם הפתעה - מפרץ ההרפתקאות,,0.00,0.00,false,1.00,14.90,0.00,true,0,
7290112707246,false,שלישיית ביצי שוקולד(חלב נוכרי)-כוח פי גיי,שמחה זה אנחנו,IT,ביצי שוקולד עם הפתעה - כוח פיג'י,,0.00,0.00,false,1.00,14.90,0.00,true,0,
7290112709820,false,אקדח בועות סבון - כוח פי ג'יי (1X72),שמחה זה אנחנו,CN,אקדח בועות סבון-כוח פי ג'יי,,0.00,0.00,false,1.00,22.90,0.00,true,0,
7290112963895,false,חטיפי קרקר דק כפרי פיטנס.,נסטלה,IL,פיטנס קרקר THIN כפרי,,0.00,100.00,false,1.00,12.90,0.00,true,0,
7290112963918,false,פיטנס חטיפי קרקר דק רוזמרין 140 גרם,קבוצת אוסם סחר שותפות מוגבלת,IL,פיטנס קרקר THIN רוזמרין,,0.00,100.00,false,1.00,12.90,0.00,true,0,
7290112965660,false,פיטנס - חטיף מולטיגריין מלח פלפל 25 גרם,קבוצת אוסם סחר שותפות מוגבלת,IL,פיטנס מולטיגריין חטיף מלח פלפל,,0.00,100.00,false,1.00,5.00,0.00,true,0,
7290112965684,false,פיטנס - חטיף מולטיגריין עשבי תיבול 25 גרם,קבוצת אוסם סחר שותפות מוגבלת,IL,פיטנס מולטיגריין חטיף עשבי תיבול,,0.00,100.00,false,1.00,5.00,0.00,true,0,
7290112965707,false,פיטנס - חטיף מולטיגריין צילי מעודן 25 גרם,קבוצת אוסם סחר שותפות מוגבלת,IL,פיטנס מולטיגריין חטיף צ'ילי מעודן,,0.00,100.00,false,1.00,2.00,0.00,true,0,
7290112968807,false,80018416694פיטנס חטיפי קרקר דק סלק 150גר,קבוצת אוסם סחר שותפות מוגבלת,IL,פיטנס קרקר THIN סלק,,0.00,100.00,false,1.00,12.90,0.00,true,0,
7290112968821,false,חטיפי קרקר דק בטטה 140 גר` פיטנס,קבוצת אוסם סחר שותפות מוגבלת,IL,פיטנס קרקר THIN בטטה,,0.00,100.00,false,1.00,12.90,0.00,true,0,
7290113560055,false,פרודונטקס מי פה טיפול יומי לחניכיים 500,"מאסטרפוד אוסטריה בע""מ",GB,מי פה טיפול יום-יומי לחניכיים מנטה מרענן,,0.00,100.00,false,1.00,32.90,0.00,true,0,
7290113560062,false,"סנסודיין - משחת שיניים להלבנה עדינה משאבה 100 מ""ל",גלקסוסמית'\קליין קונסיומ,GB,Gentle whitening - משחת שיניים להלבנה עדינה - משאבה,,0.00,0.00,false,1.00,27.90,0.27,true,0,
7290113560109,false,פרודונטקס מ.שיניים בטעם צמחי 75 מל,פרודונטקס Parodontax,SK,"משחת שיניים בטעם צמחי בשילוב טעמי ג'ינג'ר, מנטה ואקליפטוס",,0.00,100.00,false,1.00,32.90,0.00,true,0,
7290113593336,false,לייף קידס בקבוק טריטן 600 מל גבוה LOL,שמחה זה אנחנו,CN,KIDS בקבוק טריטן גבוה - LOL,,0.00,0.00,false,1.00,32.90,0.00,true,0,
7290113594609,false,מארז שלישיית ביצי שוקולד כוח פיגי,שמחה זה אנחנו,IT,ביצי שוקולד עם הפתעה - כוח פיג'י,,0.00,0.00,false,1.00,14.90,0.00,true,0,
7290113711143,false,לייף נייר טואלט לח 4*48 יח KIDS,לייף,IL,מגבוני נייר טואלט לח KIDS,,0.00,0.00,false,1.00,19.90,4.97,true,0,
7290113711150,false,לייף נייר טואלט לח 4*48 יח,לייף,IL,מגבוני נייר טואלט לח,,0.00,0.00,false,1.00,19.90,4.97,true,0,
7290113711167,false,לייף נייר טואלט לח 4*48 יח סנסיטיב,General,IL,מגבוני נייר טואלט לח סנסיטיב,,0.00,0.00,false,1.00,19.90,4.97,true,0,
7290113711310,false,לייף בודי ספריי LEGEND ENERGY לגבר 200מל,לייף,,בודי ספריי LEGEND ENERGY לגבר,,0.00,100.00,false,1.00,9.90,0.00,true,0,
7290113711341,false,פצצת אמבט בניחוח פירות הדרים 100 גרם,לייף,CN,פצצת אמבט בניחוח פירות הדרים,,0.00,0.00,false,1.00,14.90,0.14,true,0,
7290113711754,false,לייף מגבוני היגיינה אישית TO-GO,עלבד,IL,מגבונים היגיינים לניקוי הידיים והפנים,,0.00,0.00,false,1.00,4.90,0.49,true,0,
7290113711761,false,לייף מגבונים היגייניים לניקוי לילדים 10י,עלבד,IL,KIDS מגבונים היגייניים לניקוי הידיים והפנים,,0.00,0.00,false,1.00,4.90,0.49,true,0,
7290113711839,false,לייף מארז 4 יח ראשים אוניברסליים סנסטיב,לייף,IL,מארז ראשים אוניברסליים סנסטיב,,0.00,0.00,false,1.00,74.90,18.72,true,0,
7290113711969,false,תחליב רחצה בניחוח וניל מעודן 500 מל,ארמן,CN,תחליב רחצה בניחוח וניל מעודן,,0.00,100.00,false,1.00,19.90,0.00,true,0,
7290113711976,false,קרם גוף בניחוח וניל מעודן 500 מל,ארמן,CN,קרם גוף בניחוח וניל מעודן,,0.00,100.00,false,1.00,24.90,0.00,true,0,
7290113712010,false,סאנדיי כפפות ניילון חד פעמיות 100 יח,EGM השקעות בעמ,CN,כפפות חד פעמיות,,0.00,0.00,false,1.00,6.90,0.06,true,0,
7290113712171,false,לייף קרם חמצן 6% 60 מל,שוורץ,,קרם חמצן 6%,,0.00,100.00,false,1.00,4.90,0.00,true,0,
7290113712188,false,לייף מברשת חשמלית סוללות למבוגרים- ירוק,יניר מערכות,CN,מברשת חשמלית סוללות למבוגרים- ירוק זית,,0.00,0.00,false,1.00,39.90,0.00,true,0,
7290113712195,false,לייף מברשת חשמלית סוללות למבוגרים- כחול,יניר מערכות,CN,מברשת חשמלית סוללות למבוגרים- כחול כהה,,0.00,0.00,false,1.00,39.90,0.00,true,0,
7290113712225,false,לייף מברשת שיניים פלקסיבל וייט כחולה,טריזה,CH,מברשת שיניים פלקסיבל וייט כחולה,,0.00,0.00,false,1.00,14.90,0.00,true,0,
7290113712232,false,לייף מברשת שיניים פלקסיבל וייט ורודה,טריזה,CH,מברשת שיניים פלקסיבל וייט ורודה,,0.00,0.00,false,1.00,14.90,0.00,true,0,
7290113712287,false,לייף תחבושת ALL NIGHT ללילה 18 יח,היזלמה,IT,ALL NIGHT תחבושות היגייניות עם כנפיים,,0.00,0.00,false,1.00,14.90,0.82,true,0,
7290113712317,false,לייף קידס רביעיית מגבוני דיסני מיקי מאוס,DPL,IL,מגבוני דיסני מיקי מאוס,,0.00,0.00,false,1.00,19.90,4.97,true,0,
7290113712324,false,לייף קידס רביעיית מגבוני דיסני מיני מאוס,DPL,IL,מגבוני דיסני מיני מאוס,,0.00,0.00,false,1.00,19.90,4.97,true,0,
7290113810006,false,לייף קידס מחית תפוח בננה גיבורי על 90 גר,לייף,ES,מחית תפוחי עץ ובננה לילדים- גיבורי על,,0.00,100.00,false,1.00,3.90,0.00,true,0,
7290113810129,false,לייף טישו קוביה וונדר וומן 56 יח 3 שכבות,לייף,IL,ממחטות נייר רכות במיוחד תלת-שכבתיות וונדר וומן,,0.00,0.00,false,1.00,6.90,0.12,true,0,
7290113810235,false,לייף וולנס פריכיות מיני ביס שום בצל 23 ג,פרח,IL,פריכיות מיני ביס מדגנים מלאים בתיבול שום ובצל,,0.00,100.00,false,1.00,3.90,0.00,true,0,
7290113810365,false,לייף דאו סטיק קליר ללא אלומ.50 מל נשים,אמיליה קוסמטיקס,,דאודורנט סטיק קליר ללא אלומיניום לאישה,,0.00,100.00,false,1.00,9.90,0.00,true,0,
7290113810419,false,לייף מי פה לרעננות מתמשכת 500 FRESH MINT,ח.נ.ה,ES,מי פה לרעננות מתמשכת FRESH MINT,,0.00,100.00,false,1.00,19.90,0.00,true,0,
7290113810426,false,לייף מי פה להגנה על החניכיים500 GUM CARE,ח.נ.ה,ES,מי פה להגנה על החניכיים GUM CARE,,0.00,100.00,false,1.00,19.90,0.00,true,0,
7290113810440,false,לייף מי פה להסרת כתמים 500 WHITE מל,ח.נ.ה,ES,מי פה המסייעים להסרת כתמים WHITE,,0.00,100.00,false,1.00,19.90,0.00,true,0,
7290113810532,false,לייף בייביז בקבוק הזנה 160 מל לבבות שלב1,איתן,,"בקבוק לתינוק 160 מ""ל שלב +0",,0.00,0.00,false,1.00,34.90,0.00,true,0,
7290113810549,false,לייף בייביז בקבוק הזנה 160 מל סירה שלב 1,איתן,,"בקבוק לתינוק 160 מ""ל שלב +0",,0.00,0.00,false,1.00,34.90,0.00,true,0,
7290113810570,false,לייף בייביז בקבוק הזנה 330 מל כוכב זהב,איתן,,"בקבוק לתינוק 330 מ""ל שלב +6",,0.00,0.00,false,1.00,34.90,0.00,true,0,
7290113810600,false,לייף וולנס פריכיות מיני ביס קלאסי עם מלח,פרח,IL,פריכיות מיני ביס מדגנים מלאים קלאסי עם מלח,,0.00,100.00,false,1.00,3.90,0.00,true,0,
7290113810662,false,לייף זוג פטמות סיליקון שלב 1 זר.איטית,איתן,,"BABYS אנטי קוליק פטמות סיליקון 160מ""ל +0",,0.00,0.00,false,1.00,19.90,9.95,true,0,
7290113810679,false,לייף זוג פטמות סיליקון שלב 2 זר.בינונית,איתן,,"BABYS אנטי קוליק פטמות סיליקון 260 מ""ל +3",,0.00,0.00,false,1.00,19.90,9.95,true,0,
7290113810686,false,לייף זוג פטמות סיליקון שלב 3 זר.מהירה,איתן,,"BABYS אנטי קוליק פטמות סיליקון 330 מ""ל +6",,0.00,0.00,false,1.00,19.90,9.95,true,0,
7290113810693,false,לייף זוג פטמות סיליקון למזון סמיך,איתן,,"BABYS אנטי קוליק פטמות סיליקון 330 מ""ל +6",,0.00,0.00,false,1.00,19.90,9.95,true,0,
7290113810853,false,לייף מכשיר גילוח וונדר 5 להבים לנשים+2 ס,פרסונה,CN,מכשיר גילוח רב פעמי וונדר+ 2 סכינים לעור רגיש,,0.00,0.00,false,1.00,34.90,0.00,true,0,
7290113810877,false,לייף מחסנית וונדר 5 להבים לנשים 4 יח,General,CN,סכיני גילוח רב פעמיים וונדר לנשים 5 להבים לעור רגיש,,0.00,0.00,false,1.00,39.90,9.97,true,0,
7290113810884,false,לייף מחסנית פלקס טאץ 5 להבים לנשים 4 יח,פרסונה,CN,סכיני גילוח רב פעמיים לנשים פלקס טאצ' 5 להבים גמיש במיוחד,,0.00,0.00,false,1.00,39.90,9.97,true,0,
7290113810891,false,לייף FORCE מכשיר גילוח 5 להבים לגבר+2 סכ,לייף,CN,מכשיר גילוח 5 להבים מתקדם + 2 סכינים פורס FORCE 5,,0.00,0.00,false,1.00,39.90,0.00,true,0,
7290113810907,false,לייף FORCE מכשיר גילוח 5 להבים לגבר+7 סכ,לייף,CN,FORCE מכשיר גילוח 5 להבים לגבר + סכינים,,0.00,0.00,false,1.00,79.90,0.00,true,0,
7290113810921,false,לייף FORCE סכיני גילוח 5 להבים לגבר 4 יח,לייף,CN,מחסנית סכיני גילוח רב פעמיים פורס FORCE 5,,0.00,0.00,false,1.00,49.90,12.47,true,0,
7290113810938,false,לייף מכשיר גילוח פלקס טאץ 5להב לנשים+2 ס,פרסונה,CN,מכשיר גילוח רב פעמי פלקס טאצ' + 2 סכינים גמיש במיוחד,,0.00,0.00,false,1.00,34.90,0.00,true,0,
7290113820067,false,לייף בייביז קרם החתלה טיפולי 100 מל,איתן,,קרם החתלה טיפולי לתינוק,,0.00,0.00,false,1.00,18.90,0.18,true,0,
7290113820098,false,לייף שפתון לחות בשפופרת וניל,3OL,,GLOW & SOFT שפתון לחות מועשר בתמצית וניל,,0.00,0.00,false,1.00,14.90,0.00,true,0,
7290113820159,false,לייף פדי ספיגה לגברים ונשים 20 יחידות,ONTEX,BE,פדי ספיגה להגנה מקסימלית בגזרה מותאמת לגברים ולנשים,,0.00,0.00,false,1.00,39.90,1.99,true,0,
7290113820234,false,לייף קרם גוף משאבה תמצית הדרים 500 מל,אינטרקוסמא,,קרם גוף מועשר בתמציות הדרים,,0.00,100.00,false,1.00,18.90,0.00,true,0,
7290113820241,false,לייף תחליב רחצה מועשר בתמצית הדרים 750 מ,אינטרקוסמא,,תחליב רחצה מועשר בתמצית הדרים,,0.00,100.00,false,1.00,11.90,0.00,true,0,
7290113820258,false,לייף מרכך לשיער יבש-פגום תמצית הדרים,זוהר דליה,,מרכך שיער לשיער יבש מועשר בשמן קינואה ותמצית הדרים,,0.00,100.00,false,1.00,11.90,0.00,true,0,
7290113820265,false,לייף מרכך לשיער צבוע ורדים ווניל 700 מל,זוהר דליה,,מרכך שיער לשיער צבוע מועשר בשמן קינואה ותמצית ורדים,,0.00,100.00,false,1.00,11.90,0.00,true,0,
7290113820272,false,לייף מרכך לשיער רגיל תמצית לבנדר 100 מל,זוהר דליה,IL,מרכך לשיער רגיל,,0.00,0.00,false,1.00,5.90,0.05,true,0,
7290113820296,false,לייף מרכך לשיער שמן תה ירוק ומנטה 700 מל,זוהר דליה,,מרכך שיער לשיער שמן מועשר בשמן קינואה ותמצית תה ירוק,,0.00,100.00,false,1.00,11.90,0.00,true,0,
7290113820333,false,לייף קרם גוף משאבה ורדים ווניל 500 מל,אינטרקוסמא,IL,קרם גוף מועשר בתמציות ורדים ווניל,,0.00,100.00,false,1.00,18.90,0.00,true,0,
7290113820340,false,לייף קרם גוף משאבה תה ירוק ושיאה 500 מל,אינטרקוסמא,IL,קרם גוף מועשר בתמציות תה ירוק וחמאת שיאה,,0.00,100.00,false,1.00,18.90,0.00,true,0,
7290113820357,false,לייף קרם גוף משאבה תמצית לבנדר 500 מל,אינטרקוסמא,IL,קרם גוף מועשר בתמציות לבנדר ועץ הארז,,0.00,100.00,false,1.00,18.90,0.00,true,0,
7290113820364,false,לייף קרם ידיים תמצית הדרים 100 מל,אינטרקוסמא,,קרם ידיים בתוספת תמציות הדרים,,0.00,0.00,false,1.00,9.90,0.09,true,0,
7290113820371,false,לייף קרם ידיים ורדים ווניל 100 מל,אינטרקוסמא,IL,קרם ידיים בתוספת תמציות ורדים בניחוח ווניל,,0.00,0.00,false,1.00,9.90,0.09,true,0,
7290113820388,false,לייף קרם ידיים תה ירוק ומנטה 100 מל,אינטרקוסמא,IL,קרם ידיים בתוספת תמציות תה ירוק ומנטה,,0.00,0.00,false,1.00,9.90,0.09,true,0,
7290113820395,false,לייף קרם ידיים תמצית לבנדר 100 מל,אינטרקוסמא,,קרם ידיים בתוספת תמציות לבנדר ועץ הארז,,0.00,0.00,false,1.00,9.90,0.09,true,0,
7290113820401,false,לייף קרם רב שימושי תה ירוק ומנטה 250 מל,אינטרקוסמא,IL,קרם רב שימושי מועשר בתמציות תה ירוק ומנטה בתוספת חמאת שיאה,,0.00,100.00,false,1.00,18.90,0.00,true,0,
7290113820418,false,לייף שמפו לשיער יבש תמצית הדרים 700,זוהר דליה,,שמפו לשיער יבש מועשר בשמן קינואה ותמצית הדרים,,0.00,100.00,false,1.00,11.90,0.00,true,0,
7290113820432,false,לייף שמפו לשיער רגיל תמצית לבנדר 100 מל,זוהר דליה,IL,שמפו ברק וחיוניות לשיער רגיל,,0.00,0.00,false,1.00,5.90,0.05,true,0,
7290113820449,false,לייף שמפו לשיער רגיל תמצית לבנדר 700 מל,זוהר דליה,,שמפו לשיער רגיל מועשר בשמן קינואה ותמצית לבנדר,,0.00,100.00,false,1.00,11.90,0.00,true,0,
7290113820456,false,לייף שמפו לשיער שמן תה ירוק ומנטה 700,זוהר דליה,,שמפו לשיער שמן מועשר בשמן קינואה ותמצית תה ירוק,,0.00,100.00,false,1.00,11.90,0.00,true,0,
7290113820463,false,לייף תחליב רחצה מועשר בתמציות ורדים ווני,אינטרקוסמא,,תחליב רחצה מועשר בתמציות ורדים ווניל,,0.00,100.00,false,1.00,11.90,0.00,true,0,
7290113820470,false,לייף תחליב רחצה תה ירוק ומנטה 750 מל,אינטרקוסמא,,תחליב רחצה מועשר בתמציות תה ירוק ומנטה,,0.00,100.00,false,1.00,11.90,0.00,true,0,
7290113820487,false,לייף תחליב רחצה מועשר בלבנדר 750 מל,אינטרקוסמא,,תחליב רחצה מועשר בתמציות לבנדר ועץ הארץ,,0.00,100.00,false,1.00,11.90,0.00,true,0,
7290113820760,false,לייף רולר מחטים,PROSEEKERS LIFE,CN,רולר מחטים,,0.00,0.00,false,1.00,29.90,0.00,true,0,
7290113820845,false,לייף תרחיץ פנים תה ירוק לעור שומני,אמיליה קוסמטיקס,IL,תרחיץ פנים לעור שומני תה ירוק,,0.00,100.00,false,1.00,14.90,0.00,true,0,
7290113820852,false,לייף תרחיץ פנים הדרים פילינג,אמיליה קוסמטיקס,IL,תרחיץ פנים פילינג עדין הדרים,,0.00,100.00,false,1.00,14.90,0.00,true,0,
7290113820869,false,לייף תרחיץ פנים לבנדר לעור רגיש,אמיליה קוסמטיקס,IL,תרחיץ פנים לעור רגיש לבנדר,,0.00,100.00,false,1.00,14.90,0.00,true,0,
7290113820876,false,לייף תרחיץ פנים ורדים ווניל לעור רגיל,אמיליה קוסמטיקס,IL,תרחיץ פנים ורדים ווניל לעור רגיל,,0.00,100.00,false,1.00,14.90,0.00,true,0,
7290113820968,false,לייף קידס בקבוק טריטן קליפס 600 מל LOL,שמחה זה אנחנו,CN,KIDS בקבוק טריטן קליפס LOL,,0.00,0.00,false,1.00,32.90,0.00,true,0,
7290113820975,false,לייף קידס בקבוק צמידים 700 מל LOL,שמחה זה אנחנו,CN,KIDS בקבוק צמידים LOL,,0.00,0.00,false,1.00,29.90,0.00,true,0,
7290113820982,false,לייף קידס בקבוק טריטן קליפס 600מל פרוזן2,שמחה זה אנחנו,CN,KIDS בקבוק טריטן קליפס פרוזן 2,,0.00,0.00,false,1.00,32.90,0.00,true,0,
7290113821446,false,לייף בייביז שמיכת חורף 140*90 מיקי,לייף,IL,שמיכת חורף 140*90 מיקי,,0.00,0.00,false,1.00,49.90,0.00,true,0,
7290113821484,false,לייף קיסמי אוזניים אקולוגיים מנייר 200יח,ח.א.ייבוא ושיווק,IL,קיסמי אוזניים ידידותיים לסביבה,,0.00,0.00,false,1.00,9.90,0.04,true,0,
7290113821491,false,לייף ערכת טיפוח צמרי גפן 3 ב 1,ח.א.ייבוא ושיווק,CN,ערכת טיפוח צמרי גפן 3 ב 1,,0.00,0.00,false,1.00,12.90,0.00,true,0,
7290113821514,false,לייף מברשת פרופשיונל קר כסף אנטי בקטריאל,טריזה,CH,מברשת פרופשיונל קר כסף אנטי בקטריאלי,,0.00,0.00,false,1.00,15.90,0.00,true,0,
7290113821521,false,לייף זוג מברשות שיניים EXTRA ומנקה לשון,טריזה,CH,מברשות שיניים EXTRA ומנקה לשון,,0.00,0.00,false,1.00,19.90,0.00,true,0,
7290113821538,false,לייף מברשת נטענת 4 מצבים סנסטיב - כחול כ,לייף,IL,מברשת שיניים נטענת 4 מצבים ראש סנסטיב - כחול כהה,,0.00,0.00,false,1.00,149.90,0.00,true,0,
7290113821545,false,לייף נייר טואלט לח 60 דיספנסר מבוגרים,לייף,IL,נייר טואלט לח אריזת דיספנסר מבוגרים,,0.00,0.00,false,1.00,11.90,0.00,true,0,
7290113821644,false,לייף טישו לושן ניילון מארז שלישייה,לייף,IL,ממחטות טישו בתוספת קרם לחות,,0.00,0.00,false,1.00,9.90,3.30,true,0,
7290113821668,false,סאנדיי 25 מטליות לחות ניקוי כללי שלישייה,General,IL,מטליות לחות לניקוי כללי אנטיבקטריאלי,,0.00,0.00,false,1.00,10.00,0.13,true,0,
7290113821675,false,סאנדיי 50 מגבונים לניקוי כללי זוג,General,IL,מטליות לחות לניקוי כללי,,0.00,0.00,false,1.00,16.90,0.16,true,0,
7290113822023,false,לייף מברשת שיניים סוללות LOL,יניר מערכות,CN,מברשת שיניים סוללות LOL,,0.00,0.00,false,1.00,39.90,0.00,true,0,
7290113822054,false,לייף משחת שיניים מלבינה חמצן פעיל 75 מל,זר הייטק,BG,DENTAL משחת שיניים מלבינה חמצן פעיל,,0.00,100.00,false,1.00,13.90,0.00,true,0,
7290113822078,false,מרכך כביסה מרוכז פלאי הטבע - לבן BABY,זוהר דליה,IL,מרכך כביסה מרוכז לבן בייבי בניחוח טלק מפנק,,0.00,1.00,false,1.00,14.90,14.90,true,0,
7290113822085,false,מרכך כביסה מרוכז פלאי הטבע - כחול 1 ליטר,זוהר דליה,IL,מרכך כביסה מרוכז כחול בניחוח רוז ופרחי ויולט,,0.00,1.00,false,1.00,14.90,14.90,true,0,
7290113822092,false,מרכך כביסה מרוכז פלאי הטבע - ורוד 1 ליטר,זוהר דליה,IL,מרכך כביסה מרוכז ורוד בניחוח פרחי ילנג רוז ואמבר,,0.00,1.00,false,1.00,14.90,14.90,true,0,
7290113822122,false,לייף זוג מברשות שיניים מעוצבות גוניור,טריזה,CH,Dental מברשות שיניים מעוצבות לילדים לגילאי 6-12 SMILE,,0.00,0.00,false,1.00,19.90,9.95,true,0,
7290113822269,false,לייף מארז אקנה בשלושה שלבים,אמיליה קוסמטיקס,IL,מארז אקנה בשלושה שלבים להרגעת עור הפנים הסובל מפצעונים,,0.00,0.00,false,1.00,79.90,0.00,true,0,
7290113822337,false,לייף בייביז מחלק מנות,לייף,,מחלק מנות,,0.00,0.00,false,1.00,24.90,24.90,true,0,
7290113822351,false,לייף קידס קצף אמבט 700 מל מיקי מאוס,ארמן,,קצף אמבטיה מיקי מאוס,,0.00,100.00,false,1.00,13.90,0.00,true,0,
7290113822436,false,לייף בייביז נשכן קקטוס,לייף,IL,נשכן קקטוס,,0.00,0.00,false,1.00,22.90,0.00,true,0,
7290113822719,false,לייף מברשת שיניים ספיידרמן 3-6,טריזה,CH,מברשת שיניים ספיידרמן 3-6,,0.00,0.00,false,1.00,13.90,0.00,true,0,
7290113822726,false,לייף זוג מברשות שיניים סימבה 3-6 רגל עומ,טריזה,CH,מברשות שיניים סימבה 3-6 רגל עומדת,,0.00,0.00,false,1.00,19.90,0.00,true,0,
7290113822733,false,לייף מברשת שיניים הנסיכה סופיה 3-6,טריזה,CH,מברשת שיניים הנסיכה סופיה 3-6,,0.00,0.00,false,1.00,13.90,0.00,true,0,
7290113823600,false,שלישיית סינרי קשירה מיני מאוס 2,לייף,IL,סינרי קשירה מיני מאוס,,0.00,0.00,false,1.00,19.90,6.63,true,0,
7290113823617,false,שלישיית סינרי קשירה מיקי מאוס 2,לייף,IL,סינרי קשירה מיקי מאוס,,0.00,0.00,false,1.00,19.90,6.63,true,0,
7290113823815,false,מילוקה סקין קר - מסיר איפור תלת פאזי,ANCOROTTI MILUCCA,IT,SHAKE IT OFF מסיר איפור תלת פאזי,,0.00,100.00,false,1.00,39.90,0.00,true,0,
7290113823839,false,מילוקה סקין קר - מסכת חימר ירוק,ANCOROTTI MILUCCA,IT,STICK TO GREEN מסכת חימר ירוק לניקוי,,0.00,100.00,false,1.00,29.90,0.01,true,0,
7290113823846,false,מילוקה סקין קר - סטיק +SPF 50,ANCOROTTI MILUCCA,IT,MY SPF BFF סטיק הגנה מפני השמש SPF50,,0.00,100.00,false,1.00,39.90,0.01,true,0,
7290113823853,false,מילוקה סקין קר - מלט סטיק באטר קלינזר,ANCOROTTI MILUCCA,IT,JUST A GOOD REMOVER מסיר איפור חמאתי בסטיק,,0.00,0.00,false,1.00,39.90,0.00,true,0,
7290113823860,false,מילוקה סקין קר - סקראב ניקוי לפנים,ANCOROTTI MILUCCA,IT,COFFEE SCRUB PLEASE סקראב ניקוי לפנים פילינג מועשר בפולי קפה ותמצית אננס,,0.00,0.00,false,1.00,39.90,0.00,true,0,
7290113823877,false,מילוקה סקין קר - פרש אנד מאט סטיק,ANCOROTTI MILUCCA,IT,JUST IN PRIME MATT T ZONE פריימר מאט לאזור ה-T,,0.00,100.00,false,1.00,39.90,0.01,true,0,
7290113823884,false,מילוקה סקין קר - פריימר סטיק,ANCOROTTI MILUCCA,IT,CREAM WE GO קרם ופריימר עם חומצה היאלרונית,,0.00,0.00,false,1.00,39.90,0.00,true,0,
7290113823914,false,לייף אול אין חטיף חלבון שוקולד לבן עוגיו,מדיטרנד,NL,ALL IN חטיף חלבון בטעם שוקולד לבן עוגיות,,0.00,100.00,false,1.00,13.90,0.00,true,0,
7290113823921,false,לייף אול אין חטיף חלבון קשיו קרמל 60 גרם,מדיטרנד,NL,ALL IN חטיף חלבון בטעם קשיו קרמל,,0.00,100.00,false,1.00,13.90,0.00,true,0,
7290113824409,false,לייף אול אין חטיף חלבון 100 שוקולד ציפס,מדיטרנד,NL,ALL IN חטיף חלבון - שוקולד צ'יפס,,0.00,0.00,false,1.00,17.90,0.17,true,0,
7290113824416,false,לייף מגבונים NATURAL לתינוק 100 יח דיספנ,עלבד,IL,מגבוני נטורל לתינוק באריזת דיספנסר,,0.00,0.00,false,1.00,12.90,0.12,true,0,
7290113825505,false,לייף מ.הגנה 50+ 200 מל ילדים ספריי תחליב,אמיליה קוסמטיקס,,KIDS ספריי תחליבי לילדים לעור רגיש +SPF50,,0.00,100.00,false,1.00,44.90,0.00,true,0,
7290113825703,false,לייף מוצץ לתינוקות שפחות רוצים מוצץ-כחול,איתן,CN,מוצץ לתינוקות שפחות רוצים מוצץ - 0-6 חודשים,,0.00,0.00,false,1.00,34.90,0.00,true,0,
7290113825710,false,לייף מוצץ לתינוקות שפחות רוצים מוצץ-ורוד,איתן,CN,מוצץ לתינוקות שפחות רוצים מוצץ - 0-6 חודשים,,0.00,0.00,false,1.00,34.90,0.00,true,0,
7290113825727,false,לייף בייביז מוצץ גומי טבעי 6-18 שלב 2,איתן,DE,מוצץ גומי טבעי 6-18 שלב 2,,0.00,0.00,false,1.00,14.90,0.00,true,0,
7290113825734,false,לייף בייביז מוצץ גומי טבעי 0-6 שלב 1,איתן,DE,מוצץ גומי טבעי 0-6 שלב 1,,0.00,0.00,false,1.00,14.90,0.00,true,0,
7290113825987,false,לייף זוג מוצצים 6-18 AIRFLOW זוהר חלל,לייף,CN,מוצצים 6-18 AIRFLOW זוהר בחושך חלל,,0.00,0.00,false,1.00,29.90,0.00,true,0,
7290113825994,false,לייף זוג מוצצים 6-18 AIRFLOW זוהר דביבון,לייף,CN,מוצצים 6-18 AIRFLOW זוהר בחושך דביבון,,0.00,0.00,false,1.00,29.90,0.00,true,0,
7290113826007,false,לייף זוג מוצצים 6-18 AIRFLOW ורוד גיבורי,לייף,CN,מוצצים 6-18 AIRFLOW ורוד גיבורי על,,0.00,0.00,false,1.00,29.90,0.00,true,0,
7290113826014,false,לייף זוג מוצצים 6-18 AIRFLOW כחול גיבורי,לייף,CN,מוצצים 6-18 AIRFLOW כחול גיבורי על,,0.00,0.00,false,1.00,29.90,0.00,true,0,
7290113826021,false,לייף זוג מוצצים 0-6 AIRFLOW ורוד שועל,לייף,CN,מוצצים 0-6 AIRFLOW ורוד שועל,,0.00,0.00,false,1.00,29.90,0.00,true,0,
7290113826038,false,לייף זוג מוצצים 0-6 AIRFLOW כחול דב,לייף,CN,מוצצים 0-6 AIRFLOW כחול דב,,0.00,0.00,false,1.00,29.90,0.00,true,0,
7290113826205,false,לייף מגבונים מועשרים בחמאת שיאה 100 יחיד,עלבד,IL,מגבונים מועשרים בחמאת שיאה אריזת דיספנסר,,0.00,0.00,false,1.00,12.90,0.12,true,0,
7290113826250,false,סאנדיי זוג מגבונים לחים לניקוי הרצפה,General,,מטליות לחות לניקוי הרצפה,,0.00,0.00,false,1.00,17.90,0.00,true,0,
7290113826335,false,לייף וולנס עוגיות שוקולד ציפס חיטה ושיבו,לייף,IL,עוגיות דגנים עם חיטה מלאה ושיבולת שועל בתוספת שברי שוקולד מריר,,0.00,0.00,false,1.00,10.90,0.00,true,0,
7290113827837,false,לייף 2 טבליות שמנים ארומטיים,PROSEEKERS LIFE,CN,טבליות שמנים ארומטיים מחומרים טבעיים בלבד,,0.00,0.00,false,1.00,19.90,0.00,true,0,
7290113827844,false,לייף קליפס עם טבליית שמנים TO GO,PROSEEKERS LIFE,CN,קליפס עם טבליית שמנים ארומטיים מחומרים טבעיים בלבד TO GO,,0.00,0.00,false,1.00,29.90,0.00,true,0,
7290113827851,false,לייף צמיד עם טבליית שמנים - בנים,PROSEEKERS LIFE,CN,צמיד עם טבליית שמנים ארומטיים מחומרים טבעיים בלבד בנים,,0.00,0.00,false,1.00,29.90,0.00,true,0,
7290113827868,false,לייף צמיד עם טבליית שמנים - בנות,PROSEEKERS LIFE,CN,צמיד עם טבליית שמנים ארומטיים מחומרים טבעיים בלבד בנות,,0.00,0.00,false,1.00,29.90,0.00,true,0,
7290113827875,false,לייף צמיד עם טבליות שמנים מבוגרים יוניסק,PROSEEKERS LIFE,CN,צמיד עם טבליית שמנים ארומטיים מחומרים טבעיים בלבד מבוגרים יוניסקס,,0.00,0.00,false,1.00,29.90,0.00,true,0,
7290113829329,false,לייף משחת שיניים לילדים הנסיכה סופיה 2-6,זר הייטק,IT,משחת שיניים לילדים הנסיכה סופיה לגילאי 2-6,,0.00,100.00,false,1.00,7.90,0.00,true,0,
7290113829367,false,לייף משחת שיניים לילדים סמי הכבאי 2-6,זר הייטק,IT,Dental משחת שיניים לילדים לגילאי 2-6 - סמי הכבאי,,0.00,100.00,false,1.00,7.90,0.00,true,0,
7290113829435,false,סאפורה קוביות וופלים במילוי קרם אגוזים,General,IL,וופלים במילוי קרם אגוזי לוז,,0.00,100.00,false,1.00,9.90,0.00,true,0,
7290113829466,false,לייף קידס סבון מוס מיכל הקטנה 200 מל,סאסא-טק,IL,מוס רחצה מיכל הקטנה,,0.00,100.00,false,1.00,11.90,0.00,true,0,
7290113829480,false,לייף אול אין חטיף חלבון דאבל שוקולד 60 ג,מדיטרנד,NL,ALL IN חטיף חלבון בטעם דאבל שוקולד,,0.00,100.00,false,1.00,13.90,0.00,true,0,
7290113829497,false,לייף אול אין חטיף חלבון בוטנים קרמל 60 ג,מדיטרנד,NL,ALL IN חטיף חלבון בטעם בוטנים קרמל,,0.00,100.00,false,1.00,13.90,0.00,true,0,
7290113829589,false,לייף בייביז בקבוק הזנה 330 תכלת ללא בסיס,איתן,,"בקבוק לתינוק 330 מ""ל תכלת ללא בסיס מתברג",,0.00,0.00,false,1.00,34.90,0.00,true,0,
7290113829596,false,לייף בייביז בקבוק הזנה 330 ורוד ללא בסיס,איתן,,"בקבוק לתינוק 330 מ""ל ללא בסיס מתברג",,0.00,0.00,false,1.00,34.90,0.00,true,0,
7290113829817,false,לייף בייביז קופסא לשני מוצצים לבן,PROSEEKERS LIFE,,קופסא לשני מוצצים לבן,,0.00,0.00,false,1.00,24.90,24.90,true,0,
7290113829824,false,לייף בייביז קופסא לשני מוצצים שחור,PROSEEKERS LIFE,IL,קופסא לשני מוצצים שחור,,0.00,0.00,false,1.00,24.90,24.90,true,0,
7290113829879,false,לייף בייביז מתלה לעגלה,איתן,CN,מתלה לעגלה,,0.00,0.00,false,1.00,24.90,24.90,true,0,
7290113829886,false,לייף בייביז נשכן שרשרת,General,CN,נשכן שרשרת,,0.00,0.00,false,1.00,29.90,29.90,true,0,
7290113829893,false,לייף בייביז כפיות מגיל 6+,ויטאל בייבי,,כפיות לתינוק מגיל 6 חודשים,,0.00,0.00,false,1.00,19.90,0.00,true,0,
7290113829909,false,לייף בייביז סט סכום ורוד,ויטאל בייבי,,סט סכום ורוד לתינוק,,0.00,0.00,false,1.00,21.90,0.00,true,0,
7290113829916,false,לייף בייביז סט סכום כחול,ויטאל בייבי,,סט סכום כחול לתינוק,,0.00,0.00,false,1.00,21.90,0.00,true,0,
7290113829923,false,לייף בייביז סט קערה עם כפית ורוד,ויטאל בייבי,,סט קערה עם כפית ורוד לתינוק,,0.00,0.00,false,1.00,29.90,0.00,true,0,
7290113829930,false,לייף בייביז סט קערה עם כפית כחול,ויטאל בייבי,,סט קערה עם כפית כחול לתינוק,,0.00,0.00,false,1.00,29.90,0.00,true,0,
7290113829954,false,לייף בייביז ברווזים לאמבטיה שלישייה,ויטאל בייבי,,ברווז גומי לאמבטיה שלישיה,,0.00,0.00,false,1.00,14.90,0.00,true,0,
7290113829961,false,לייף בייביז אספירטור ומזרק לתרופה,ויטאל בייבי,,אספירטור ומזרק לתרופה לתינוק,,0.00,0.00,false,1.00,24.90,0.00,true,0,
7290113829978,false,לייף בייביז מברשת ומסרק ורוד,ויטאל בייבי,,מברשת ומסרק לתינוק ורוד לתינוק,,0.00,0.00,false,1.00,19.90,0.00,true,0,
7290113829985,false,לייף בייביז מברשת ומסרק כחול,ויטאל בייבי,,מברשת ומסרק לתינוק כחול לתינוק,,0.00,0.00,false,1.00,19.90,0.00,true,0,
7290113829992,false,לייף בייביז מברשת לבקבוק ורוד,ויטאל בייבי,,מברשת לבקבוק ורוד לתינוק,,0.00,0.00,false,1.00,23.90,0.00,true,0,
7290113830059,false,לייף גל היגייני בניחוח רענן 200 מל,General,IL,אלכוהול ג'ל לשמירה על היגיינת הידיים 70% אלכוהול,,0.00,100.00,false,1.00,16.90,0.00,true,0,
7290113830080,false,לייף וולנס חטיפי קרקר סוכר חום וקינמון,לייף,,קרקר חטיפי קרקר עם סוכר חום וקינמון,,0.00,100.00,false,1.00,9.90,0.00,true,0,
7290113830097,false,לייף וולנס חטיפי קרקר בטעם טבעי,לייף,IT,קרקר חטיפי קרקר בטעם טבעי,,0.00,100.00,false,1.00,9.90,0.00,true,0,
7290113830158,false,לייף שפופרת גל היגייני מועשר בלבנדר 100,General,IL,שפופרת ג'ל היגייני מועשר בלבנדר,,0.00,0.00,false,1.00,8.90,0.08,true,0,
7290113830196,false,דאו סטיק אנטי פרספירנט לבנדר מרווה 50 מל,אמיליה קוסמטיקס,,דאו סטיק אנטי פרספירנט לבנדר מרווה לאשה,,0.00,100.00,false,1.00,9.90,0.00,true,0,
7290113830202,false,דאו סטיק אנטי פרספירנט ילנג וקלנדו 50 מל,אמיליה קוסמטיקס,IL,דאו סטיק אנטי פרספירנט ילנג וקלנדולה לאשה,,0.00,100.00,false,1.00,9.90,0.00,true,0,
7290113830219,false,דאו סטיק ללא אלומיניום במבוק ומלפפ 50 מל,אמיליה קוסמטיקס,IL,דאו סטיק ללא אלומיניום במבוק ומלפפון לאשה,,0.00,100.00,false,1.00,9.90,0.00,true,0,
7290113830226,false,דאו רול און במבוק אלוורה 60 מל נשים ללא,לייף,IL,דאודורנט רול און לנשים ללא אלומיניום במבוק אלוורה,,0.00,100.00,false,1.00,9.90,0.00,true,0,
7290113830233,false,דאו רול און לבנדר מרווה 60 מל נשים אנטי,לייף,IL,דאודורנט רול און לנשים אנטי פרספירנט לבנדר מרווה,,0.00,100.00,false,1.00,9.90,0.00,true,0,
7290113830240,false,דאו רול און ילנג ילנג 60 מל נשים אנטי פר,לייף,IL,דאודורנט רול און לנשים אנטי פרספירנט ילנג ילנג וקלנדולה,,0.00,100.00,false,1.00,9.90,0.00,true,0,
7290113830295,false,לייף בייביז סדין למיטת תינוק לבן כוכבים,מיננה,BE,לייף בייביז סדין למיטת תינוק לבן כוכבים,,0.00,0.00,false,1.00,44.90,44.90,true,0,
7290113830301,false,לייף בייביז סדין לעגלה אפור בהיר עם איור,מיננה,BE,לייף בייביז סדין לעגלה אפור מלאנז' בהיר עם איורים,,0.00,0.00,false,1.00,29.90,29.90,true,0,
7290113830318,false,בייביז ריפודית לעגלה צבע שחור מודפס,לייף,CN,בייביז ריפודית לעגלה - צבע שחור עם הדפס לבן,,0.00,0.00,false,1.00,49.90,49.90,true,0,
7290113830325,false,לייף בייביז שישיית חיתולי טטרה ורוד 2020,מיננה,BE,בייביז חיתולי טטרה ורוד,,0.00,0.00,false,1.00,42.90,42.90,true,0,
7290113830332,false,לייף בייביז שישיית חיתולי טטרה כחול 20,General,CN,בייביז חיתולי טטרה כחול,,0.00,0.00,false,1.00,42.90,7.15,true,0,
7290113830349,false,לייף בייביז שליישית חיתולי פלנל כחול 20,General,CN,בייביז חיתולי פלנל כחול,,0.00,0.00,false,1.00,37.90,12.63,true,0,
7290113830356,false,לייף בייביז שלישיית חיתולי פלנל ורוד2020,מיננה,BE,בייביז חיתולי פלנל ורוד,,0.00,0.00,false,1.00,37.90,37.90,true,0,
7290113830363,false,סאנדיי ספריי לניקוי וחיטוי 99.9% 750 מל,סאסא-טק,IL,ספריי מנקה ומחטא משטחים וחיטוי 99.9%,,0.00,100.00,false,1.00,14.90,0.00,true,0,
7290113830561,false,לייף קידס שמפו מיקי שפופרת 100 מל,ארמן,IL,שמפו מיקי שפופרת,,0.00,0.00,false,1.00,6.90,0.06,true,0,
7290113830585,false,סאנדיי ספריי לניקוי וחיטוי 70% TO GO,שוורץ,IL,ספריי לניקוי וחיטוי משטחים 70% אלכוהול TO GO,,0.00,100.00,false,1.00,12.90,0.00,true,0,
7290113830660,false,מיני פריכיות אורגניות עם בזיליקום ללא גל,פרח,,מיני פריכיות אורגניות תירס בתיבול בזיליקום ועגבניות,,0.00,100.00,false,1.00,5.90,0.00,true,0,
7290113830677,false,לייף מארז טישו פוקט במבו 8 יח 4 שכבות,לייף,CN,טישו פוקט במבו,,0.00,0.00,false,1.00,8.90,1.11,true,0,
7290113830851,false,לייף טישו במבו קופסה 100 יח,לייף,CN,טישו במבו קופסה,,0.00,0.00,false,1.00,9.90,0.09,true,0,
7290113830936,false,לייף קידס בקבוק טריטן 500 מל-עיצובי קיץ,שמחה זה אנחנו,CN,KIDS בקבוק טריטן - עיצובי קיץ,,0.00,0.00,false,1.00,26.90,0.00,true,0,
7290113830943,false,לייף קידס בקבוק טריטן 500 מל-עיצובי חלל,שמחה זה אנחנו,CN,KIDS בקבוק טריטן - עיצובי חלל,,0.00,0.00,false,1.00,26.90,0.00,true,0,
7290113830950,false,לייף קידס בקבוק טריטן 500 מל-עיצובי פלמי,שמחה זה אנחנו,CN,KIDS בקבוק טריטן - עיצובי פלמינגו,,0.00,0.00,false,1.00,26.90,0.00,true,0,
7290113830967,false,לייף קידס בקבוק טריטן 500 מל-עיצובי מטוס,שמחה זה אנחנו,CN,KIDS בקבוק טריטן - עיצובי מטוסים,,0.00,0.00,false,1.00,26.90,0.00,true,0,
7290113840027,false,לייף דאו ספריי לבנדר מרווה לנשים,לייף,IL,דאודורנט ספריי לבנדר מרווה לנשים,,0.00,100.00,false,1.00,9.90,0.00,true,0,
7290113840034,false,לייף דאו ספריי ילנג ילנג קלנדולה לנשים,לייף,IL,דאודורנט ספריי ילנג ילנג קלנדולה לנשים,,0.00,100.00,false,1.00,9.90,0.00,true,0,
7290113840041,false,לייף דאו ספריי ללא אלומיניום אלוורה לנשי,לייף,IL,דאודורנט ספריי ללא אלומיניום אלוורה לנשים,,0.00,100.00,false,1.00,9.90,0.00,true,0,
7290113840065,false,לייף דאודורנט ספריי COOL ENERGY לגבר,לייף,,דאודורנט ספריי COOL ENERGY לגבר,,0.00,100.00,false,1.00,9.90,0.00,true,0,
7290113840072,false,לייף דאודורנט ספריי DARK ENERGY לגבר,לייף,,דאודורנט ספריי DARK ENERGY לגבר,,0.00,100.00,false,1.00,9.90,0.00,true,0,
7290113840102,false,סו.קו-מארז גוואשה אבני עיסוי רוז קווארץ,General,CN,מארז גוואשה אבני עיסוי רוז קווארץ,,0.00,0.00,false,1.00,99.00,0.00,true,0,
7290113840294,false,לייף מדבקות אף בשני שלבים,זר הייטק,KR,מדבקות לניקוי והרגעת נקבוביות העור,,0.00,0.00,false,1.00,29.90,0.00,true,0,
7290113840379,false,לייף דאו רול און לגבר FRESH ENERGY,סאסא-טק,IL,דאודורנט רול און לגבר FRESH ENERGY,,0.00,100.00,false,1.00,9.90,0.00,true,0,
7290113840386,false,לייף דאו רול און לגבר LIGHT ENERGY,סאסא-טק,IL,דאודורנט רול און לגבר LIGHT ENERGY,,0.00,100.00,false,1.00,9.90,0.00,true,0,
7290113840430,false,לייף צמיד עם טבליות שמנים מבוגרים יוניסק,PROSEEKERS LIFE,CN,צמיד עם טבליית שמנים ארומטיים מחומרים טבעיים בלבד מבוגרים יוניסקס,,0.00,0.00,false,1.00,29.90,0.00,true,0,
7290113840461,false,לייף קליפס עם טבליית שמנים TO GO,PROSEEKERS LIFE,CN,קליפס עם טבליית שמנים ארומטיים מחומרים טבעיים בלבד TO GO,,0.00,0.00,false,1.00,24.90,0.00,true,0,
7290113840478,false,לייף 2 טבליות שמנים ארומטיים,PROSEEKERS LIFE,CN,טבליות שמנים ארומטיים מחומרים טבעיים בלבד,,0.00,0.00,false,1.00,14.90,0.00,true,0,
7290113840614,false,לייף סינרים חד-פעמיים 20 יחידות,איתן,,סינרים חד פעמיים לתינוק,,0.00,0.00,false,1.00,24.90,1.24,true,0,
7290113840638,false,ביו פלסטיק זוג מברשות שיניים,טריזה,CH,מברשות שיניים אקולוגיות ביו פלסטיק,,0.00,0.00,false,1.00,21.90,0.00,true,0,
7290113840652,false,לייף וולנס חטיף בוטנים שקדים תפוח דבש*5,ספץ תעשיות,IL,חטיף שקדים תפוח צימוקים בוטנים דבש וקינמון,,0.00,0.00,false,1.00,13.90,0.00,true,0,
7290113840676,false,לייף מגבונים מועשרים בחמאת שיאה 100 יחיד,עלבד,IL,מגבונים מועשרים בחמאת שיאה אריזת דיספנסר,,0.00,0.00,false,1.00,12.90,0.12,true,0,
7290113840768,false,לייף מארז 5 טישו במבו בתוספת לחות 40 יח,לייף,CN,במבו טישו בתוספת לחות,,0.00,0.00,false,1.00,14.90,2.98,true,0,
7290113840867,false,לייף תחליב באלם 150 מל,שיק תעשיות תמרוקים,,MEN תחליב לחות מבושם לאחר הגילוח,,0.00,100.00,false,1.00,18.90,0.00,true,0,
7290113850026,false,לייף מי פה לילדים תות גילאי 6+ 250 מל,ח.נ.ה,ES,מי פה לילדים תות גילאי 6+,,0.00,100.00,false,1.00,13.90,0.00,true,0,
7290113850088,false,לייף וולנס גרנולה שוקולד מריר חמוציות400,אפקטבעי,IL,גרנולה עם שוקולד מריר וחמוציות,,0.00,100.00,false,1.00,14.90,0.00,true,0,
7290113850095,false,לייף וולנס גרנולה חלווה וקשיו 400 גרם,אפקטבעי,IL,גרנולה עם חלווה ואגוזי קשיו,,0.00,100.00,false,1.00,14.90,0.00,true,0,
7290113850118,false,לייף וולנס חטיף גרנולה קראנץ חלבה שישייה,אפקטבעי,IL,חטיף גרנולה קראנצ' עם דגנים מלאים וחלבה,,0.00,0.00,false,1.00,13.90,0.00,true,0,
7290113850125,false,לייף וולנס חטיף גרנולה קראנץ שוקולד שישי,אפקטבעי,IL,קראנצ' חטיפי גרנולה דגנים ונטיפי שוקולד מריר,,0.00,0.00,false,1.00,13.90,0.00,true,0,
7290113850132,false,לייף קידס חיתולי לילה 10 יחידות M,ONTEX,,תחתונים להרטבת לילה לילדים בוגרים M,,0.00,0.00,false,1.00,29.90,2.99,true,0,
7290113850149,false,לייף קידס חיתולי לילה 9 יחידות L,ONTEX,BE,תחתונים להרטבת לילה לילדים בוגרים L,,0.00,0.00,false,1.00,29.90,3.32,true,0,
7290113850170,false,לייף טישו קוביה 56 יח סימבה טרופי ירוק,לייף,IL,ממחטות נייר רכות במיוחד תלת-שכבתיות סימבה טרופי ירוק,,0.00,0.00,false,1.00,6.90,0.12,true,0,
7290113850187,false,לייף טישו קוביה 56 יח סימבה מנומר WILD,לייף,IL,ממחטות נייר רכות במיוחד תלת-שכבתיות סימבה מנומר WILD,,0.00,0.00,false,1.00,5.00,0.08,true,0,
7290113850200,false,לייף מסכות פנים - מארז 50 יח- צבע כחול,לייף,,מסכות פנים הגייניות,,0.00,0.00,false,1.00,12.90,0.25,true,0,
7290113850699,false,לייף גל אלכוהול 70% כדורגל 30 מל,אמיליה קוסמטיקס,IL,ג'ל אלכוהול 70% כדורגל באריזת סיליקון נתלה על התיק,,0.00,100.00,false,1.00,6.90,0.00,true,0,
7290113850781,false,לייף סט 3 בגד גוף אפור 3-6 קיץ 21,מיננה,CN,סט בגד גוף אפור 3-6 קיץ 21,,0.00,0.00,false,1.00,59.90,19.96,true,0,
7290113850804,false,לייף סט 3 בגד גוף ורוד 0-3 קיץ 21,מיננה,CN,סט בגד גוף ורוד 0-3 קיץ 21,,0.00,0.00,false,1.00,59.90,19.96,true,0,
7290113850828,false,לייף סט 3 בגד גוף ורוד 6-12 קיץ 21,מיננה,CN,סט בגד גוף ורוד 6-12 קיץ 21,,0.00,0.00,false,1.00,59.90,19.96,true,0,
7290113850842,false,לייף סט 3 מכנסיים אפור 3-6 קיץ 21,מיננה,CN,סט מכנסיים אפור 3-6 קיץ 21,,0.00,0.00,false,1.00,42.90,14.30,true,0,
7290113850873,false,לייף סט 3 מכנסיים ורוד 3-6 קיץ 21,מיננה,CN,סט מכנסיים ורוד 3-6 קיץ 21,,0.00,0.00,false,1.00,42.90,14.30,true,0,
7290113850880,false,לייף סט 3 מכנסיים ורוד 6-12 קיץ 21,מיננה,CN,סט מכנסיים ורוד 6-12 קיץ 21,,0.00,0.00,false,1.00,42.90,14.30,true,0,
7290113850903,false,לייף זוג אוברול משבצות אפור 3-6 קיץ 21,מיננה,CN,אוברול משבצות אפור 3-6 קיץ 21,,0.00,0.00,false,1.00,59.90,29.95,true,0,
7290113850910,false,לייף זוג אוברול משבצות אפור 6-12 קיץ 21,מיננה,CN,אוברול משבצות אפור 6-12 קיץ 21,,0.00,0.00,false,1.00,59.90,29.95,true,0,
7290113850941,false,לייף זוג אוברול שמנת מנומר 6-12 קיץ 21,מיננה,CN,אוברול שמנת מנומר 6-12 קיץ 21,,0.00,0.00,false,1.00,59.90,29.95,true,0,
7290113850958,false,לייף בייביז כובע גינס כחול 0-6 קיץ 21,מיננה,CN,כובע ג'ינס כחול 0-6 קיץ,,0.00,0.00,false,1.00,24.90,24.90,true,0,
7290113850965,false,לייף בייביז כובע גינס כחול 6-12 קיץ 21,מיננה,CN,כובע ג'ינס כחול 6-12 קיץ,,0.00,0.00,false,1.00,24.90,24.90,true,0,
7290113850972,false,לייף בייביז כובע ורוד מנומר 0-6 קיץ 21,מיננה,CN,כובע ורוד מנומר 0-6 קיץ,,0.00,0.00,false,1.00,24.90,24.90,true,0,
7290113850989,false,לייף בייביז כובע ורוד מנומר 6-12 קיץ 21,מיננה,CN,כובע ורוד מנומר 6-12 קיץ,,0.00,0.00,false,1.00,24.90,24.90,true,0,
7290113860148,false,לייף פרימיום חיתולים מיני 2 24 יחידות,General,CN,חיתולים פרימיום מיני מידה 2,,0.00,0.00,false,1.00,19.90,0.82,true,0,
7290113860155,false,לייף פרימיום חיתולים מידי 3 23 יחידות,ONTEX,CN,חיתולים פרימיום מידי מידה 3,,0.00,0.00,false,1.00,19.90,0.86,true,0,
7290113860162,false,לייף פרימיום חיתולים מקסי 4 21 יחידות,ONTEX,CN,חיתולים פרימיום מקסי מידה 4,,0.00,0.00,false,1.00,19.90,0.94,true,0,
7290113860179,false,לייף פרימיום חיתולים גוניור 5 21 יחידות,ONTEX,CN,חיתולים פרימיום ג'וניור מידה 5,,0.00,0.00,false,1.00,19.90,0.94,true,0,
7290113860285,false,סו.קו כיסוי עיניים,General,CN,כיסוי עיניים,,0.00,0.00,false,1.00,24.90,0.00,true,0,
7290113860315,false,לייף וולנס אגוזים קלויים וגרגירי חומוס50,לייף,GR,"TO GO תערובת שקדים, גרגירי חומוס, בוטנים ואגוזי קשיו קלויים",,0.00,100.00,false,1.00,5.90,0.00,true,0,
7290113860322,false,וולנס חטיף דגנים עם תפוח עץ וחמוציות שיש,ספץ תעשיות,MK,חטיף דגנים עם תפוח עץ וחמוציות,,0.00,0.00,false,1.00,13.90,2.31,true,0,
7290113860346,false,לייף קידס LOL אלסבון 700 מל,ארמן,IL,אל סבון לגוףLOL,,0.00,100.00,false,1.00,13.90,0.00,true,0,
7290113860353,false,לייף קידס LOL מרכך לסירוק קל 700 מל,ארמן,IL,מרכך לסירוק קל LOL,,0.00,100.00,false,1.00,13.90,0.00,true,0,
7290113860360,false,לייף קידס LOL שמפו לסירוק קל 700 מל,ארמן,IL,שמפו לסירוק קל LOL,,0.00,100.00,false,1.00,13.90,0.00,true,0,
7290113860391,false,לייף קידס חטיף ממולא בקרם שקדים ובטעם תפ,לפ קוצ`ינה דזיין בעמ***,IL,חטיף ממולא בקרם שקדים ובטעם תפוח,,0.00,100.00,false,1.00,4.90,0.00,true,0,
7290113860407,false,לייף קידס חטיף ממולא בקרם שקדים ובטעם בנ,לייף,IL,חטיף ממולא בקרם שקדים ובטעם בננה,,0.00,100.00,false,1.00,4.90,0.00,true,0,
7290113860605,false,לייף וולנס חטיף דגנים מלאים במילוי שוקול,General,IL,חטיף דגנים מלאים בציפוי חמאת בוטנים ובמילוי קרם בטעם שוקולד,,0.00,100.00,false,1.00,3.90,0.00,true,0,
7290113860612,false,לייף בייביז שמפו להזנת העור 1 ליטר,לייף,IL,שמפו לעור רגיש להזנת העור,,0.00,1.00,false,1.00,19.90,19.90,true,0,
7290113860629,false,לייף בייביז אלסבון להזנת העור 1 ליטר,לייף,IL,אל-סבון לעור רגיש,,0.00,1.00,false,1.00,19.90,19.90,true,0,
7290113860636,false,לייף בייביז שמפו ואלסבון להזנת העור 1 לי,לייף,IL,שמפו ואלסבון לעור רגיש להזנת העור,,0.00,1.00,false,1.00,19.90,19.90,true,0,
7290113860643,false,לייף בייביז שמפו להזנת העור 750 מל,לייף,IL,שמפו אל-דמע להזנת העור,,0.00,100.00,false,1.00,16.90,0.00,true,0,
7290113860650,false,לייף בייביז תחליב רחצה להזנת העור 750 מל,לייף,IL,תחליב רחצה מועשר בלחות,,0.00,100.00,false,1.00,16.90,0.00,true,0,
7290113860667,false,לייף בייביז תחליב גוף להזנת העור 400 מל,טחנות ישראליות בעמ,IL,תחליב גוף לעור רגיש,,0.00,100.00,false,1.00,22.90,0.00,true,0,
7290113860674,false,לייף בייביז שמפו להרגעת העור 1 ליטר,טחנות ישראליות בעמ,IL,שמפו להרגעת העור,,0.00,1.00,false,1.00,19.90,19.90,true,0,
7290113860681,false,לייף בייביז אלסבון להרגעת העור 1 ליטר,טחנות ישראליות בעמ,IL,אל-סבון לעור רגיש,,0.00,1.00,false,1.00,19.90,19.90,true,0,
7290113860698,false,לייף בייביז שמפו וסבון יחדיו להרגעת העור,טחנות ישראליות בעמ,IL,שמפו וסבון יחדיו להרגעת העור,,0.00,1.00,false,1.00,19.90,19.90,true,0,
7290113860704,false,לייף בייביז אלסבון להרגעת העור 750 מל,לייף,IL,אל סבון לפני השינה,,0.00,100.00,false,1.00,16.90,0.00,true,0,
7290113860711,false,לייף בייביז שמפו אל-דמע להרגעת העור 750,לייף,IL,שמפו אל-דמע להרגעת העור מועשר בצמחים,,0.00,100.00,false,1.00,16.90,0.00,true,0,
7290113860728,false,לייף בייביז תחליב רחצה להרגעת העור 750,לייף,IL,תחליב רחצה מועשר בלחות,,0.00,100.00,false,1.00,16.90,0.00,true,0,
7290113860742,false,"קמח כוסמין מלא 100% 1ק""ג ישראליות",טחנות ישראליות בעמ,IL,דאודורנט סטיק לגבר RELAXED,,0.00,100.00,false,1.00,9.90,0.00,true,0,
7290113860759,false,לייף דאודורנט סטיק לגבר NATURAL,אמיליה קוסמטיקס,IL,דאודורנט סטיק לגבר NATURAL,,0.00,100.00,false,1.00,9.90,0.00,true,0,
7290113860766,false,לייף סינרים חד-פעמיים מיקי מאוס 20 יחידו,לייף,CN,סינרים חד-פעמיים מיקי מאוס,,0.00,0.00,false,1.00,26.90,1.34,true,0,
7290113860797,false,לייף וולנס חטיף דגנים במילוי חלבה,General,IL,חטיף דגנים מלאים בציפוי חמאת בוטנים ובמילוי קרם בטעם חלבה,,0.00,0.00,false,1.00,2.90,0.00,true,0,
7290113860803,false,וולנס חטיף שבולת שועל חמוציות וגר.דלעת*4,ספץ תעשיות,MK,"חטיף שיבולת שועל, חמוציות וגרעיני דלעת",,0.00,0.00,false,1.00,11.90,2.97,true,0,
7290113860810,false,וולנס חטיף שבולת שועל ושוקולד *4,ספץ תעשיות,MK,חטיף שיבולת שועל ושוקולד,,0.00,0.00,false,1.00,11.90,2.97,true,0,
7290113860834,false,לייף וולנס חטיף דגנים מלאים במילוי ק.שקד,General,IL,חטיף דגנים מלאים בציפוי חמאת בוטנים ובמילוי קרם שקדים,,0.00,100.00,false,1.00,3.90,0.00,true,0,
7290113860872,false,לייף וולנס עוגיות מלוחות בטעם בצל עם שמן,לייף,IL,עוגיות מלוחות בטעם בצל עם שמן זית,,0.00,100.00,false,1.00,4.90,0.00,true,0,
7290113860889,false,לייף וולנס עוגיות מלוחות עם שמן זית 80 ג,לייף,IL,עוגיות מלוחות עם שמן זית,,0.00,100.00,false,1.00,4.90,0.00,true,0,
7290113870260,false,סאנדיי נייר אפייה חום אקולוגי מתכלה 50יח,לייף,PL,נייר אפייה חום אקולוגי 100% מתכלה,,0.00,0.00,false,1.00,11.90,0.23,true,0,
7290113870291,false,לייף וולנס אגוזי מלך קלופים חצויים 50 גר,לייף,MK,אגוזי מלך קלופים חצויים,,0.00,100.00,false,1.00,5.90,0.00,true,0,
7290113870314,false,לייף גל אלוורה שפופרת 200 מל,סאסא-טק,IL,ג'ל אלוורה להרגעת העור אחרי שיזוף,,0.00,100.00,false,1.00,17.90,0.00,true,0,
7290113870321,false,לייף מ.הגנה 50 300 מל ספריי שקוף,אמיליה קוסמטיקס,,ספריי שקוף לעור רגיש 50SPF,,0.00,100.00,false,1.00,49.90,0.00,true,0,
7290113870345,false,לייף מ.הגנה 50 200 מל ספריי שקוף ללא אוק,סאסא-טק,,ספריי שקוף לעור רגיש 50SPF,,0.00,100.00,false,1.00,39.90,0.00,true,0,
7290113870352,false,לייף מ.הגנה 50 200 מל ספריי שקוף לילדים,General,,ספריי שקוף לילדים לעור רגיש SPF50,,0.00,100.00,false,1.00,39.90,0.00,true,0,
7290113870376,false,לייף מ.הגנה 50 200 מל ספרי תחליב ללא אוק,General,,ספריי תחליבי לעור רגיש SPF50,,0.00,100.00,false,1.00,39.90,0.00,true,0,
7290113870390,false,לייף מ.הגנה 30 200 מל ספריי שקוף לעור רט,אמיליה קוסמטיקס,,ספריי שקוף לעור רטוב SPF30,,0.00,100.00,false,1.00,39.90,0.00,true,0,
7290113870406,false,לייף מ.הגנה 50 200 מל ספריי שקוף לילדים,אמיליה קוסמטיקס,,KIDS ספריי שקוף לילדים לעור רטוב,,0.00,100.00,false,1.00,39.90,0.00,true,0,
7290113870413,false,לייף מ.הגנה 50 200 מל ספריי קצף לילדים,General,,ספריי קצף לילדים לעור רגיש SPF50,,0.00,100.00,false,1.00,39.90,0.00,true,0,
7290113870444,false,לייף מ.הגנה 50+ מבוגר ספריי שקוף 200 מל,אמיליה קוסמטיקס,IL,ספריי שקוף לעור רגיש +SPF50,,0.00,100.00,false,1.00,44.90,0.00,true,0,
7290113870543,false,פריכיות תפוחי אדמה וירקות 50 גרם אורגני,לייף,IT,פריכיות תפוחי אדמה וירקות אורגניים ללא גלוטן,,0.00,100.00,false,1.00,6.90,0.00,true,0,
7290113870772,false,לייף דאו ספריי לגבר נטורל ללא אלומיניום,General,IL,דאודורנט ספריי NATURAL ללא אלומניום לגבר,,0.00,100.00,false,1.00,9.90,0.00,true,0,
7290113870789,false,לייף דאו רול און לגבר NATURAL ENERGY 75,סאסא-טק,IL,דאודורנט רול און לגבר NATURAL ENERGY,,0.00,100.00,false,1.00,9.90,0.00,true,0,
7290113870918,false,פריכיות אורז מלא בתוספת קצח 100 גרם,לייף,IL,פריכיות דקות אורז מלא וקצח,,0.00,0.00,false,1.00,6.90,0.06,true,0,
7290113870932,false,לייף מ.הגנה 50 120 מל מונע צריבת מדוזות,סאסא-טק,IL,תחליב הגנה SPF50 מונע צריבת מדוזות,,0.00,100.00,false,1.00,39.90,0.00,true,0,
7290113870949,false,לייף מ.הגנה 50+ תחליב פנים לתינוקות 60 מ,אמיליה קוסמטיקס,IL,BABYS תחליב פנים לתינוקות לעור רגיש +SPF50,,0.00,100.00,false,1.00,39.90,0.00,true,0,
7290113870956,false,לייף מ.הגנה 50+ תחליב פנים 60 מל,אמיליה קוסמטיקס,IL,תחליב פנים לעור רגיש +50SPF,,0.00,100.00,false,1.00,34.90,0.00,true,0,
7290113870963,false,לייף מ.הגנה 50+ תחליב פנים לילדים 60 מל,אמיליה קוסמטיקס,IL,KIDS תחליב פנים לילדים לעור רגיש +SPF50,,0.00,100.00,false,1.00,34.90,0.00,true,0,
7290113870970,false,לייף מ.הגנה 50+ תחליב לתינוקות 125 מל,אמיליה קוסמטיקס,IL,BABYS תחליב הגנה לתינוקות לעור רגיש +SPF50,,0.00,100.00,false,1.00,39.90,0.00,true,0,
7290113870994,false,לייף מ.הגנה 50+ תחליב לילדים 150 מל,אמיליה קוסמטיקס,IL,KIDS תחליב הגנה לילדים לעור רגיש +SPF50,,0.00,100.00,false,1.00,34.90,0.00,true,0,
7290113880009,false,לייף מ.הגנה 50 60 מל לפנים ללא אוקסביניז,General,IL,תחליב פנים לעור רגיש SPF50,,0.00,100.00,false,1.00,24.90,0.00,true,0,
7290113880030,false,לייף מ.הגנה 50 60 מל גל שקוף לפנים דיילי,סאסא-טק,IL,ג'ל פנים שקוף לשימוש יומיומי במרקם קליל במיוחד SPF50,,0.00,100.00,false,1.00,44.90,0.00,true,0,
7290113880047,false,לייף מ.הגנה 30 60 מל לפנים נטול שומן,אמיליה קוסמטיקס,IL,תחליב פנים נטול שומן לעור רגיש SPF30 עמיד במים,,0.00,100.00,false,1.00,24.90,0.00,true,0,
7290113880054,false,לייף מ.הגנה 50+ סטיק שקוף 50 מל לפנים ול,אמיליה קוסמטיקס,IL,סטיק הגנה שקוף לפנים ולגוף SPF+50 לעור רגיש,,0.00,100.00,false,1.00,39.90,0.00,true,0,
7290113880061,false,לייף מ.הגנה 30 100 מל ספריי תחליבי לילדי,General,IL,KIDS ספריי תחליבי כתום לעור רגיש SPF30 לילדים לעור רגיש,,0.00,0.00,false,1.00,19.90,0.19,true,0,
7290113880108,false,גון פרידה ווליום ליפט - שמפו מעניק נפח,General,FR,ווליום ליפט - שמפו מעניק נפח,,0.00,100.00,false,1.00,34.90,0.00,true,0,
7290113880115,false,גון פרידה ווליום ליפט - מרכך מעניק נפח,General,FR,ווליום ליפט - מרכך מעניק נפח,,0.00,100.00,false,1.00,34.90,0.00,true,0,
7290113880528,false,סו.קו רולר עיסוי דו ראשי,General,CN,רולר עיסוי דו ראשי,,0.00,0.00,false,1.00,69.90,0.00,true,0,
7290113880818,false,לייף קרם גוף אלוורה 200 מל 30 SPF,אמיליה קוסמטיקס,IL,PROTECTING & SOOTHING תחליב גוף מועשר באלוורה וקקטוס 30 SPF,,0.00,100.00,false,1.00,49.90,0.00,true,0,
7290113880825,false,לייף קרם יום אלוורה על בסיס מים,אמיליה קוסמטיקס,IL,HYDRATING & SOOTHING ג'ל לחות מרגיע לפנים מועשר באלוורה וקקטוס,,0.00,100.00,false,1.00,39.90,0.00,true,0,
7290113880832,false,לייף מסכת אלוורה SOS,אמיליה קוסמטיקס,IL,HYDRATING & REVITALIZING מסכת לחות מעוררת לפנים מועשרת באלוורה וקקטוס,,0.00,0.00,false,1.00,39.90,0.00,true,0,
7290113880887,false,סט 3 בגד גוף ספארי אפור 6-12 חורף 22,General,,סט בגד גוף ספארי אפור 6-12 חורף,,0.00,0.00,false,1.00,59.90,19.96,true,0,
7290113880900,false,סט 3 בגד גוף ספארי ורוד 3-6 חורף 22,General,,סט בגד גוף ספארי ורוד 3-6 חורף,,0.00,0.00,false,1.00,59.90,19.96,true,0,
7290113880917,false,סט 3 בגד גוף ספארי ורוד 6-12 חורף 22,General,,סט בגד גוף ספארי ורוד 6-12 חורף,,0.00,0.00,false,1.00,59.90,19.96,true,0,
7290113880931,false,סט 3 מכנסיים אפור 3-6 חורף 22,General,,סט מכנסיים אפור 3-6 חורף,,0.00,0.00,false,1.00,42.90,14.30,true,0,
7290113880948,false,סט 3 מכנסיים אפור 6-12 חורף 22,General,,סט מכנסיים אפור 6-12 חורף,,0.00,0.00,false,1.00,42.90,14.30,true,0,
7290113880962,false,סט 3 מכנסיים ורוד 3-6 חורף 22,General,,סט מכנסיים ורוד 3-6 חורף,,0.00,0.00,false,1.00,42.90,14.30,true,0,
7290113890039,false,זוג אוברול לבבות ורוד 6-12 חורף 22,General,,אוברול לבבות ורוד 6-12 חורף,,0.00,0.00,false,1.00,59.90,29.95,true,0,
7290113890046,false,כובע שחור כוכבים 0-6 חורף 22,ביו טכנולוגיה,,כובע שחור כוכבים 0-6 חורף,,0.00,0.00,false,1.00,24.90,24.90,true,0,
7290113890053,false,כובע שחור כוכבים 6-12 חורף 22,ביו טכנולוגיה,,כובע שחור כוכבים 6-12 חורף,,0.00,0.00,false,1.00,24.90,24.90,true,0,
7290113890060,false,שישיית חיתולי טטרה ספארי בצבע אבן חורף 2,ביו טכנולוגיה,,חיתולי טטרה ספארי בצבע אבן חורף,,0.00,0.00,false,1.00,42.90,7.15,true,0,
7290113890077,false,אוברול פליז שחור כוכבים 0-3 חורף 22,ביו טכנולוגיה,,אוברול פליז שחור כוכבים 0-3 חורף,,0.00,0.00,false,1.00,39.90,39.90,true,0,
7290113890084,false,אוברול פליז שחור כוכבים 3-6 חורף 22,ביו טכנולוגיה,,אוברול פליז שחור כוכבים 3-6 חורף,,0.00,0.00,false,1.00,39.90,39.90,true,0,
7290113890091,false,אוברול פליז שחור כוכבים 6-12 חורף 22,ביו טכנולוגיה,,אוברול פליז שחור כוכבים 6-12 חורף,,0.00,0.00,false,1.00,39.90,39.90,true,0,
7290113890107,false,לייף בייביז תיק עגלה לתינוק שחור,מיננה,IL,תיק עגלה לתינוק - שחור,,0.00,0.00,false,1.00,129.90,129.90,true,0,
7290113890114,false,לייף בייביז תיק עגלה לתינוק מנומר,מיננה,IL,תיק עגלה לתינוק - מנומר,,0.00,0.00,false,1.00,129.90,129.90,true,0,
7290113890268,false,פאפים חטיף דגנים בשקית - גזר וסלק,גלעם,IL,פאפים חטיף דגנים חיטה ושיבולת שועל בשקית בטעם גזר וסלק,,0.00,100.00,false,1.00,4.00,0.00,true,0,
7290113890299,false,סאנדיי 50 קפסולות כביסה ACTIVE POWER דו,לייף,IL,קפסולות ג'ל לכביסה ACTIVE POWER,,0.00,0.00,false,1.00,31.90,0.63,true,0,
7290113890367,false,לייף אול אין חטיף חלבון קשיו קרמל 60 גרם,מדיטרנד,NL,ALL IN חטיף חלבון בטעם קשיו קרמל,,0.00,100.00,false,1.00,13.90,0.00,true,0,
7290113890459,false,לייף בייביז כוס לחטיפים,ויטאל בייבי,CN,כוס לחטיפים,,0.00,0.00,false,1.00,29.90,0.00,true,0,
7290113890572,false,לייף זוג רצועות שעווה לגוף אלוורה 16,זר הייטק,IL,רצועות שעווה להסרת שיער מהגוף - אלוורה,,0.00,0.00,false,1.00,44.90,1.40,true,0,
7290113900509,false,לייף בייביז שלישייה סינר קשירה מיני מאוס,General,,סינר לתינוק עם קשירה מיני מאוס,,0.00,0.00,false,1.00,19.90,6.63,true,0,
7290113900646,false,סו.קו - זוג צילרים,General,CN,צ'ילרים המסייעים להזרמת הדם ולהענקת מראה עור זוהר ומלא חיים,,0.00,0.00,false,1.00,59.90,0.00,true,0,
7290113900684,false,סאנדיי מרכך כביסה מרוכז ורוד 1ל WONDERS,זוהר דליה,IL,מרכך כביסה מרוכז ורוד בניחוח פרחי ילנג רוז ואמבר,,0.00,1.00,false,1.00,14.90,14.90,true,0,
7290113900806,false,לייף בייביז שמיכת חודשי לידה עגולה,לייף,BE,שמיכת חודשי לידה עגולה - אינסטגרם,,0.00,0.00,false,1.00,39.90,39.90,true,0,
7290113900820,false,אפודה פליז שחור כוכבים 3-6 חורף 22,מיננה,CN,אפודה פליז שחור כוכבים 3-6 חורף,,0.00,0.00,false,1.00,34.90,0.00,true,0,
7290113900837,false,אפודה פליז שחור כוכבים 6-12 חורף 22,מיננה,CN,אפודה פליז שחור כוכבים 6-12 חורף,,0.00,0.00,false,1.00,34.90,0.00,true,0,
7290113900844,false,נעלי בית פליז שחור כוכבים 0-6 חורף 22,מיננה,CN,נעלי בית פליז שחור כוכבים 0-6 חורף,,0.00,0.00,false,1.00,29.90,0.00,true,0,
7290113900851,false,נעלי בית פליז שחור כוכבים 6-12 חורף 22,מיננה,CN,נעלי בית פליז שחור כוכבים 6-12 חורף,,0.00,0.00,false,1.00,29.90,0.00,true,0,
7290113900868,false,נעלי בית פליז שחור כוכבים 12-18 חורף 22,מיננה,CN,נעלי בית פליז שחור כוכבים 12-18 חורף,,0.00,0.00,false,1.00,29.90,0.00,true,0,
7290113900875,false,אפודה פליז שחור כוכבים 12-18 חורף 22,מיננה,CN,אפודה פליז שחור כוכבים 12-18 חורף,,0.00,0.00,false,1.00,34.90,0.00,true,0,
7290113900912,false,סאפורה קוביות וופלים במילוי קרם קקאו 250,לייף,FR,קוביות וופלים במילוי קרם קקאו,,0.00,100.00,false,1.00,9.90,0.00,true,0,
7290114604895,false,מאסטר שף מיונז ספייסי לחיץ 446 גרם,ש. שסטוביץ בע`מ,NL,ממרח מתובל ספייסי - לחיץ,,0.00,100.00,false,1.00,7.90,0.00,true,0,
7290114604901,false,ממרח שום לחיץ מאסטר שף 444 גרם,ש. שסטוביץ בע`מ,NL,ממרח מתובל שום - לחיץ,,0.00,100.00,false,1.00,7.90,0.00,true,0,
7290114605342,false,פירסט סמייל רפידות הנקה גודל מדיום 110,צאנזו שאנג קאר פרודק,CN,רפידות הנקה גודל מדיום,,0.00,0.00,false,1.00,26.90,0.53,true,0,
7290114605359,false,"פירסט סמייל רפידות הנקה לארג`, 50 יחידות",ש.שסטוביץ בעמ,CN,רפידות הנקה גודל לארג',,0.00,0.00,false,1.00,26.90,0.53,true,0,
7290114607247,false,נטרוגינה מארז טיפוח הסדרה הנורבגית,שסטוביץ,FR,"מארז טיפוח לחג הסדרה הנורבגית המכיל: קרם ידיים קל, תחליב גוף יבש משאבה ושפתון לחות",,0.00,0.00,false,1.00,69.90,0.00,false,0,
7290114607391,false,"קולגייט משחת לילדים ברבי 2-5 שנים, 75 מ""ל",קולגייט פלמוליב,PL,משחת שיניים לילדים ברבי בגילאי 2-6 בטעם פירות נהדר,,0.00,100.00,false,1.00,17.90,0.00,true,0,
7290114608930,false,קולגייט מארז אופטיק ווייט לחיוך לבן ומהמ,שסטוביץ,PL,מארז אופטיק ווייט לחיוך לבן ומהמם: משחת שיניים אקספרט קומפליט + מברשות שיניים 360,,0.00,0.00,false,1.00,89.90,0.00,true,0,
7290114651752,false,לייף קידס בקבוק שתיה פלסטיק 500 מל פי גי,שמחה זה אנחנו,CN,KIDS בקבוק שתיה מפלסטיק עם לחצן - פי ג'יי,,0.00,0.00,false,1.00,29.90,0.00,true,0,
7290114652322,false,דובי 40 לבן עם לב מטאלי אדום,לייף,IL,דובי 40 לבן עם לב מטאלי אדום,,0.00,0.00,false,1.00,69.90,0.00,true,0,
7290114652339,false,דובי 32 לבן עם לב,לייף,IL,דובי 32 לבן עם לב,,0.00,0.00,false,1.00,69.90,0.00,true,0,
7290114653541,false,שלישיית ביצי שוקולד(חלב נוכרי) - כוח פי גיי,שמחה זה אנחנו בעמ,IT,ביצי שוקולד עם הפתעה - כוח פי ג'יי,,0.00,0.00,false,1.00,14.90,0.00,true,0,
7290114655996,false,לייף בקבוק טריטן לשתיה 600 מל אפור,שמחה זה אנחנו,CN,בקבוק טריטן לשתיה - אפור,,0.00,0.00,false,1.00,26.90,0.00,true,0,
7290114656016,false,לייף בקבוק טריטן לשתיה 600 מל ירוק,שמחה זה אנחנו,CN,בקבוק טריטן לשתיה - ירוק,,0.00,0.00,false,1.00,26.90,0.00,true,0,
7290114751131,false,משחת שיניים אורל בי לילדים קארס 114 גר,פרוקטר אנד גמבל,DE,משחת שיניים לילדים לגיל 2-6 שנים קארס,,0.00,100.00,false,1.00,19.90,0.00,true,0,
7290114751384,false,אורל בי ערכת בריאות הפה מגיל 3 FROZEN,דיפלומט,DE,ערכת הצחצוח הראשונה שלי - FROZEN,,0.00,0.00,false,1.00,189.90,0.00,true,0,
7290114751841,false,אולוויז אינפיניטי לילה 20 יח,General,HU,תחבושת אינפיניטי לילה עם כנפיים,,0.00,0.00,false,1.00,43.90,2.19,true,0,
7290114751858,false,אולוויז אינפיניטי לונג פלוס 22 יח,General,HU,תחבושת אינפיניטי לונג עם כנפיים,,0.00,0.00,false,1.00,43.90,1.99,true,0,
7290114751865,false,אולוויז אינפיניטי נורמל 24 יח,דיפלומט,HU,תחבושת אינפיניטי נורמל עם כנפיים,,0.00,0.00,false,1.00,43.90,1.82,true,0,
7290114963015,false,לייף מגן תחתון טנגה גזרת חוטיני 30 יח,היזלמה,IT,מגן תחתון טנגה גזרת חוטיני,,0.00,0.00,false,1.00,9.90,0.33,true,0,
7290114963022,false,לייף מגן תחתון לארג 52 יח,היזלמה,IT,מגן תחתון לארג',,0.00,0.00,false,1.00,12.90,0.24,true,0,
7290114963039,false,לייף מגן תחתון לונג פלוס 44 יח,היזלמה,IT,מגן תחתון לונג פלוס,,0.00,0.00,false,1.00,12.90,0.29,true,0,
7290114963046,false,לייף מגן תחתון נורמל 60 יח,היזלמה,IT,מגן תחתון נורמל,,0.00,0.00,false,1.00,12.90,0.21,true,0,
7290114963053,false,לייף מגן תחתון נורמל אלוורה 58 יח,היזלמה,IT,מגןן תחתון נורמל אלוורה,,0.00,0.00,false,1.00,12.90,0.22,true,0,
7290114963060,false,לייף תחבושת לונג פלוס כנפיים 24 יח,היזלמה,IT,תחבושות לונג פלוס עם כנפיים,,0.00,0.00,false,1.00,14.90,0.62,true,0,
7290114963077,false,לייף תחבושת לילה כנפיים 20 יח,היזלמה,IT,תחבושות לילה עם כנפיים,,0.00,0.00,false,1.00,14.90,0.74,true,0,
7290114963084,false,לייף תחבושת נורמל 32 יח,היזלמה,IT,תחבושות נורמל,,0.00,0.00,false,1.00,14.90,0.46,true,0,
7290114963091,false,לייף תחבושת נורמל כנפיים 28 יח,היזלמה,IT,תחבושות נורמל עם כנפיים,,0.00,0.00,false,1.00,14.90,0.53,true,0,
7290114963107,false,לייף תחבושת ALL NIGHT לילה 18 יח,היזלמה,IT,תחבושות היגייניות ALL NIGHT,,0.00,0.00,false,1.00,14.90,0.82,true,0,
7290114963183,false,לייף בייביז מארז סכום צבעוני 15 חלקים,ויטאל בייבי,CN,מארז סכום צבעוני 15 חלקים,,0.00,0.00,false,1.00,14.90,0.00,true,0,
7290114963190,false,לייף בייביז מארז 5 כוסות צבעוניות,ויטאל בייבי,CN,מארז 5 כוסות צבעוניות,,0.00,0.00,false,1.00,14.90,0.00,true,0,
7290114963206,false,לייף בייביז מארז 5 קערות צבעוניות,ויטאל בייבי,CN,מארז 5 קערות צבעוניות,,0.00,0.00,false,1.00,14.90,0.00,true,0,
7290114963213,false,לייף בייביז מארז 5 צלחות צבעוניות,ויטאל בייבי,CN,מארז 5 צלחות צבעוניות,,0.00,0.00,false,1.00,14.90,0.00,true,0,
7290114963268,false,לייף וולנס ארוחה לדרך קוסקוס עדשים ובטטה,אפקטבעי,IL,ארוחה חמה לדרך קוסקוס עם עדשים ובטטה,,0.00,0.00,false,1.00,8.90,0.00,true,0,
7290114963398,false,לייף תחליב רחצה לבנדר 750 מל משאבה,לייף,,תחליב רחצה בניחוח לוונדר - משאבה,,0.00,100.00,false,1.00,11.90,0.00,true,0,
7290114963404,false,לייף תחליב רחצה ווניל 750 מל משאבה,לייף,,תחליב רחצה בניחוח וניל - משאבה,,0.00,100.00,false,1.00,11.90,0.00,true,0,
7290114963411,false,סו.קו גואו סט טיפוח לעיניים,General,KR,"מארז איי קנדיז : צמד צ'ילרים, כיסוי עיניים ורטיות עיניים זהב 24K",,0.00,0.00,false,1.00,109.00,0.00,true,0,
7290114964074,false,לייף מ.הגנה 50 300 מל ספריי שקוף,General,,ספריי שקוף לעור רגיש SPF50,,0.00,100.00,false,1.00,49.90,0.00,true,0,
7290114964081,false,לייף מ.הגנה לילדים 50 300 מל ספריי שקוף,General,,ספריי שקוף לעור רגיש SPF50 לילדים,,0.00,100.00,false,1.00,49.90,0.00,true,0,
7290114964111,false,סאנדיי 6 כריות לניקוי כלים אנטיבקטריאלי,לייף,IL,כריות לניקוי כלים אנטיבקטריאלי,,0.00,0.00,false,1.00,8.00,1.33,true,0,
7290114964128,false,סאנדיי כריות ספוג עם סקוטש אנטיבקטריאליו,לייף,IL,כריות ספוג עם סקוטש אנטיבקטריאליות,,0.00,0.00,false,1.00,8.00,1.33,true,0,
7290114964173,false,לייף טישו לושן קופסא 120 יחידות,לייף,IL,טישו ממחטות נייר לושן רכות במיוחד 4 שכבות,,0.00,0.00,false,1.00,8.90,0.07,true,0,
7290114964210,false,לייף וולנס תה ירוק לימונית וגינגר 50 תיו,לייף,,תה ירוק ג'ינג'ר ולימונית,,0.00,0.00,false,1.00,24.90,0.49,true,0,
7290114964234,false,סאנדיי מפיץ ריח מקלות 85 מל פצולי לבנדר,לייף,IL,מקלות מפיצי ריח פצ'ולי לבנדר ווניל,,0.00,100.00,false,1.00,17.90,0.00,true,0,
7290114964357,false,סאנדיי שקיות אשפה 20 יח עם שרוך 78X90 סמ,EGM השקעות בעמ,CN,"XXL שקיות אשפה ענקיות עם שרוך 78X90 ס""מ",,0.00,0.00,false,1.00,21.90,1.09,true,0,
7290114964555,false,לייף שביעיית טישו ניילון לבן -מארז כחול,General,IL,ממחטות מנייר טישו דו שכבתי,,0.00,0.00,false,1.00,17.90,2.55,true,0,
7290114964579,false,לייף אולאין ח.חלבון קרם עוגיות אקסטרה קר,מדיטרנד,NL,ALL IN חטיף חלבון בטעם קרם עוגיות אקסטרה קרם,,0.00,100.00,false,1.00,13.90,0.00,true,0,
7290114964678,false,לייף אול אין וופל חלבון בטעם דאבל שוקולד,מדיטרנד,NL,ALL IN וופל חלבון בטעם דאבל שוקולד,,0.00,100.00,false,1.00,12.90,0.00,true,0,
7290114964692,false,לייף אול אין חטיף חלבון קרמל קראנץ' טבעו,מדיטרנד,NL,ALL IN חטיף חלבון בטעם קרמל קראנץ' טבעוני,,0.00,100.00,false,1.00,13.90,0.00,true,0,
7290114964708,false,מילוקה שלישיית מגבונים להסרת איפור עמיד,General,IL,מגבונים להסרת איפור עמיד במים,,0.00,0.00,false,1.00,19.90,0.00,true,0,
7290114964715,false,לייף רצועות שעווה לפנים קמומיל 12 יח,זר הייטק,ES,רצועות שעווה להסרת שיער מהפנים מועשרות בקמומיל,,0.00,0.00,false,1.00,23.90,1.99,true,0,
7290114964722,false,לייף רצועות שעווה לגוף אלוורה 24 יח,זר הייטק,ES,רצועות שעווה להסרת שיער מהגוף מועשרות באלוורה,,0.00,0.00,false,1.00,36.90,1.53,true,0,
7290114964739,false,לייף רצועות שעווה לגוף אלוורה 48 יח,זר הייטק,ES,רצועות שעווה להסרת שיער מהגוף מועשרות באלוורה,,0.00,0.00,false,1.00,58.90,1.22,true,0,
7290114964746,false,לייף רצועות שעווה לגוף סחלבים 24 יח,זר הייטק,ES,רצועות שעווה להסרת שיער מהגוף מועשרות בסחלבים,,0.00,0.00,false,1.00,36.90,1.53,true,0,
7290114964777,false,לייף רצועות שעווה לפנים קמומיל 24 יח,זר הייטק,ES,רצועות שעווה להסרת שיער מהפנים מועשרות בקמומיל,,0.00,0.00,false,1.00,36.90,1.53,true,0,
7290114964807,false,לייף זוג ראשים למברשת חשמלית-ירוק,יניר מערכות,CN,Dental ראשי החלפה למברשת שיניים חשמלית,,0.00,0.00,false,1.00,19.90,9.95,true,0,
7290114964814,false,לייף מארז זוג ראשים להחלפה מבוגרים-כחול,יניר מערכות,CN,ראשים להחלפה מבוגרים-כחול,,0.00,0.00,false,1.00,19.90,9.95,true,0,
7290114964821,false,בסטי משזף עצמי 150 מל,REVOLUTION BEAUTY,IL,קרם לשיזוף עצמי,,0.00,100.00,false,1.00,39.90,0.00,true,0,
7290114964883,false,לייף קרם הבהרה 200 COOOL COLOR מל,לייף,IT,MICHEL MERCIER קרם הבהרה,,0.00,100.00,false,1.00,34.90,0.00,true,0,
7290114964890,false,בקבוק הזנה גנרי ללא הברגה 150 מל,לייף,,בקבוק הזנה לתינוק ללא הברגה בתחתית,,0.00,0.00,false,1.00,12.90,0.00,true,0,
7290114964906,false,בקבוק הזנה גנרי ללא הברגה 240 מל,לייף,,בקבוק הזנה לתינוק ללא הברגה בתחתית,,0.00,0.00,false,1.00,12.90,0.00,true,0,
7290114964920,false,לייף בייביז ומיננה - תיק מגבונים לעגלה,מיננה,,תיק מגבונים לעגלה,,0.00,0.00,false,1.00,49.90,49.90,true,0,
7290114964944,false,לייף טישו פוקט לושן מארז עשירייה,לייף,IL,ממחטות נייר לושן רכות במיוחד 4 שכבות באריזות אישיות,,0.00,0.00,false,1.00,9.90,0.99,true,0,
7290114964951,false,לייף מגבות יבשות לניקוי הפנים S,לייף,CN,מגבות יבשות לניקוי הפנים S,,0.00,0.00,false,1.00,34.90,0.00,true,0,
7290114964968,false,לייף מגבות יבשות לניקוי הפנים XL,לייף,CN,מגבות יבשות לניקוי הפנים XL,,0.00,0.00,false,1.00,49.90,0.00,true,0,
7290114964975,false,סו.קו כדור קרח קריותרפי,General,CN,כדור קרח קריותרפי המסייע בהמרצת הדם,,0.00,0.00,false,1.00,29.90,0.00,true,0,
7290114964982,false,סו.קו רולר גוף,General,CN,רולר עיסוי לגוף בעל זיזים,,0.00,0.00,false,1.00,24.90,0.00,true,0,
7290114964999,false,סו.קו סלאמבר פארטי-ציפיות סאטן וכיסוי עי,General,CN,סט סאטן סופר רך ומפנק לשימוש יומיומי,,0.00,0.00,false,1.00,59.90,0.00,true,0,
7290114965002,false,לייף בייביז מברשת לבקבוק כחול,ויטאל בייבי,,מברשת לבקבוק כחול לתינוק,,0.00,0.00,false,1.00,23.90,0.00,true,0,
7290114965019,false,לייף בייביז מברשת לבקבוק ספוג ורוד,ויטאל בייבי,,מברשת לניקוי בקבוקים ורוד לתינוק,,0.00,0.00,false,1.00,23.90,0.00,true,0,
7290114965026,false,לייף בייביז מברשת לבקבוק ספוג כחול,ויטאל בייבי,,מברשת לניקוי בקבוקים כחול לתינוק,,0.00,0.00,false,1.00,23.90,0.00,true,0,
7290114965033,false,לייף בייביז מספריים וקוצץ ורוד,ויטאל בייבי,,מספריים וקוצץ ורוד לתינוק,,0.00,0.00,false,1.00,18.90,0.00,true,0,
7290114965040,false,לייף בייביז מספריים וקוצץ כחול,ויטאל בייבי,,מספריים וקוצץ לתינוק כחול לתינוק,,0.00,0.00,false,1.00,18.90,0.00,true,0,
7290114965101,false,לייף מברשת נטענת 4 מצבים סנסטיב - לבן,לייף,IL,מברשת שיניים חשמלית נטענת 4 מצבים ראש סנסטיב - לבן,,0.00,0.00,false,1.00,149.90,0.00,true,0,
7290114965149,false,לייף מברשת חשמלית סוללות למבוגרים-ורוד,לייף,IL,מברשת חשמלית סוללות למבוגרים-ורוד,,0.00,0.00,false,1.00,39.90,0.00,true,0,
7290114965170,false,לייף קופסת אחסנה לשיניים תותבות,זר הייטק,,קופסת אחסנה לשיניים תותבות,,0.00,0.00,false,1.00,26.90,0.00,true,0,
7290114965187,false,לייף טבליות לתותבות 40 יחידות,זר הייטק,,טבליות לתותבות,,0.00,0.00,false,1.00,31.90,0.79,true,0,
7290114965309,false,לייף אולאין מאגדת 5 ח.חלבון-שוקולד קריספ,מדיטרנד,IL,ALL IN חטיף חלבון בטעם שוקולד קריספ,,0.00,0.00,false,1.00,39.90,7.98,true,0,
7290114965316,false,לייף אולאין מאגדת 5 ח.חלבון-שוקו בוטנים,מדיטרנד,IL,ALL IN חטיף חלבון בטעם שוקולד בוטנים קרמל,,0.00,0.00,false,1.00,39.90,7.98,true,0,
7290114965330,false,לייף פרופשונל מים מסילריים לפנים ולעיניי,פרופשיונל,IL,מים מיסלרים לפנים ולעיניים,,0.00,100.00,false,1.00,39.90,0.00,true,0,
7290114965347,false,לייף מברשת שיניים נטענת נוער SMILE,יניר מערכות,CN,SMILE מברשת שיניים חשמלית נטענת,,0.00,0.00,false,1.00,99.90,0.00,true,0,
7290114965408,false,לייף זוג מברשות HIGH DENSITY,טריזה,CH,מברשות שיניים וחניכיים רגישות HIGH DENSITY,,0.00,0.00,false,1.00,19.90,0.00,true,0,
7290114965460,false,לייף מברשת סוללות רוטטת כדורגל מהדורה,זר הייטק,IT,מברשת שיניים רוטטת לילדים,,0.00,0.00,false,1.00,39.90,0.00,true,0,
7290114965491,false,לייף בייביז כפיות לתינוק מגיל 6+ כחול,ויטאל בייבי,,כפיות לתינוק מגיל 6 חודשים,,0.00,0.00,false,1.00,19.90,0.00,true,0,
7290114965507,false,בייביז דריי פרוטקט חיתולים מידה 2 42 יח,ONTEX,IL,דריי פרוטקט חיתולים מידה 2,,0.00,0.00,false,1.00,21.00,0.50,true,0,
7290114965514,false,בייביז דריי פרוטקט חיתולים מידה 3 38 יח,ONTEX,IL,דריי פרוטקט חיתולים מידה 3,,0.00,0.00,false,1.00,21.00,0.55,true,0,
7290114965521,false,בייביז דריי פרוטקט חיתולים מידה 4 34 יח,ONTEX,IL,דריי פרוטקט חיתולים מידה 4,,0.00,0.00,false,1.00,21.00,0.61,true,0,
7290114965538,false,בייביז דריי פרוטקט חיתולים מידה 4+ 31 יח,ONTEX,IL,דריי פרוטקט חיתולים מידה 4+,,0.00,0.00,false,1.00,21.00,0.67,true,0,
7290114965545,false,בייביז דריי פרוטקט חיתולים מידה 5 30 יח,ONTEX,IL,דריי פרוטקט חיתולים מידה 5,,0.00,0.00,false,1.00,21.00,0.70,true,0,
7290114965552,false,בייביז דריי פרוטקט חיתולים מידה 6 26 יח,ONTEX,IL,דריי פרוטקט חיתולים מידה 6,,0.00,0.00,false,1.00,21.00,0.80,true,0,
7290114965576,false,סו.קו כוסיות סיליקון,General,CN,סט כוסות וואקום לפנים,,0.00,0.00,false,1.00,14.90,0.00,true,0,
7290114965590,false,לייף וולנס מים בטעם אפרסק עם ויטמיני D+C,General,IT,מים בטעם אפרסק עם ויטמיני D+C,,0.00,100.00,false,1.00,6.90,0.00,true,0,
7290114965606,false,לייף וולנס מים בטעם ענבים עם ויטמיני D+C,General,IT,מים בטעם ענבים עם ויטמיני D+C,,0.00,100.00,false,1.00,6.90,0.00,true,0,
7290114965637,false,לייף אול אין חטיף חלבון בננה טופי אקסטרה,מדיטרנד,NL,ALL IN חטיף חלבון בטעם בננה טופי אקסטרה קרם,,0.00,100.00,false,1.00,13.90,0.00,true,0,
7290114965644,false,לייף בייביז בקבוק צר לתינוק 240 מל,לייף,IL,בקבוק צר לתינוק,,0.00,0.00,false,1.00,14.90,14.90,true,0,
7290114965651,false,לייף בייביז מעמד לייבוש בקבוקים,לייף,IL,מעמד לייבוש בקבוקים,,0.00,0.00,false,1.00,21.90,21.90,true,0,
7290114965668,false,לייף בייביז מסננת טעימות לתינוק,לייף,IL,מסננת טעימות לתינוק,,0.00,0.00,false,1.00,26.90,26.90,true,0,
7290114965675,false,לייף בייביז נשכן בצורת כף יד לקירור,לייף,IL,נשכן בצורת כף יד לקירור,,0.00,0.00,false,1.00,15.90,15.90,true,0,
7290114965682,false,לייף בייביז נשכן מפתחות צבעוני,לייף,IL,נשכן מפתחות צבעוני,,0.00,0.00,false,1.00,18.90,18.90,true,0,
7290114965712,false,לייף מסכות פנים כחולות-מארז 10 יח,לייף,,מסכות פנים היגייניות,,0.00,0.00,false,1.00,7.90,0.79,true,0,
7290114965804,false,סאנדיי שישיה ספוגי פלא,מוסקו,CN,ספוגי פלא,,0.00,0.00,false,1.00,9.90,0.00,true,0,
7290114965811,false,מארז שלישיית בגדי גוף בנות מידה 0-3 קיץ,מיננה,CN,מארז בגדי גוף בנות מידה 0-3 קיץ 22,,0.00,0.00,false,1.00,59.90,59.90,true,0,
7290114965828,false,מארז שלישיית בגדי גוף בנות מידה 3-6 קיץ,מיננה,CN,מארז בגדי גוף בנות מידה 3-6 קיץ 22,,0.00,0.00,false,1.00,59.90,59.90,true,0,
7290114965835,false,מארז שלישיית בגדי גוף בנות מידה 6-12 קיץ,מיננה,CN,מארז בגדי גוף בנות מידה 6-12 קיץ 22,,0.00,0.00,false,1.00,59.90,59.90,true,0,
7290114965842,false,מארז שלישיית בגדי גוף בנות מידה 12-18 קי,מיננה,CN,מארז בגדי גוף בנות מידה 12-18 קיץ 22,,0.00,0.00,false,1.00,59.90,59.90,true,0,
7290114965859,false,מארז שלישיית בגדי גוף בנים מידה 0-3 קיץ,מיננה,CN,מארז בגדי גוף בנים מידה 0-3 קיץ 22,,0.00,0.00,false,1.00,59.90,59.90,true,0,
7290114965866,false,מארז שלישיית בגדי גוף בנים מידה 3-6 קיץ,מיננה,CN,מארז בגדי גוף בנים מידה 3-6 קיץ 22,,0.00,0.00,false,1.00,59.90,59.90,true,0,
7290114965873,false,מארז שלישיית בגדי גוף בנים מידה 6-12 קיץ,מיננה,CN,מארז בגדי גוף בנים מידה 6-12 קיץ 22,,0.00,0.00,false,1.00,59.90,59.90,true,0,
7290114965880,false,מארז שלישיית בגדי גוף בנים מידה 12-18 קי,מיננה,CN,מארז בגדי גוף בנים מידה 12-18 קיץ 22,,0.00,0.00,false,1.00,59.90,59.90,true,0,
7290114965897,false,מארז שלישיית מכנסיים בנות מידה 0-3 קיץ 2,מיננה,CN,מארז מכנסיים בנות מידה 0-3 קיץ 22,,0.00,0.00,false,1.00,42.90,42.90,true,0,
7290114965910,false,מארז שלישיית מכנסיים בנות מידה 6-12 קיץ,מיננה,CN,מארז מכנסיים בנות מידה 6-12 קיץ 22,,0.00,0.00,false,1.00,42.90,42.90,true,0,
7290114965927,false,מארז שלישיית מכנסיים בנות מידה 12-18 קיץ,מיננה,CN,מארז מכנסיים בנות מידה 12-18 קיץ 22,,0.00,0.00,false,1.00,42.90,42.90,true,0,
7290114965941,false,מארז שלישיית מכנסיים בנים מידה 3-6 קיץ 2,מיננה,CN,מארז מכנסיים בנים מידה 3-6 קיץ 22,,0.00,0.00,false,1.00,42.90,42.90,true,0,
7290114965958,false,מארז שלישיית מכנסיים בנים מידה 6-12 קיץ,מיננה,CN,מארז מכנסיים בנים מידה 6-12 קיץ 22,,0.00,0.00,false,1.00,42.90,42.90,true,0,
7290114965965,false,מארז שלישיית מכנסיים בנים מידה 12-18 קיץ,מיננה,CN,מארז מכנסיים בנים מידה 12-18 קיץ 22,,0.00,0.00,false,1.00,42.90,42.90,true,0,
7290114965972,false,מארז זוג אוברולים בנות מידה 0-3 קיץ 22,מיננה,CN,מארז אוברולים בנות מידה 0-3 קיץ 22,,0.00,0.00,false,1.00,59.90,59.90,true,0,
7290114965989,false,מארז זוג אוברולים בנות מידה 3-6 קיץ 22,מיננה,CN,מארז אוברולים בנות מידה 3-6 קיץ 22,,0.00,0.00,false,1.00,59.90,59.90,true,0,
7290114965996,false,מארז זוג אוברולים בנות מידה 6-12 קיץ 22,מיננה,CN,מארז אוברולים בנות מידה 6-12 קיץ 22,,0.00,0.00,false,1.00,59.90,59.90,true,0,
7290114966009,false,מארז זוג אוברולים בנות מידה 12-18 קיץ 22,מיננה,CN,מארז אוברולים בנות מידה 12-18 קיץ 22,,0.00,0.00,false,1.00,59.90,59.90,true,0,
7290114966016,false,מארז זוג אוברולים בנים מידה 0-3 קיץ 22,מיננה,CN,מארז אוברולים בנים מידה 0-3 קיץ 22,,0.00,0.00,false,1.00,59.90,59.90,true,0,
7290114966023,false,מארז זוג אוברולים בנים מידה 3-6 קיץ 22,מיננה,CN,מארז אוברולים בנים מידה 3-6 קיץ 22,,0.00,0.00,false,1.00,59.90,59.90,true,0,
7290114966030,false,מארז זוג אוברולים בנים מידה 6-12 קיץ 22,מיננה,CN,מארז אוברולים בנים מידה 6-12 קיץ 22,,0.00,0.00,false,1.00,59.90,59.90,true,0,
7290114966047,false,מארז זוג אוברולים בנים מידה 12-18 קיץ 22,מיננה,CN,מארז אוברולים בנים מידה 12-18 קיץ 22,,0.00,0.00,false,1.00,59.90,59.90,true,0,
7290114966085,false,סאנדיי נוזל כלים 24% צהוב בריח לימון,זוהר דליה,,נוזל לניקוי כלים 24% חומרים פעילים בניחוח לימון,,0.00,100.00,false,1.00,8.90,0.00,true,0,
7290114966092,false,סאנדיי נוזל כלים 24% ירוק בריח פסיפלורה,זוהר דליה,,נוזל לניקוי כלים 24% חומרים פעילים בניחוח פסיפלורה,,0.00,100.00,false,1.00,8.90,0.00,true,0,
7290114966108,false,סאנדיי נוזל כלים 24% ורוד בריח יסמין ורו,זוהר דליה,,נוזל לניקוי כלים 24% חומרים פעילים בניחוח יסמין ורוד,,0.00,100.00,false,1.00,8.90,0.00,true,0,
7290114966115,false,סאנדיי נוזל כלים 24% צהוב בריח לימון 1 ל,זוהר דליה,,נוזל לניקוי כלים 24% חומרים פעילים בניחוח לימון,,0.00,1.00,false,1.00,9.90,9.90,true,0,
7290114966184,false,לייף בייביז מחזיק מוצץ ללא ידית,לייף,IL,מחזיק מוצץ ללא ידית שחור לבן,,0.00,0.00,false,1.00,24.90,24.90,true,0,
7290114966207,false,סאנדיי 40 שקיות אשפה חזקות מאוד 52*65,EGM השקעות בעמ,CN,"שקיות אשפה חזקות מאוד עם שרוך 65*52 ס""מ",,0.00,0.00,false,1.00,21.90,0.54,true,0,
7290114966252,false,לייף בייביז בגד ים סימבה 18-24,לייף,CN,בגד ים סימבה 18-24,,0.00,0.00,false,1.00,49.90,0.00,true,0,
7290114966535,false,לייף מ.הגנה שמן גזר ספריי 200 מל SPF 15,סאסא-טק,,ספריי שמן גזר SPF 15,,0.00,100.00,false,1.00,39.90,0.00,true,0,
7290114966542,false,לייף מ.הגנה 50 300 מל ספריי שקוף,סאסא-טק,,ספריי שקוף לעור רגיש SPF 50,,0.00,100.00,false,1.00,49.90,0.00,true,0,
7290114966559,false,לייף מ.הגנה 50 300 מל ספריי שקוף לילדים,סאסא-טק,,ספריי שקוף לילדים לעור רגיש SPF 50,,0.00,100.00,false,1.00,49.90,0.00,true,0,
7290114966603,false,קרקר דק חיטה מלאה ושומשום 240 גרם,לייף,IL,קרקר דק - קרקר מחיטה מלאה בתוספת שומשום,,0.00,100.00,false,1.00,8.90,0.00,true,0,
7290114966610,false,קרקר דק חיטה מלאה ושיפון 240 גרם,לייף,IL,קרקר דק - קרקר מחיטה מלאה ושיפון,,0.00,100.00,false,1.00,8.90,0.00,true,0,
7290114966641,false,לייף וולנס גרנולה PRO 20% חלבון 400 גרם,אפקטבעי,IL,גרנולה PRO 20% חלבון,,0.00,100.00,false,1.00,14.90,0.00,true,0,
7290114966672,false,סו.קו מברשת פילינג לניקוי הפנים,General,CN,מברשת פילינג לניקוי הפנים,,0.00,0.00,false,1.00,14.90,0.00,true,0,
7290114966696,false,לייף רביעיית מברשות GENTLE CLEAN,טריזה,CH,מברשות שיניים וחניכיים רגישות GENTLE CARE רך במיוחד,,0.00,0.00,false,1.00,14.90,0.00,true,0,
7290114966733,false,סו.קו מברשת מאסז לקרקפת,General,CN,WELLBEING מברשת לעיסוי קרקפת,,0.00,0.00,false,1.00,29.00,0.00,true,0,
7290114966771,false,סאנדיי גל לניקוי אסלה 750 מל לימון-מחודש,לייף,TR,ג'ל לניקוי אסלה בניחוח לימון,,0.00,100.00,false,1.00,9.90,0.00,true,0,
7290114966788,false,סאנדיי גל לניקוי אסלה 750 מל אורנים מחוד,לייף,TR,ג'ל לניקוי אסלה בניחוח אורנים,,0.00,100.00,false,1.00,9.90,0.00,true,0,
7290114966849,false,סאנדיי גליל מטליות אקולוגי (40 דפים),מ.א.מטליות,,מטליות אקולוגיות רב שימושיות לכל סוגי המשטחים,,0.00,0.00,false,1.00,22.90,0.00,true,0,
7290114966856,false,לייף וולנס אננס מיובש אורגני,לייף,CO,אננס מיובש אורגני,,0.00,100.00,false,1.00,8.90,0.00,true,0,
7290114966863,false,לייף וולנס מנגו מיובש אורגני,לייף,CO,מנגו מיובש אורגני,,0.00,100.00,false,1.00,8.90,0.00,true,0,
7290114966870,false,לייף וולנס בננה מיובשת אורגנית,לייף,CO,בננה מיובשת אורגנית,,0.00,100.00,false,1.00,8.90,0.00,true,0,
7290114966887,false,לייף וולנס פיטאיה מיובשת אורגנית,לייף,CO,פיטאיה מיובשת אורגנית,,0.00,100.00,false,1.00,8.90,0.00,true,0,
7290114966900,false,סאנדיי מטלית לניקוי שמשות זכוכיות ומראו,מ.א.מטליות,,"מטלית מיקרופייבר לניקוי זכוכית גדולה במיוחד 40X40 ס""מ",,0.00,0.00,false,1.00,8.90,0.00,true,0,
7290114966948,false,קאבלו סרום משקם לשיער יבש ופגום 100 מל,לייף,IL,סרום משקם לשיער יבש ופגום,,0.00,0.00,false,1.00,34.90,0.34,true,0,
7290114966955,false,קאבלו סרום קרטין לשיער מוחלק 100 מל,לייף,IL,סרום קרטין לשיער מוחלק,,0.00,0.00,false,1.00,34.90,0.34,true,0,
7290114966979,false,קאבלו שמן מרוקאי משקם לשיער יבש 145 מל,לייף,IL,שמן מרוקאי משקם לשיער יבש,,0.00,100.00,false,1.00,29.90,0.00,true,0,
7290114966993,false,קאבלו שמן המפ לשיער מתולתל 145 מל,לייף,IL,שמן המפ לשיער מתולתל,,0.00,100.00,false,1.00,29.90,0.00,true,0,
7290114967006,false,קאבלו שמפו קרטין משקם לשיער מוחלק 500 מל,לייף,IL,שמפו קרטין משקם לשיער מוחלק,,0.00,100.00,false,1.00,24.90,0.00,true,0,
7290114967013,false,קאבלו מרכך קרטין משקם לשיער מוחלק 500 מל,לייף,IL,מרכך קרטין משקם לשיער מוחלק,,0.00,100.00,false,1.00,24.90,0.00,true,0,
7290114967044,false,קאבלו קרם לחות עיצוב תלתלים 400 מל,לייף,IL,קרם לחות עיצוב תלתלים,,0.00,100.00,false,1.00,24.90,0.00,true,0,
7290114967068,false,קאבלו שמפו תלתלים מושלמים 500 מל,לייף,IL,שמפו תלתלים מושלמים,,0.00,100.00,false,1.00,24.90,0.00,true,0,
7290114967075,false,קאבלו מרכך תלתלים מושלמים 500 מל,לייף,IL,מרכך תלתלים מושלמים,,0.00,100.00,false,1.00,24.90,0.00,true,0,
7290114967082,false,קאבלו מסכה תלתלים מושלמים 350 מל,לייף,IL,מסכה תלתלים מושלמים,,0.00,100.00,false,1.00,29.90,0.00,true,0,
7290114967167,false,סו.קו מסכת גל לפנים,General,KR,WELLBEING מסכת ג'ל לעיניים לסיוע בהרגעת העור ובהמרצת הדם,,0.00,0.00,false,1.00,39.00,0.00,true,0,
7290114967174,false,סו.קו מסכת שינה כבדה לעיניים עשויה סאטן,General,CN,WELLBEING מסכת שינה כבדה לעיניים עשויה סאטן,,0.00,0.00,false,1.00,49.00,0.00,true,0,
7290114967211,false,לייף קידס שמפו לילדים סמי הכבאי 700 מל,סאסא-טק,IL,שמפו לילדים סמי הכבאי,,0.00,100.00,false,1.00,13.90,0.00,true,0,
7290114967235,false,לייף קידס מוס רחצה לילדים סמי הכבאי 200,סאסא-טק,IL,מוס רחצה לילדים סמי הכבאי,,0.00,100.00,false,1.00,11.90,0.00,true,0,
7290114967242,false,לייף קידס שמפו לילדים LOL 700 מל,סאסא-טק,IL,שמפו לילדים LOL,,0.00,100.00,false,1.00,13.90,0.00,true,0,
7290114967259,false,לייף קידס מרכך לילדים LOL 700 מל,סאסא-טק,IL,מרכך לילדים LOL,,0.00,100.00,false,1.00,13.90,0.00,true,0,
7290114967266,false,לייף קידס מוס רחצה לילדים LOL 200 מל,סאסא-טק,IL,מוס רחצה לילדים LOL,,0.00,100.00,false,1.00,11.90,0.00,true,0,
7290114967280,false,לייף קידס סבון ידיים 500 מל מהדורה מנומר,סאסא-טק,IL,סבון ידיים מהדורה - מנומר,,0.00,100.00,false,1.00,5.00,0.00,true,0,
7290114967310,false,דה לוקס לאב מוס לשיזוף עצמי כולל כפפה,לייף,IL,מוס לשיזוף עצמי כולל כפפה,,0.00,100.00,false,1.00,149.90,0.00,true,0,
7290114967327,false,דה לוקס לאב ספריי שיזוף עצמי לגוף ולפנים,לייף,,ספריי שיזוף עצמי לגוף ולפנים,,0.00,100.00,false,1.00,129.90,0.01,true,0,
7290114967334,false,דה לוקס לאב חמאת גוף לאחר השיזוף,לייף,IL,חמאת גוף לאחר השיזוף,,0.00,100.00,false,1.00,59.90,0.00,true,0,
7290114967341,false,דה לוקס לאב פילינג סורבה הכנה לפני שיזוף,לייף,IL,פילינג גוף,,0.00,100.00,false,1.00,59.90,0.00,true,0,
7290114967426,false,סאנדיי מטהר אויר אוטומטי 250 מל לוטוס,סאסא-טק,IL,מטהר אויר אוטומטי בניחוח לוטוס,,0.00,0.00,false,1.00,12.90,0.05,true,0,
7290114967433,false,סאנדיי מטהר אויר אוטומטי 250 מל פרדיסו,סאסא-טק,IL,מטהר אויר אוטומטי בניחוח פרדיסו,,0.00,0.00,false,1.00,12.90,0.05,true,0,
7290114967440,false,סאנדיי מטהר אויר אוטומטי 250 מל אקווה,סאסא-טק,IL,מטהר אויר אוטומטי בניחוח אקווה,,0.00,0.00,false,1.00,12.90,0.05,true,0,
7290114967471,false,לייף סטרונג-הייר שמפו קיק 450 מל,פרופשיונל,,סטרונג הייר שמפו שמן קיק,,0.00,100.00,false,1.00,29.90,0.00,true,0,
7290114967488,false,לייף סטרונג-הייר מסכת שיער שמן קיק 500 מ,פרופשיונל,,סטרונג הייר מסיכת שיער שמן קיק,,0.00,100.00,false,1.00,39.90,0.00,true,0,
7290114967518,false,סאנדיי מטהר אויר FRESH BOUQUET,זוהר דליה,IL,מטהר אויר FRESH BOUQUET,,0.00,100.00,false,1.00,12.90,0.00,true,0,
7290114967631,false,לייף בייביז סינר הנקה עם קשת,מיננה,BE,סינר הנקה עם קשת,,0.00,0.00,false,1.00,69.90,69.90,true,0,
7290114967648,false,לייף בייביז ריפודית לעגלה עיצוב חדש,לייף,CN,ריפודית לעגלה,,0.00,0.00,false,1.00,49.90,49.90,true,0,
7290114967686,false,לייף בייביז ומיננה כובע קיץ 22- בנות 0-6,לייף,CN,מיננה כובע קיץ ורוד 0-6,,0.00,0.00,false,1.00,24.90,24.90,true,0,
7290114967693,false,לייף בייביז ומיננה כובע קיץ 22- בנים 0-6,לייף,CN,מיננה כובע קיץ אפור 0-6,,0.00,0.00,false,1.00,24.90,24.90,true,0,
7290114967709,false,לייף בייביז ומיננה כובע קיץ 22- בנות6-12,לייף,CN,מיננה כובע קיץ ורוד 6-12,,0.00,0.00,false,1.00,24.90,24.90,true,0,
7290114967716,false,לייף בייביז ומיננה כובע קיץ 22- בנים6-12,לייף,CN,מיננה כובע קיץ אפור 6-12,,0.00,0.00,false,1.00,24.90,24.90,true,0,
7290114968249,false,לייף בייביז ומיננה- שמיכת טטרה שמש וירח,לייף,BE,"שמיכת טטרה גדולה במיוחד מידות: 120X100 ס""מ",,0.00,0.00,false,1.00,39.90,39.90,true,0,
7290114968263,false,סו.קו אבן עיסוי מינרל רוז קווארץ לעור הפ,General,CN,אבן עיסוי מינרל רוז קווארץ לעור הפנים,,0.00,0.00,false,1.00,34.90,0.00,true,0,
7290114968270,false,לייף וולנס תמר ללא גלעין באריזה אישית 3,לייף,MK,תמר מג'הול ללא גלעין באריזה אישית,,0.00,0.00,false,1.00,6.90,0.00,true,0,
7290114968416,false,לייף מארז רולר מחטים- 4 ראשים,PROSEEKERS LIFE,CN,סט רולר מחטים,,0.00,0.00,false,1.00,79.90,0.00,true,0,
7290114968454,false,לייף טישו פוקט שישייה LOL,לייף,IT,ממחטות נייר רכות LOL,,0.00,0.00,false,1.00,9.90,1.65,true,0,
7290114968522,false,לייף תחבושת נורמל עם כנפיים 10 יח TO-GO,היזלמה,IT,תחבושות היגייניות נורמל עם כנפיים TO-GO,,0.00,0.00,false,1.00,6.90,0.69,true,0,
7290114968751,false,לייף מגבונים אריזת חמישייה ניחוח עדין 72,עלבד,IL,מגבונים לחים לתינוקות בניחוח עדין,,0.00,0.00,false,1.00,21.90,4.38,true,0,
7290114968768,false,לייף מגבונים אריזת חמישייה ללא בישום 72י,DPL,IL,מגבונים לחים לתינוקות ללא בישום,,0.00,0.00,false,1.00,21.90,4.38,true,0,
7290114968799,false,ביסקוויטים אפויים לילדים כדורגל,לייף,IL,ביסקוויטים אפויים עם קמח מלא לילדים - כדורגל,,0.00,100.00,false,1.00,12.90,0.00,true,0,
7290114968805,false,לייף תחליב רחצה לבנדר 1 ליטר בק.חום,לייף,,תחליב רחצה קטיפתי בניחוח לבנדר,,0.00,1.00,false,1.00,13.90,13.90,true,0,
7290114968843,false,לייף מארז טיפוח גוף בניחוח מסק עדין,שיק תעשיות תמרוקים,IL,סט מפנק בניחוח מאסק עדין : קרם גוף + מוס לחות + מבשם גוף,,0.00,0.00,false,1.00,59.90,0.00,true,0,
7290114968959,false,לייף רביעיית מגבוני דיספנסר חמאת שיאה,עלבד,IL,מגבונים מועשרים בחמאת שיאה באריזת דיספנסר,,0.00,0.00,false,1.00,24.90,6.22,true,0,
7290114968966,false,לייף מגבונים מועשרים בחמאת שיאה 100 יחיד,עלבד,IL,מגבונים מועשרים בחמאת שיאה אריזת דיספנסר,,0.00,0.00,false,1.00,12.90,0.12,true,0,
7290114968980,false,סט 3 בגדי גוף אפור 3-6 חורף 23,מיננה,CN,סט בגדי גוף אפור 3-6 חורף,,0.00,0.00,false,1.00,59.90,19.96,true,0,
7290114968997,false,סט 3 בגדי גוף אפור 6-12 חורף 23,מיננה,CN,סט בגדי גוף אפור 6-12 חורף,,0.00,0.00,false,1.00,59.90,19.96,true,0,
7290114969000,false,סט 3 בגדי גוף ורוד 0-3 חורף 23,מיננה,CN,סט בגדי גוף ורוד 0-3 חורף,,0.00,0.00,false,1.00,59.90,19.96,true,0,
7290114969017,false,סט 3 בגדי גוף ורוד 3-6 חורף 23,מיננה,CN,סט בגדי גוף ורוד 3-6 חורף,,0.00,0.00,false,1.00,59.90,19.96,true,0,
7290114969024,false,סט 3 בגדי גוף ורוד 6-12 חורף 23,מיננה,CN,סט בגדי גוף ורוד 6-12 חורף,,0.00,0.00,false,1.00,59.90,19.96,true,0,
7290114969031,false,סט 3 מכנסיים אפור 0-3 חורף 23,מיננה,CN,סט מכנסיים אפור חורף 0-3,,0.00,0.00,false,1.00,59.90,19.96,true,0,
7290114969048,false,סט 3 מכנסיים אפור 3-6 חורף 23,מיננה,CN,סט מכנסיים אפור חורף 3-6,,0.00,0.00,false,1.00,59.90,19.96,true,0,
7290114969055,false,סט 3 מכנסיים אפור 6-12 חורף 23,מיננה,CN,סט מכנסיים אפור חורף 6-12,,0.00,0.00,false,1.00,59.90,19.96,true,0,
7290114969062,false,סט 3 מכנסיים ורוד 0-3 חורף 23,מיננה,CN,סט מכנסיים ורוד חורף 0-3,,0.00,0.00,false,1.00,59.90,19.96,true,0,
7290114969079,false,סט 3 מכנסיים ורוד 3-6 חורף 23,מיננה,CN,סט מכנסיים ורוד חורף 3-6,,0.00,0.00,false,1.00,59.90,19.96,true,0,
7290114969086,false,סט 3 מכנסיים ורוד 6-12 חורף 23,מיננה,CN,סט מכנסיים ורוד חורף 6-12,,0.00,0.00,false,1.00,59.90,19.96,true,0,
7290114969093,false,זוג אוברול אפור 0-3 חורף 23,מיננה,CN,אוברול אפור 0-3 חורף,,0.00,0.00,false,1.00,39.90,19.95,true,0,
7290114969109,false,זוג אוברול אפור 3-6 חורף 23,מיננה,CN,אוברול אפור 3-6 חורף,,0.00,0.00,false,1.00,39.90,19.95,true,0,
7290114969116,false,זוג אוברול אפור 6-12 חורף 23,מיננה,CN,אוברול אפור 6-12 חורף,,0.00,0.00,false,1.00,39.90,19.95,true,0,
7290114969123,false,זוג אוברול ורוד 0-3 חורף 23,מיננה,CN,אוברול ורוד 0-3 חורף,,0.00,0.00,false,1.00,39.90,19.95,true,0,
7290114969130,false,זוג אוברול ורוד 3-6 חורף 23,מיננה,CN,אוברול ורוד 3-6 חורף,,0.00,0.00,false,1.00,39.90,19.95,true,0,
7290114969147,false,זוג אוברול ורוד 6-12 חורף 23,מיננה,CN,אוברול ורוד 6-12 חורף,,0.00,0.00,false,1.00,39.90,19.95,true,0,
7290114969154,false,זוג סינר בנדנה אפור חורף 23,מיננה,CN,סינר בנדנה אפור,,0.00,0.00,false,1.00,24.90,12.45,true,0,
7290114969161,false,זוג סינר בנדנה ורוד חורף 23,מיננה,CN,סינר בנדנה ורוד,,0.00,0.00,false,1.00,24.90,12.45,true,0,
7290114969178,false,סט 3 בגדי גוף אפור 0-3 חורף 23,מיננה,CN,סט בגדי גוף אפור 0-3 חורף,,0.00,0.00,false,1.00,59.90,19.96,true,0,
7290114969222,false,ספריי דוחה יתושים אקולוגי 350 מל,לייף,,ספריי דוחה יתושים 100% אקולוגי,,0.00,0.00,false,1.00,49.90,0.14,true,0,
7290114969253,false,לייף אלסבון לגוף 1 ליטר בניחוח מלון ומלפ,לייף,,אלסבון לגוף בניחוח מלון ומלפפון,,0.00,1.00,false,1.00,9.90,9.90,true,0,
7290114969338,false,סט 3 בגדי גוף אפור 12-18 חורף 23,מיננה,CN,סט בגדי גוף אפור 12-18 חורף,,0.00,0.00,false,1.00,59.90,19.96,true,0,
7290114969345,false,סט 3 בגדי גוף ורוד 12-18 חורף 23,מיננה,CN,סט בגדי גוף ורוד 12-18 חורף,,0.00,0.00,false,1.00,59.90,19.96,true,0,
7290114969352,false,סט 3 מכנסיים אפור 12-18 חורף 23,מיננה,CN,סט מכנסיים אפור חורף 12-18,,0.00,0.00,false,1.00,59.90,19.96,true,0,
7290114969369,false,סט 3 מכנסיים ורוד 12-18 חורף 23,מיננה,CN,סט מכנסיים ורוד חורף 12-18,,0.00,0.00,false,1.00,59.90,19.96,true,0,
7290114969376,false,זוג אוברול אפור 12-18 חורף 23,מיננה,CN,אוברול אפור 12-18 חורף,,0.00,0.00,false,1.00,39.90,19.95,true,0,
7290114969383,false,זוג אוברול ורוד 12-18 חורף 23,מיננה,CN,אוברול ורוד 12-18 חורף,,0.00,0.00,false,1.00,39.90,19.95,true,0,
7290114969536,false,לייף מגבונים אריזת שמינייה ללא בישום 72י,DPL,IL,מגבונים לחים לתינוקות ללא בישום,,0.00,0.00,false,1.00,33.90,4.23,true,0,
7290114969543,false,מסכת פנים SN98-צבע לבן-50 יח',אימפרטק,IL,מסכת פנים כירורגית SN98,,0.00,0.00,false,1.00,29.90,0.59,true,0,
7290114969826,false,לייף סטרונג-הייר שמן קוקוס אורגני 500 מל,לייף,,סטרונג-הייר שמן קוקוס אורגני,,0.00,100.00,false,1.00,69.90,0.00,true,0,
7290114969857,false,פריכיות אורז מלא בתוספת כוסמת 100 גרם,לייף,IL,פריכיות דקות אורז מלא וכוסמת,,0.00,0.00,false,1.00,2.50,0.02,true,0,
7290114969871,false,לייף בייביז כיסא אוכל- כרית הגבהה עם משע,מיננה,,כיסא אוכל כרית הגבהה עם משענת,,0.00,0.00,false,1.00,99.00,0.00,true,0,
7290115071481,false,6 מטבעות שוקולד באריזת רשת 31 גר LOL,שמחה זה אנחנו בעמ,NL,מטבעות שוקולד באריזת רשת בדיספליי - LOL,,0.00,0.00,false,1.00,3.90,0.00,true,0,
7290115071504,false,6 מטבעות שוקולד באריזת רשת 31 גר סמי הכב,שמחה זה אנחנו בעמ,NL,מטבעות שוקולד באריזת רשת בדיספליי - סמי הכבאי,,0.00,0.00,false,1.00,3.90,0.00,true,0,
7290115073713,false,שלישיית ביצי שוקולד(חלב נוכרי)-טום וג'רי,שמחה זה אנחנו בעמ,IT,ביצי שוקולד עם הפתעה - טום וג'רי,,0.00,0.00,false,1.00,14.90,0.00,true,0,
7290115073720,false,שלישיית ביצי שוקולד(חלב נוכרי)-לוני טונס,שמחה זה אנחנו בעמ,IT,ביצי שוקולד עם הפתעה - לוני טונס,,0.00,0.00,false,1.00,14.90,0.00,true,0,
7290115073737,false,מארז שלישיית ביצי שוקולד בוב ספוג,שמחה זה אנחנו,IT,ביצי שוקולד עם הפתעה - בוב ספוג,,0.00,0.00,false,1.00,14.90,0.00,true,0,
7290115074147,false,בקבוק שתיה 500 כיסוי סיליקון וידית ורוד,שמחה זה אנחנו,CN,בקבוק שתיה עם כיסוי סיליקון וידית אחיזה- ורוד ברבי,,0.00,0.00,false,1.00,29.90,0.00,true,0,
7290115074154,false,בקבוק שתיה 500 כיסוי סיליקון וידית לבן,שמחה זה אנחנו,CN,בקבוק שתיה עם כיסוי סיליקון וידית אחיזה- לבן,,0.00,0.00,false,1.00,29.90,0.00,true,0,
7290115074178,false,בקבוק שתיה 500 כיסוי סיליקון וידית ירוק,שמחה זה אנחנו,CN,בקבוק שתיה עם כיסוי סיליקון וידית אחיזה- ירוק,,0.00,0.00,false,1.00,29.90,0.00,true,0,
7290115074215,false,בקבוק שתיה 550 ציפוי גומי וידית אחיזה-כח,שמחה זה אנחנו,CN,בקבוק שתיה ציפוי גומי וידית אחיזה- כחול,,0.00,0.00,false,1.00,29.90,0.00,true,0,
7290115074321,false,בקבוק שתיה 900 מל ציפוי גומי ושרוך- סגול,שמחה זה אנחנו,CN,בקבוק שתיה ציפוי גומי ושרוך- סגול,,0.00,0.00,false,1.00,39.90,0.00,true,0,
7290115074338,false,בקבוק שתיה 900 מל ציפוי גומי ושרוך- כחול,שמחה זה אנחנו,CN,בקבוק שתיה ציפוי גומי ושרוך- כחול,,0.00,0.00,false,1.00,39.90,0.00,true,0,
7290115075182,false,6 מטבעות שוקולד באריזת רשת 31 גר חד קרן,שמחה זה אנחנו בעמ,NL,מטבעות שוקולד באריזת רשת בדיספליי - חד קרן,,0.00,0.00,false,1.00,3.90,0.00,true,0,
7290115079357,false,מארז שלישיית ביצי שוקולד המלך גוליאן,שמחה זה אנחנו,IT,ביצי שוקולד עם הפתעה - המלך ג'וליאן,,0.00,0.00,false,1.00,14.90,0.00,true,0,
<<<<<<< HEAD
7290115201031,false,אסם פתי בר דובי שוקולד 175 גרם,טרופיקל דגיל תעשיות,IL,ביסקוויט דובוני שוקולד,,0.00,100.00,false,1.00,12.90,0.00,true,0,
7290115201680,false,ביסלי בטעם ברביקיו אסם 70 גרם,"אסם השקעות בע""\מ",,חטיף בטעם ברביקיו,,0.00,100.00,false,1.00,5.90,0.00,true,0,
7290115201741,false,ביסלי בטעם בצל אסם 70 גרם,"אסם השקעות בע""\מ",,חטיף בטעם בצל,,0.00,100.00,false,1.00,5.90,0.00,true,0,
7290115205176,false,פיטנס - קרקר דק כפרי פיטנס 140 גרם,נסטלה Nestle,IL,פיטנס קרקר THIN כפרי,,0.00,100.00,false,1.00,12.90,0.00,true,0,
7290115205312,false,קרקר פיטנס דק עם זיתי קלמטה ועשבי תיבול,"אסם השקעות בע""\מ",IL,פיטנס קרקר THIN זיתי קלמטה,,0.00,100.00,false,1.00,12.90,0.00,true,0,
7290115206319,false,מטרנה סנסיטיב HM-O לפגים 700 גרם,אסם,IL,סנסיטיב HM-O להזנת המשך של פגים,,0.00,100.00,false,1.00,69.90,0.00,true,0,
7290115209198,false,במבה אוורירית אסם 80 גרם,"אסם תעשיות בע""מ",IL,במבה אוורירית,,0.00,100.00,false,1.00,6.90,0.00,true,0,
=======
7290115201031,false,פתי בר פינוקי דובי שוקולד 175גר.,קבוצת אוסם סחר שותפות מוגבלת,IL,ביסקוויט דובוני שוקולד,,0.00,100.00,false,1.00,12.90,0.00,true,0,
7290115201680,false,ביסלי חטיף בטעם ברביקין אסם (70 גרם),קבוצת אוסם סחר שותפות מוגבלת,,חטיף בטעם ברביקיו,,0.00,100.00,false,1.00,5.90,0.00,true,0,
7290115201741,false,ביסלי חטיף בטעם בצל אסם (70 גרם),קבוצת אוסם סחר שותפות מוגבלת,,חטיף בטעם בצל,,0.00,100.00,false,1.00,5.90,0.00,true,0,
7290115205176,false,729001032825פיטנס חטיפי קרקר כפרי 140גר.,קבוצת אוסם סחר שותפות מוגבלת,IL,פיטנס קרקר THIN כפרי,,0.00,100.00,false,1.00,12.90,0.00,true,0,
7290115205312,false,קרקר פיטנס דק עם זיתי קלמטה ועשבי תיבול,קבוצת אוסם סחר שותפות מוגבלת,IL,פיטנס קרקר THIN זיתי קלמטה,,0.00,100.00,false,1.00,12.90,0.00,true,0,
7290115206319,false,מטרנה סנסיטיב HM-O לפגים 700 גרם,קבוצת אסם סחר,IL,סנסיטיב HM-O להזנת המשך של פגים,,0.00,100.00,false,1.00,69.90,0.00,true,0,
7290115209198,false,במבה אוורירית אסם 80 גרם,קבוצת אוסם סחר שותפות מוגבלת,IL,במבה אוורירית,,0.00,100.00,false,1.00,6.90,0.00,true,0,
>>>>>>> d048ac2f4f281c9d788043ab4e81b61b0dbe3743
7290115340006,false,הרבה דרם גל אלכוהול 66%,טטרה פארם,IL,ג'ל אלכוהול 66%,,0.00,0.00,false,1.00,9.90,0.09,true,0,
7290115340112,false,נייטשר נאט מסכה לשיער 3 ב-1 250 מל,נייטשר נאט Nature Nut,IL,מסכה לשיער 3 ב-1,,0.00,100.00,false,1.00,49.90,0.00,true,0,
7290115340143,false,פרפייס קפסולות סרום ויטמין C 20% (45),הרבה דרם,IT,Super C 20 - קפסולות סרום ויטמין C 20%,,0.00,0.00,false,1.00,199.90,4.44,true,0,
7290115340167,false,פרפייס קפסולות סרום עיניים (70),הרבה דרם,IT,Youth Renewal - קפסולות סרום עיניים,,0.00,0.00,false,1.00,249.90,3.57,true,0,
7290115340174,false,פרפייס קפסולות חומצה היאלורונית (60),הרבה דרם,IT,Hyalu-boost - קפסולות חומצה היאלורונית,,0.00,0.00,false,1.00,249.90,4.16,true,0,
7290115660005,false,סבוקלם אינוביישן סבון פנים 200 מל,טטרה פארם,IL,אינוביישן סבון פנים לעור רגיל עד יבש,,0.00,100.00,false,1.00,89.90,0.00,true,0,
7290115660074,false,סבוקלם אינוביישן בוסטר ויטמין סי 30 מל,סבוקלם Sebocalm,IL,אינוביישן בוסטר ויטמין C,,0.00,100.00,false,1.00,199.90,0.06,true,0,
7290115660098,false,סבוקלם קלאסיק גל הרגעה אלוורה 99% 250 מל,סבוקלם Sebocalm,KR,קלאסיק ג'ל הרגעה אלוורה 99%,,0.00,100.00,false,1.00,49.90,0.00,true,0,
7290115660104,false,דאודורנט סטיק ללא אלכוהול קול גרין,סבוקלם Sebocalm,IL,דאודורנט סטיק ללא אלומיניום בניחוח COOL GREEN,,0.00,100.00,false,1.00,59.90,0.01,true,0,
7290115660203,false,סבוקלם קלאסיק דאודורנט סטיק FRAGRANCE FR,סבוקלם Sebocalm,IL,דאודורנט סטיק ללא אלומיניום FRAGRANCE FREE,,0.00,100.00,false,1.00,59.90,0.01,true,0,
7290115660210,false,סבוקלם קלאסיק דאודורנט סטיק MUSK,סבוקלם Sebocalm,IL,דאודורנט סטיק ללא אלומיניום בניחוח MUSK,,0.00,100.00,false,1.00,59.90,0.01,true,0,
7290115660234,false,סבוקלם אינוביישן BB קונסילר 01,טטרה פארם,IL,אינוביישן BB קונסילר 01,,0.00,0.00,false,1.00,89.90,0.00,true,0,
7290115660241,false,סבוקלם קלאסיק מייק אפ לעור מעורב-לייט,טטרה פארם,IL,קלאסיק מייק אפ לעור מעורב גוון לייט,,0.00,100.00,false,1.00,119.90,0.03,true,0,
7290115660258,false,סבוקלם יאנג זיט אאוט סבון 150 מל,טטרה פארם,IL,יאנג זיט אאוט סבון,,0.00,100.00,false,1.00,69.90,0.00,true,0,
7290115660371,false,סבוקלם אינוביישן BB קונסילר 02,טטרה פארם,IL,אינוביישן BB קונסילר 02,,0.00,0.00,false,1.00,89.90,0.00,true,0,
7290115660456,false,סבוקלם קלאסיק מייק אפ לעור מעורב-מדיום,טטרה פארם,IL,קלאסיק מייק אפ לעור מעורב גוון מדיום,,0.00,100.00,false,1.00,119.90,0.03,true,0,
7290115660586,false,סבוקלם SEA&SUN ספריי תחליב הגנה SPF50,טטרה פארם,IL,SEA&SUN ספריי תחליב הגנה מפני השמש SPF50,,0.00,100.00,false,1.00,99.90,0.00,true,0,
7290115675559,false,מארז קפה טורקי לדרך 10 יחידות,שטראוס קפה בי.וי.,IL,מארז קפה טורקי לדרך,,0.00,0.00,false,1.00,6.90,0.69,true,0,
7290115678437,false,בינז פולי קפה לואיז אלברטו ברזיל,שטראוס גרופ,IL,פולי קפה קלויים לואיז אלברטו ברזיל,,0.00,100.00,false,1.00,41.90,0.00,true,0,
7290115678444,false,בינז פולי קפה מריה קולומביה,שטראוס גרופ,IL,פולי קפה קלויים מריה קולומביה,,0.00,100.00,false,1.00,41.90,0.00,true,0,
7290115678451,false,בינז פולי קפה ראמש הודו,שטראוס גרופ,IL,פולי קפה קלויים ראמש הודו,,0.00,100.00,false,1.00,41.90,0.00,true,0,
7290115678475,false,בינז פולי קפה בלנד NO 3,שטראוס גרופ,IL,פולי קפה קלויים בלנד NO 03,,0.00,100.00,false,1.00,41.90,0.00,true,0,
7290115678710,false,מאסט סוכריות ללא סוכר בטעם בזוקה,שטראוס גרופ,TR,סוכריות ללא סוכר בטעם בזוקה,,0.00,100.00,false,1.00,3.90,0.00,true,0,
7290115679403,false,בינז פולי קפה בלנד NO 1,שטראוס גרופ,IL,פולי קפה קלויים בלנד NO 01,,0.00,100.00,false,1.00,41.90,0.00,true,0,
7290115679960,false,ציטוס פופקורן בטעם טבעי 60 ג 24 יח,"שטראוס פריטו ליי בע""\מ )",IL,פופקורן בטעם טבעי,,0.00,100.00,false,1.00,3.90,0.00,true,0,
7290116244099,false,זוג אצבעות שוקולד חלב 28 גרם - באטמן,שמחה זה אנחנו,,אצבעות שוקולד חלב - באטמן,,0.00,0.00,false,1.00,2.90,0.10,true,0,
7290116244105,false,זוג אצבעות שוקולד חלב 28 גרם - חד קרן,שמחה זה אנחנו,,אצבעות שוקולד חלב - חד קרן,,0.00,0.00,false,1.00,2.90,0.10,true,0,
7290116244112,false,זוג אצבעות שוקולד חלב 28 גרם - LOL,שמחה זה אנחנו,,אצבעות שוקולד חלב - LOL,,0.00,0.00,false,1.00,2.90,0.10,true,0,
7290116244129,false,זוג אצבעות שוקולד חלב 28 גרם - מיניונים,שמחה זה אנחנו,,אצבעות שוקולד חלב - מיניונים,,0.00,0.00,false,1.00,2.90,0.10,true,0,
7290116246802,false,לייף קידס בקבוק טריטן צמידים 700 מל ברבי,שמחה זה אנחנו,CN,"בקבוק טריטן עם צמידים 700 מ""ל ברבי",,0.00,0.00,false,1.00,29.90,0.00,true,0,
7290116246819,false,לייף קידס בקבוק טריטן 500 מל ריינבוקורן,שמחה זה אנחנו,CN,"בקבוק טריטן 500 מ""ל ריינבוקורן",,0.00,0.00,false,1.00,19.90,0.00,true,0,
7290116246826,false,לייף קידס בקבוק טריטן 500 מל מנומר לבבות,שמחה זה אנחנו,CN,"בקבוק טריטן 500 מ""ל מנומר לבבות",,0.00,0.00,false,1.00,22.90,0.00,true,0,
7290116246833,false,לייף קידס בקבוק טריטן 500 מל חלל בוגר,שמחה זה אנחנו,CN,"בקבוק טריטן 500 מ""ל חלל בוגר",,0.00,0.00,false,1.00,26.90,0.00,true,0,
7290116246840,false,לייף קידס בקבוק נירוסטה 500 מל ספיידרמן,שמחה זה אנחנו,CN,"בקבוק נירוסטה 500 מ""ל ספיידרמן דגם שחור",,0.00,0.00,false,1.00,24.90,0.00,true,0,
7290116246857,false,לייף קידס בקבוק נירוסטה 500 מל LOL,שמחה זה אנחנו,CN,"בקבוק נירוסטה 500 מ""ל LOL",,0.00,0.00,false,1.00,19.90,0.00,true,0,
7290116246871,false,לייף קידס בקבוק נירוסטה 500 מל הנוקמים,שמחה זה אנחנו,CN,"בקבוק נירוסטה 500 מ""ל הנוקמים",,0.00,0.00,false,1.00,24.90,0.00,true,0,
7290116246888,false,לייף קידס בקבוק נירוסטה 450 מל קש חד קרן,שמחה זה אנחנו,CN,"בקבוק נירוסטה 450 מ""ל עם קש מתקפל חד קרן",,0.00,0.00,false,1.00,29.90,0.00,true,0,
7290116246895,false,לייף קידס בקבוק נירוסטה 450 מל קש מפרץ ה,שמחה זה אנחנו,CN,"בקבוק נירוסטה 450 מ""ל עם קש מתקפל מפרץ ההרפתקאות",,0.00,0.00,false,1.00,29.90,0.00,true,0,
7290116246901,false,לייף קידס בקבוק נירוסטה 450 מל קש מיני,שמחה זה אנחנו,CN,"בקבוק נירוסטה 450 מ""ל עם קש מתקפל מיני",,0.00,0.00,false,1.00,19.90,0.00,true,0,
7290116246918,false,לייף קידס בקבוק נירוסטה 450 מל קש LOL,שמחה זה אנחנו,CN,"בקבוק נירוסטה 450 מ""ל עם קש מתקפל LOL",,0.00,0.00,false,1.00,29.90,0.00,true,0,
7290116246925,false,לייף קידס בקבוק נירוסטה 450 מל קש סמי הכ,General,CN,"בקבוק נירוסטה 450 מ""ל עם קש מתקפל סמי הכבאי",,0.00,0.00,false,1.00,19.90,0.00,true,0,
7290116246932,false,לייף קידס בקבוק נירוסטה 450 מל קש מיקי,שמחה זה אנחנו,CN,"בקבוק נירוסטה 450 מ""ל עם קש מתקפל מיקי",,0.00,0.00,false,1.00,29.90,0.00,true,0,
7290116246949,false,לייף קידס בקבוק שתיה פלסטיק 500 מל מיני,שמחה זה אנחנו,CN,"בקבוק שתיה פלסטיק 500 מ""ל מיני",,0.00,0.00,false,1.00,29.90,0.00,true,0,
7290116246956,false,לייף קידס בקבוק שתיה פלסטיק 500 מל באטמן,שמחה זה אנחנו,CN,"בקבוק שתיה פלסטיק 500 מ""ל באטמן",,0.00,0.00,false,1.00,29.90,0.00,true,0,
7290116246963,false,לייף קידס בקבוק שתיה פלסטיק 500 מל סמי ה,שמחה זה אנחנו,CN,"בקבוק שתיה פלסטיק 500 מ""ל סמי הכבאי",,0.00,0.00,false,1.00,29.90,0.00,true,0,
7290116246970,false,לייף קידס בקבוק שתיה פלסטיק 500 מל ברבי,שמחה זה אנחנו,CN,"בקבוק שתיה פלסטיק 500 מ""ל ברבי",,0.00,0.00,false,1.00,29.90,0.00,true,0,
7290116248578,false,לייף קידס צלחת פרימיום פס סיליקון - LOL,לייף,CN,צלחת פרימיום פס סיליקון - LOL,,0.00,0.00,false,1.00,14.90,14.90,true,0,
7290116248585,false,לייף קידס צלחת פרימיום פס סיליקון - מיני,לייף,CN,צלחת פרימיום פס סיליקון - מיני,,0.00,0.00,false,1.00,14.90,14.90,true,0,
7290116248592,false,לייף קידס צלחת פרימיום פס סיליקון - מיקי,לייף,CN,צלחת פרימיום פס סיליקון - מיקי,,0.00,0.00,false,1.00,14.90,14.90,true,0,
7290116248608,false,לייף קידס צלחת פרימיום פס סיליקון - פיגי,לייף,CN,צלחת פרימיום פס סיליקון - כוח פי גיי,,0.00,0.00,false,1.00,14.90,14.90,true,0,
7290116248615,false,לייף קידס צלחת פרימיום פס סיליקון - ספיי,לייף,CN,צלחת פרימיום פס סיליקון - ספיידרמן,,0.00,0.00,false,1.00,14.90,14.90,true,0,
7290116248622,false,לייף קידס צלחת פרימיום פס סיליקון - סמי,לייף,CN,צלחת פרימיום פס סיליקון - סמי הכבאי,,0.00,0.00,false,1.00,14.90,14.90,true,0,
7290116248639,false,לייף קידס קערת פרמיום פס סילקון - LOL,לייף,CN,קערת פרמיום פס סילקון - LOL,,0.00,0.00,false,1.00,12.90,12.90,true,0,
7290116248646,false,לייף קידס קערת פרמיום פס סילקון - מיני,לייף,CN,קערת פרמיום פס סילקון - מיני,,0.00,0.00,false,1.00,12.90,12.90,true,0,
7290116248653,false,לייף קידס קערת פרמיום פס סילקון - פי גיי,לייף,CN,קערת פרמיום פס סילקון - כוח פי גיי,,0.00,0.00,false,1.00,12.90,12.90,true,0,
7290116248660,false,לייף קידס קערת פרמיום פס סילקון - ספיידר,לייף,CN,קערת פרמיום פס סילקון - ספיידרמן,,0.00,0.00,false,1.00,12.90,12.90,true,0,
7290116248677,false,לייף קידס קערת פרמיום פס סילקון - סמי הכ,לייף,CN,קערת פרמיום פס סילקון - סמי הכבאי,,0.00,0.00,false,1.00,12.90,12.90,true,0,
7290116248721,false,לייף קידס קערת פרמיום פס סילקון - מיקי,לייף,CN,קערת פרמיום פס סילקון - מיקי,,0.00,0.00,false,1.00,12.90,12.90,true,0,
7290116530000,false,"דאב - תרחיץ פנים מרענן בניחוח מלפפון ותה ירוק 180 מ""ל",יוניליוור ישראל שיווק בע`מ,IL,תרחיץ פנים מרענן בניחוח מלפפונים ותה ירוק,,0.00,100.00,false,1.00,16.90,0.00,true,0,
7290116530215,false,דאודרנט סטיק לגבר דרק טמפטיישן 76 ג' אקס,"יוניליוור ישראלשיווק בע""מ",US,דאודורנט סטיק לגבר דארק טמפטיישן,,0.00,100.00,false,1.00,26.90,0.00,true,0,
7290116530222,false,דאודרנט סטיק לגבר אנרכי 76 ג' אקס,יוניליוור ישראל שיווק בע`מ,US,דאודורנט סטיק לגבר אנרכי,,0.00,100.00,false,1.00,26.90,0.00,true,0,
7290116530239,false,אקס דאו סטיק לגבר בלאק 7 גרם,"יוניליוור ישראלשיווק בע""מ",US,דאודורנט סטיק לגבר בלאק,,0.00,100.00,false,1.00,26.90,0.00,true,0,
7290116530888,false,ג'ל לכביסה לבנה וצבעונית פינוק כחול בדין 2.5 ל',יוניליוור ישראל שיווק בע`מ,IL,ג'ל כביסה בניחוח פינוק כחול,,0.00,1.00,false,1.00,34.90,13.96,true,0,
7290116530949,false,פינוק מרכך לשיער רגיל מהדורה יורו 700 מל,יוניליוור,IL,מרכך לשיער רגיל מהדורה יורו,,0.00,100.00,false,1.00,13.90,0.00,true,0,
<<<<<<< HEAD
7290116531243,false,"שמפו ומרכך 2ב-1 למניעת קשקשים 700 מ""ל פינוק",יוניליוור ישראל טיפוח אי,IL,2 ב-1 שמפו ומרכך למניעת קשקשים,,0.00,100.00,false,1.00,15.90,0.00,true,0,
7290116531250,false,פינוק שמפו למניעת קשקשים עם תמציות צמחים,יוניליוור ישראל טיפוח אי,IL,שמפו למניעת קשקשים בתוספת תמציות פרחים,,0.00,100.00,false,1.00,15.90,0.00,true,0,
7290116531762,false,דפים ריחניים למייבש כביסה בדין ורוד 40 יחידות,"קלינטסט - 3p ארה""ב",US,דפים מרכך ריחניים למייבש הכביסה - ורוד,,0.00,0.00,false,1.00,19.90,0.49,true,0,
7290116531779,false,דפים ריחניים למייבש כביסה בדין כחול 40 יחידות,"קלינטסט - 3p ארה""ב",US,דפים מרכך ריחניים למייבש הכביסה - כחול,,0.00,0.00,false,1.00,19.90,0.49,true,0,
7290116531809,false,תחליב רחצה 700 שייק שוקולד קרמל ועוגיות,יוניליוור ישראל טיפוח אי,IL,"תחליב רחצה בניחוח שייק שוקולד, קרמל ועוגיות",,0.00,100.00,false,1.00,8.00,0.00,true,0,
7290116531816,false,תחליב רחצה 700 שייק מייפל קקאו ופרלינים,יוניליוור ישראל טיפוח אי,IL,"תחליב רחצה בניחוח שייק מייפל,פולי קקאו ופרלינים",,0.00,100.00,false,1.00,8.00,0.00,true,0,
7290116532011,false,קליק אוקיי נוגט בציפוי שוקולד חלב 35 גרם,תות תעשיות מזון (2014) ב,IL,חטיף פריך ממולא נוגט מצופה שוקולד חלב,,0.00,100.00,false,1.00,5.90,0.00,true,0,
7290116532387,false,"אל סבון ידיים נוזלי חמאת שיאה 950 מ""ל פינוק",יוניליוור ישראל טיפוח אי,TR,אל סבון לידיים בתוספת חמאת שיאה,,0.00,100.00,false,1.00,14.90,0.00,true,0,
7290116532394,false,"אל סבון ידיים נוזלי חמאת קקאו 950 מ""ל פינוק",יוניליוור ישראל טיפוח אי,TR,אל סבון לידיים בתוספת חמאת קקאו,,0.00,100.00,false,1.00,14.90,0.00,true,0,
7290116532868,false,פינוק בייבי שמפו אל דמע לתינוקות 900 מל,יוניליוור ישראלn\טיפוח א,IL,בייבי שמפו אל דמע לתינוקות,,0.00,100.00,false,1.00,21.90,0.00,true,0,
7290116532875,false,פינוק בייבי אל סבון לתינוקות 970 מל-משאבה,יוניליוור ישראלn\טיפוח א,IL,בייבי אל סבון אל דמע לתינוקות,,0.00,100.00,false,1.00,21.90,0.00,true,0,
7290116533094,false,"פינוק שמפו שיער בניחוח ורדים לבנים 700 מ""ל",יוניליוור ישראל טיפוח אי,IL,שמפו בניחוח ורדים לבנים - מהדורה מוגבלת,,0.00,100.00,false,1.00,13.90,0.00,true,0,
7290116533100,false,"פינוק מרכך שיער בניחוח ורדים לבנים 700 מ""ל",יוניליוור ישראל טיפוח אי,IL,מרכך בניחוח ורדים לבנים - מהדורה מוגבלת,,0.00,100.00,false,1.00,13.90,0.00,true,0,
=======
7290116531243,false,"שמפו ומרכך 2ב-1 למניעת קשקשים 700 מ""ל פינוק","יוניליוור ישראל שיווק בע""מ",IL,2 ב-1 שמפו ומרכך למניעת קשקשים,,0.00,100.00,false,1.00,15.90,0.00,true,0,
7290116531250,false,פינוק שמפו למניעת קשקשים עם תמציות צמחים,"יוניליוור ישראלשיווק בע""מ",IL,שמפו למניעת קשקשים בתוספת תמציות פרחים,,0.00,100.00,false,1.00,15.90,0.00,true,0,
7290116531762,false,דפים ריחניים למייבש כביסה בדין ורוד 40 יחידות,יוניליוור ישראל שיווק בע`מ,US,דפים מרכך ריחניים למייבש הכביסה - ורוד,,0.00,0.00,false,1.00,19.90,0.49,true,0,
7290116531779,false,דפים ריחניים למייבש כביסה בדין כחול 40 יחידות,יוניליוור ישראל שיווק בע`מ,US,דפים מרכך ריחניים למייבש הכביסה - כחול,,0.00,0.00,false,1.00,19.90,0.49,true,0,
7290116531809,false,תחליב רחצה 700 שייק שוקולד קרמל ועוגיות,יוניליוור ישראל שיווק בעמ,IL,"תחליב רחצה בניחוח שייק שוקולד, קרמל ועוגיות",,0.00,100.00,false,1.00,8.00,0.00,true,0,
7290116531816,false,תחליב רחצה 700 שייק מייפל קקאו ופרלינים,יוניליוור ישראל שיווק בע`מ,IL,"תחליב רחצה בניחוח שייק מייפל,פולי קקאו ופרלינים",,0.00,100.00,false,1.00,8.00,0.00,true,0,
7290116532011,false,קליק אוקיי נוגט בציפוי שוקולד חלב 35 גרם,יוניליוור ישראל שיווק בע`מ,IL,חטיף פריך ממולא נוגט מצופה שוקולד חלב,,0.00,100.00,false,1.00,5.90,0.00,true,0,
7290116532387,false,"אל סבון ידיים נוזלי חמאת שיאה 950 מ""ל פינוק",יוניליוור ישראל שיווק בע`מ,TR,אל סבון לידיים בתוספת חמאת שיאה,,0.00,100.00,false,1.00,14.90,0.00,true,0,
7290116532394,false,"אל סבון ידיים נוזלי חמאת קקאו 950 מ""ל פינוק",יוניליוור ישראל שיווק בע`מ,TR,אל סבון לידיים בתוספת חמאת קקאו,,0.00,100.00,false,1.00,14.90,0.00,true,0,
7290116532868,false,פינוק בייבי שמפו אל דמע לתינוקות 900 מל,יוניליוור ישראל שיווק בע`מ,IL,בייבי שמפו אל דמע לתינוקות,,0.00,100.00,false,1.00,21.90,0.00,true,0,
7290116532875,false,פינוק בייבי אל סבון לתינוקות 970 מל-משאבה,יוניליוור ישראל שיווק בע`מ,IL,בייבי אל סבון אל דמע לתינוקות,,0.00,100.00,false,1.00,21.90,0.00,true,0,
7290116533094,false,"פינוק שמפו שיער בניחוח ורדים לבנים 700 מ""ל",יוניליוור ישראל שיווק בע`מ,IL,שמפו בניחוח ורדים לבנים - מהדורה מוגבלת,,0.00,100.00,false,1.00,13.90,0.00,true,0,
7290116533100,false,"פינוק מרכך שיער בניחוח ורדים לבנים 700 מ""ל",יוניליוור ישראל שיווק בע`מ,IL,מרכך בניחוח ורדים לבנים - מהדורה מוגבלת,,0.00,100.00,false,1.00,13.90,0.00,true,0,
>>>>>>> d048ac2f4f281c9d788043ab4e81b61b0dbe3743
7290116533148,false,פינוק תחליב רחצה 700 שייק שוקולד חלב,יוניליוור,IL,תחליב רחצה שייק שוקולד חלב - מהדורה מוגבלת,,0.00,100.00,false,1.00,12.90,0.00,true,0,
7290116533155,false,פינוק תחליב רחצה 700 שייק קרם וניל,יוניליוור,IL,תחליב רחצה שייק קרם וניל - מהדורה מוגבלת,,0.00,100.00,false,1.00,12.90,0.00,true,0,
7290116910185,false,לייף קידס צלחת פרימיום פס סיליקון - ברבי,לייף,CN,צלחת פרימיום פס סיליקון - ברבי,,0.00,0.00,false,1.00,14.90,14.90,true,0,
7290116910192,false,לייף קידס קערת פרמיום פס סילקון - ברבי,לייף,CN,קערת פרמיום פס סילקון - ברבי,,0.00,0.00,false,1.00,12.90,12.90,true,0,
7290116911144,false,לייף קידס בקבוק שתיה מפלסטיק 500 מל- חד,שמחה זה אנחנו,CN,לייף קידס בקבוק שתיה מפלסטיק - חד קרן,,0.00,0.00,false,1.00,26.90,0.00,true,0,
7290116911151,false,לייף קידס בקבוק שתיה מפלסטיק 500 מל- דינ,שמחה זה אנחנו,CN,לייף קידס בקבוק שתיה מפלסטיק - דינוזאור,,0.00,0.00,false,1.00,26.90,0.00,true,0,
7290116911168,false,לייף קידס בקבוק שתיה מפלסטיק 500 מל- ורו,שמחה זה אנחנו,CN,לייף קידס בקבוק שתיה מפלסטיק - ורוד,,0.00,0.00,false,1.00,26.90,0.00,true,0,
7290116911175,false,לייף קידס בקבוק שתיה מפלסטיק 500 מל- כחו,שמחה זה אנחנו,CN,לייף קידס בקבוק שתיה מפלסטיק - כחול אפור,,0.00,0.00,false,1.00,26.90,0.00,true,0,
7290116930015,false,GO חטיף חלבון חטיף בוטנים קריספי 20 גרם חלבון,"בלמונט קונפקציות בע""\מ.",US,חטיף חלבון בטעם קרמל מלוח וחמאת בוטנים בציפוי קריספי,,0.00,100.00,false,1.00,11.90,0.00,true,0,
7290116930022,false,GO חטיף חלבון עוגיות ציפוי קריספי 20 גרם חלבון,"בלמונט קונפקציות בע""\מ.",US,חטיף חלבון בטעם קרם עוגיות בציפוי קריספי,,0.00,100.00,false,1.00,11.90,0.00,true,0,
7290117380857,false,"מרבה סלים דליס פייבר עוגות אישיות בטעם לימון, 120 גרם",ש. שסטוביץ בע`מ,NL,עוגות אישיות בטעם לימון,,0.00,100.00,false,1.00,15.90,0.00,true,0,
7290117380864,false,סלים דליס פייבר עוגות בראוניס אישיות בטעם שוקולד 120 גרם,ש.שסטוביץ בעמ,NL,עוגות אישיות בטעם שוקולד,,0.00,100.00,false,1.00,15.90,0.00,true,0,
7290117380871,false,סלים דליס פייבר עוגות אישיות בטעם אוכמניות 120 גרם,ש.שסטוביץ בעמ,NL,עוגות אישיות בטעם אוכמניות,,0.00,100.00,false,1.00,15.90,0.00,true,0,
7290117381229,false,פוף פריכיות מצופות שוקולד חלב 70 גרם,ש. שסטוביץ בע`מ,RS,פריכיות ביס בציפוי שוקולד חלב,,0.00,100.00,false,1.00,8.90,0.00,true,0,
7290117381236,false,פוף פריכיות מצופות שוקולד מריר 70 גרם,ש. שסטוביץ בע`מ,RS,פריכיות ביס בציפוי שוקולד מריר,,0.00,100.00,false,1.00,8.90,0.00,true,0,
7290117381489,false,קולגייט מברשת ילדים באטמן 2-5,שסטוביץ,CN,מברשת שיניים ילדים באטמן 2-5,,0.00,0.00,false,1.00,15.90,0.00,true,0,
7290117381502,false,קולגייט מברשת ילדים בארבי 2-5,שסטוביץ,CN,מברשת שיניים ילדים בארבי 2-5,,0.00,0.00,false,1.00,15.90,0.00,true,0,
7290117381533,false,קולגייט מברשת ילדים באטמן 6+,שסטוביץ,CN,מברשת שיניים ילדים באטמן 6+,,0.00,0.00,false,1.00,15.90,0.00,true,0,
7290117381625,false,קולגייט מברשת ילדים בארבי 6+,שסטוביץ,CN,מברשת שיניים ילדים בארבי 6+,,0.00,0.00,false,1.00,15.90,0.00,true,0,
7290117382325,false,סלים דליס - פרו 33 חטיף חלבון מצופה שוקולד חלב 60 גרם,"י. מרבה ישראל בע""\מ",IT,פרו 33 חטיף חלבון מצופה שוקולד חלב,,0.00,100.00,false,1.00,12.90,0.00,true,0,
7290117382332,false,סלים דליס - חטיף חלבון מצופה שוקולד בטעם עוגיות 60 גרם,"י. מרבה ישראל בע""\מ",IT,פרו 33 חטיף חלבון מצופה שוקולד בטעם עוגיות,,0.00,100.00,false,1.00,12.90,0.00,true,0,
7290117822630,false,קופסת אוכל מחולקת BPA FREE באטמן,שמחה זה אנחנו,CN,קופסת אוכל מחולקת BPA FREE באטמן,,0.00,0.00,false,1.00,14.90,0.00,true,0,
7290117822791,false,בקבוק טריטן עם צמידים 700 - באטמן,שמחה זה אנחנו,CN,"בקבוק טריטן עם צמידים 700 מ""ל - באטמן",,0.00,0.00,false,1.00,29.90,0.00,true,0,
7290117822807,false,בקבוק טריטן עם צמידים 700 - הפוני הקטן ש,שמחה זה אנחנו,CN,"בקבוק טריטן עם צמידים 700 מ""ל - הפוני הקטן שלי",,0.00,0.00,false,1.00,29.90,0.00,true,0,
7290117823958,false,בצק משחק-ברבי שמחה זה אנחנו,שמחה זה אנחנו,CN,בצק משחק-ברבי,,0.00,0.00,false,1.00,19.90,0.00,true,0,
7290117823972,false,בצק משחק - מפרץ ההרפתקאות,שמחה זה אנחנו,CN,בצק משחק-מפרץ ההרפתקאות,,0.00,0.00,false,1.00,19.90,0.00,true,0,
7290117825624,false,לייף קידס צלחת פרימיום פס סיליקון - נסיכ,לייף,CN,צלחת פרימיום פס סיליקון - נסיכות דיסני,,0.00,0.00,false,1.00,14.90,14.90,true,0,
7290117825631,false,לייף קידס צלחת פרימיום פס סיליקון - מפרץ,לייף,CN,צלחת פרימיום פס סיליקון - מפרץ ההרפתקאות,,0.00,0.00,false,1.00,14.90,14.90,true,0,
7290117825648,false,לייף קידס קערת פרמיום פס סילקון - נסיכות,לייף,CN,קערת פרמיום פס סילקון - נסיכות דיסני,,0.00,0.00,false,1.00,12.90,12.90,true,0,
7290117825655,false,לייף קידס קערת פרמיום פס סילקון - מפרץ ה,לייף,CN,קערת פרמיום פס סילקון - מפרץ ההרפתקאות,,0.00,0.00,false,1.00,12.90,12.90,true,0,
7290117860038,false,"הוואי - תחליב רחצה יוגורט בניחוח אוכמניות 700 מ""ל","טרופיקל דגיל בע""\מ",IL,תחליב רחצה יוגורט בניחוח אוכמניות,,0.00,100.00,false,1.00,14.90,0.00,true,0,
7290117860045,false,שמפו תמציות אלוורה ותה ירוק לשיער רגיל,"טרופיקל גליל בע""מ",IL,שמפו אלוורה ותה ירוק לשיער רגיל,,0.00,100.00,false,1.00,14.90,0.00,true,0,
7290117860083,false,"הוואי קרם רחצה יוגורט בניחוח אירוס זהוב ודבש 700 מ""ל","טרופיקל דגיל בע""\מ",IL,קרם רחצה תמצית דבש וניחוח אירוס זהוב,,0.00,100.00,false,1.00,14.90,0.00,true,0,
7290117860090,false,מרכך תמציות אלוורה ותה ירוק לשיער רגיל,"טרופיקל דגיל בע""\מ",IL,מרכך אלוורה ותה ירוק לשיער רגיל,,0.00,100.00,false,1.00,14.90,0.00,true,0,
7290117860137,false,"הוואי קרם רחצה יוגורט בניחוח פרח הקמליה 700 מ""ל","טרופיקל גליל בע""מ",IL,קרם רחצה בניחוח פרח הקמליה,,0.00,100.00,false,1.00,14.90,0.00,true,0,
7290117860144,false,הוואי שמפו פירות אקזוטיים וקלנדולה 700,"טרופיקל גליל בע""מ",IL,שמפו פירות אקזוטיים וקלנדולה למניעת קשקשים,,0.00,100.00,false,1.00,14.90,0.00,true,0,
7290117860182,false,"הוואי - תחליב רחצה בניחוח מגנוליה ושמן שקדים 700 מ""ל","טרופיקל דגיל בע""\מ",IL,תחליב רחצה שמן שקדים וניחוח מגנוליה,,0.00,100.00,false,1.00,14.90,0.00,true,0,
7290117860199,false,שמפו שמן ורד הבר ושמן מקדמיה לשיער יבש,"טרופיקל דגיל בע""\מ",IL,שמפו שמן ורד הבר ושמן מקדמיה לשיער יבש,,0.00,100.00,false,1.00,14.90,0.00,true,0,
7290117860243,false,"הוואי - מרכך מעניק לחות לשיער יבש 700 מ""ל","טרופיקל גליל בע""מ",IL,מרכך שמן ורד הבר ושמן מקדמיה לשיער יבש,,0.00,100.00,false,1.00,14.90,0.00,true,0,
7290117860281,false,"הוואי - ג'ל רחצה לגבר בניחוח עוצמתי 700 מ""ל","טרופיקל דגיל בע""\מ",IL,MEN ג'ל רחצה בניחוח עוצמתי,,0.00,100.00,false,1.00,14.90,0.00,true,0,
7290117860298,false,שמפו קומפלקס קרטין לשיער עדין או חלש,"טרופיקל גליל בע""מ",IL,שמפו קומפלקס קרטין לשיער עדין או חלש,,0.00,100.00,false,1.00,11.90,0.00,true,0,
7290117860342,false,מרכך קומפלקס קרטין לשיער עדין או חלש,"טרופיקל גליל בע""מ",IL,מרכך קומפלקס קרטין לשיער עדין או חלש,,0.00,100.00,false,1.00,14.90,0.00,true,0,
7290117860380,false,"תחליב רחצה יוגורט בניחוח אלוורה 700 מ""ל הוואי","טרופיקל דגיל בע""\מ",IL,תחליב רחצה יוגורט בניחוח אלוורה,,0.00,100.00,false,1.00,14.90,0.00,true,0,
7290117860397,false,שמפו תמצית פריחת הדובדבן לשיער רגיל,"טרופיקל גליל בע""מ",IL,שמפו תמציות פריחת הדובדבן לשיער רגיל,,0.00,100.00,false,1.00,14.90,0.00,true,0,
7290117860441,false,"מרכך הוואי פריחת הדובדבן 700 מ""ל","טרופיקל גליל בע""מ",IL,מרכך תמציות פריחת הדובדבן לשיער רגיל,,0.00,100.00,false,1.00,14.90,0.00,true,0,
7290117860496,false,"הוואי שמפו + מרכך 2 ב-1 לגבר 700 מ""ל-חדש","טרופיקל גליל בע""מ",IL,MEN שמפו + מרכך 2 ב-1 לכל סוגי השיער,,0.00,100.00,false,1.00,14.90,0.00,true,0,
7290117860540,false,הוואי שמפו לילדים רוזמרין מנגו ומשמש 700,"טרופיקל דגיל בע""\מ",IL,KIDS שמפו תמציות רוזמרין ומנגו ושמן משמש מתיר קשרים לשיער נקי,,0.00,100.00,false,1.00,14.90,0.00,true,0,
7290117860595,false,הוואי מרכך לילדים רוזמרין מנגו ומשמש 700,"טרופיקל גליל בע""מ",IL,KIDS מרכך תמציות רוזמרין ומנגו ושמן משמש מתיר קשרים לשיער נקי,,0.00,100.00,false,1.00,14.90,0.00,true,0,
7290117860649,false,הוואי שמפו קרטין קיק ללא סולפטים 700 מל,"טרופיקל גליל בע""מ",IL,"שמפו קרטין, שמן קיק ומי ורדים ללא סולפטים לשיער שעבר טיפול מקצועי",,0.00,100.00,false,1.00,14.90,0.00,true,0,
7290117860694,false,הוואי מרכך קרטין קיק ללא סולפטים 700 מל,"טרופיקל גליל בע""מ",IL,"מרכך קרטין, שמן קיק ומי ורדים ללא סולפטים לשיער שעבר טיפול מקצועי",,0.00,100.00,false,1.00,14.90,0.00,true,0,
7290117860748,false,הוואי שמפו תמצית יסמין מעניק נפח 700 מל,"טרופיקל גליל בע""מ",IL,שמפו תמצית יסמין מעניק נפח לשיער דק,,0.00,100.00,false,1.00,14.90,0.00,true,0,
7290117860793,false,הוואי מרכך תמצית יסמין מעניק נפח 700 מל,"טרופיקל דגיל בע""\מ",IL,מרכך תמצית יסמין מעניק נפח לשיער דק,,0.00,100.00,false,1.00,14.90,0.00,true,0,
7290117860847,false,"הוואי רעננות מושלמת לגבר לשיער, גוף, פנים וזקן","טרופיקל גליל בע""מ",IL,"MEN שמפו + מרכך 4 ב-1 רעננות מושלמת לשיער, גוף, פנים וזקן",,0.00,100.00,false,1.00,14.90,0.00,true,0,
7290117860892,false,"הוואי - תחליב רחצה יוגורט בניחוח וניל ודבש 700 מ""ל","טרופיקל דגיל בע""\מ",IL,תחליב רחצה יוגורט בניחוח וניל ודבש,,0.00,100.00,false,1.00,14.90,0.00,true,0,
7290117860946,false,"תחליב רחצה יוגורט בניחוח קוקוס 700 מ""ל הוואי","טרופיקל דגיל בע""\מ",IL,תחליב רחצה יוגורט בניחוח קוקוס,,0.00,100.00,false,1.00,14.90,0.00,true,0,
7290117860991,false,"תחליב רחצה יוגורט בניחוח שקדים 700 מ""ל הוואי","טרופיקל דגיל בע""\מ",IL,תחליב רחצה יוגורט בניחוח שקדים,,0.00,100.00,false,1.00,14.90,0.00,true,0,
7290118200062,false,מגבונים בבישום עדין מהדורת גולדה- בודד,עלבד,IL,מגבונים לחים בניחוח עדין מהדורת גולדה,,0.00,0.00,false,1.00,3.90,0.00,true,0,
7290118200178,false,לייף בייביז בקבוק צר מיקי מאוס 2022,לייף,TH,בקבוק צר מיקי מאוס,,0.00,0.00,false,1.00,16.90,0.00,true,0,
7290118200192,false,לייף קידס ביסקוויטים חד קרן 3+,לייף,IL,ביסקוויטים אפויים עם קמח מלא לילדים - חד קרן,,0.00,0.00,false,1.00,12.90,0.00,true,0,
7290118200208,false,לייף קידס ביסקוויטים סמי הכבאי 3+,לייף,IL,ביסקוויטים אפויים עם קמח מלא לילדים - סמי הכבאי,,0.00,0.00,false,1.00,12.90,0.00,true,0,
7290118200246,false,לייף כוס אימון 250 מל פיה רכה+ידית,ויטאל בייבי,CN,כוס אימון 250 מל פיה רכה+ידית,,0.00,0.00,false,1.00,32.90,0.00,true,0,
7290118200314,false,לייף טישו קוביה 56 יח ירוק כתום,לייף,IL,ממחטות נייר רכות במיוחד תלת-שכבתיות טישו קוביה ירוק got an issues here's a tissue?,,0.00,0.00,false,1.00,6.90,0.12,true,0,
7290118200321,false,לייף טישו קוביה 56 יח תכלת ורוד,לייף,IL,ממחטות נייר רכות במיוחד תלת-שכבתיות טישו קוביה תכלת always here for you,,0.00,0.00,false,1.00,6.90,0.12,true,0,
7290118200383,false,סו.קו מברשת ניקוי לגוף,General,CN,מברשת ניקוי לגוף,,0.00,0.00,false,1.00,19.90,0.00,true,0,
7290118200451,false,סאנדיי מפיות אירוח בצבע לבן 50 יח XL,מ.א.מטליות,IT,"מפיות אירוח איכותיות תלת שכבתיות בצבע לבן גדולות במיוחד 39*39 ס""מ",,0.00,0.00,false,1.00,12.90,0.25,true,0,
7290118200802,false,מכנס וחולצה בנות איור תות מידה 12-18 חו,מיננה,,ומיננה חליפת מעבר 12-18 חודשים,,0.00,0.00,false,1.00,59.90,59.90,true,0,
7290118200888,false,מכנס וחולצה בנות ורוד מידה 12-18 חודשים,מיננה,,ומיננה חליפת מעבר 12-18 חודשים,,0.00,0.00,false,1.00,59.90,59.90,true,0,
7290118200901,false,מכנס וחולצה בנות ורוד מידה 2-3 שנים,מיננה,,ומיננה חליפת מעבר 2-3 שנים,,0.00,0.00,false,1.00,59.90,59.90,true,0,
7290118201045,false,וולנס PRO חטיף חלבון בוטנים ושוקולד מריר,לייף,IL,PRO חטיף עשיר בחלבון בוטנים ושוקולד מריר,,0.00,1.00,false,1.00,6.90,0.69,true,0,
7290118201083,false,בקבוק נירוסטה דופן כפולה 500 מל שומר קור,שמחה זה אנחנו,CN,"בקבוק נירוסטה דופן כפולה 500 מ""ל שומר קור",,0.00,0.00,false,1.00,34.90,0.00,true,0,
7290118201090,false,לייף טישו קוביה במבו 60 יחידות 3 שכבות,לייף,IL,טישו קוביה במבו 3 שכבות,,0.00,0.00,false,1.00,7.90,0.13,true,0,
7290118201120,false,סאנדיי אקונומיקה מבושמת 4 ליטר פקק בטחון,זוהר דליה,IL,אקונומיקה מבושמת,,0.00,1.00,false,1.00,13.90,3.47,true,0,
7290118201137,false,לייף סטרונג-הייר FREE שמפו 400 מל,לייף,IL,שמפו FREE טיפולי סטרונג-הייר,,0.00,100.00,false,1.00,49.90,0.00,true,0,
7290118201205,false,סאפורה פירורי ביסקוויט בטעם וניל 300 גרם,לייף,IL,פירורי ביסקוויט בטעם וניל,,0.00,100.00,false,1.00,4.90,0.00,true,0,
7290118201212,false,מוצץ גומי טבעי 0-6 בלון (אפור),איתן,IL,מוצץ גומי טבעי 0-6 בלון,,0.00,0.00,false,1.00,19.90,0.00,true,0,
7290118201229,false,מוצץ גומי טבעי 6-18 בלון (אפור),איתן,IL,מוצץ גומי טבעי 6-18 בלון,,0.00,0.00,false,1.00,19.90,0.00,true,0,
7290118201236,false,מוצץ גומי טבעי אורתודנטי 0-6 (חום),איתן,IL,מוצץ גומי טבעי אורתודנטי 0-6,,0.00,0.00,false,1.00,19.90,0.00,true,0,
7290118201243,false,מוצץ גומי טבעי אורתודנטי 6-18 (חום),איתן,IL,מוצץ גומי טבעי אורתודנטי 6-18,,0.00,0.00,false,1.00,19.90,0.00,true,0,
7290118201427,false,לייף טישו קוביה 56 יח מיקי מאוס,לייף,IL,ממחטות נייר רכות במיוחד תלת-שכבתיות מיקי מאוס,,0.00,0.00,false,1.00,6.90,0.12,true,0,
7290118201434,false,לייף טישו קוביה 56 יח מיני מאוס,לייף,IL,ממחטות נייר רכות במיוחד תלת-שכבתיות מיני מאוס,,0.00,0.00,false,1.00,6.90,0.12,true,0,
7290118201557,false,לייף קידס מגן מזרן למיטת יחיד,איתן,,"מגן מזרן - למיטת יחיד 90X200 ס""מ",,0.00,0.00,false,1.00,49.90,49.90,true,0,
7290118201922,false,לייף טישו קופסא 150 יחידות,לייף,IL,טישו 3 שכבות אולטרה סופט,,0.00,0.00,false,1.00,6.90,0.04,true,0,
7290118202585,false,לייף וולנס חליטת צאי מסאלה הודי 50 תיונ,לייף,IL,צ'אי מסאלה הודי,,0.00,0.00,false,1.00,29.90,0.59,true,0,
7290118203476,false,לייף קידס מוס רחצה לילדים ברבי 200 מל,סאסא-טק,IL,מוס רחצה לילדים ברבי,,0.00,100.00,false,1.00,11.90,0.00,true,0,
7290118203575,false,לייף וולנס תה ירוק עם עשב לימון לואיזה50,לייף,,תה ירוק עם עשב לימון לואיזה,,0.00,0.00,false,1.00,29.90,0.59,true,0,
7290118203995,false,לייף בייביז חטיף בוטנים +12 חודשים,לייף,IL,חטיף בוטנים +12 חודשים,,0.00,100.00,false,1.00,6.90,0.00,true,0,
7296089000298,false,"אלו אקטיב מ.שיניים סנסטיב 100 מ""ל אלוורה",זר הייטק,,משחת שיניים מיסוואק,,0.00,0.00,false,1.00,29.90,0.29,true,0,
7296089001646,false,בלנקס וויט שוק ערכה להלבנת שיניים+משחה,זר הייטק,IT,WHITE SHOCK ערכת טיפול להלבנת שיניים + מילוי,,0.00,0.00,false,1.00,129.00,0.00,true,0,
7296089001660,false,בלנקס וויט שוק עט להלבנת שיניים+ערכת טיפ,זר הייטק,IT,WHITE SHOCK עט להלבנת שיניים + ערכת טיפול להלבנת שיניים,,0.00,0.00,false,1.00,149.00,0.00,true,0,
7296168003707,false,מגן מזרן מגבת מיטה זוגית,איתן ציוד רפואי,,מגן מזרן מגבת מיטה זוגית,,0.00,0.00,false,1.00,99.90,99.90,true,0,
7296168003714,false,מגן מזרן מגבת מיטת יחיד,איתן ציוד רפואי,,מגן מזרן מגבת מיטת יחיד,,0.00,0.00,false,1.00,59.90,59.90,true,0,
7296168003721,false,מגן מזרן 120/190,איתן ציוד רפואי,,מגן מזרן 120/190,,0.00,0.00,false,1.00,89.90,89.90,true,0,
7296168015526,false,סדין למיטה זוגית,איתן ציוד רפואי,,סדין למיטה זוגית,,0.00,0.00,false,1.00,43.90,43.90,true,0,
7296168015533,false,סדין נוער למזרן קפיצים,איתן,,סדין נוער למזרן קפיצים,,0.00,0.00,false,1.00,25.90,25.90,true,0,
7296168076732,false,טופמד מדבקות לפצעונים,איתן,KR,מדבקות לפצעונים,,0.00,0.00,false,1.00,29.90,0.00,true,0,
7296179021660,false,מידנייט חמאת גוף 300 מל,שיק תעשיות תמרוקים,IL,חמאת גוף מבושמת,,0.00,100.00,false,1.00,36.90,0.00,true,0,
7296179021677,false,מידנייט WHITE חמאת גוף 300 מל,חלאבין,IL,מידנייט white חמאת גוף,,0.00,100.00,false,1.00,29.90,0.00,true,0,
7296179021707,false,חמאת גוף לאב ליין 300מ'ל,שיק תעשיות תמרוקים,IL,חמאת גוף מבושמת,,0.00,100.00,false,1.00,36.90,0.00,true,0,
7296179021721,false,מידנייט WHITE קרם ידיים 100 מל,General,IL,מידנייט white קרם מועשר לידיים יבשות,,0.00,0.00,false,1.00,10.90,0.10,true,0,
7296179021738,false,מידנייט WHITE דאודורנט רול און 80 מל,General,IL,מידנייט white דאודורנט רול-און עד 48 שעות,,0.00,0.00,false,1.00,18.90,0.00,true,0,
7296179021752,false,מידנייט WHITE קרם גוף 275 מל,חלאבין,IL,מידנייט white קרם גוף,,0.00,100.00,false,1.00,29.90,0.00,true,0,
7296179021769,false,מידנייט WHITE דאודורנט ספריי 187 מל,חלאבין,IL,מידנייט white דאודורנט ספריי,,0.00,100.00,false,1.00,18.90,0.00,true,0,
7296179029642,false,מידנייט WILD דאודורנט רול און 80 מל,חלאבין,IL,מידנייט wild דאודורנט רול-און עד 48 שעות,,0.00,0.00,false,1.00,18.90,0.00,true,0,
7296179029659,false,מידנייט WILD קרם גוף 275 מל,חלאבין,IL,מידנייט wild קרם גוף,,0.00,100.00,false,1.00,36.90,0.00,true,0,
7296179029666,false,מידנייט WILD קרם ידיים 100 מל,חלאבין,IL,מידנייט wild קרם מועשר לידיים יבשות,,0.00,0.00,false,1.00,12.90,0.12,true,0,
7296179029673,false,מידנייט WILD דאודורנט ספריי 187 מל,חלאבין,IL,מידנייט wild דאודורנט ספריי,,0.00,100.00,false,1.00,18.90,0.00,true,0,
7298074501018,false,בליסטקס קלאסיק שפתון לשפתיים יבשות וסדוק,מדיליין פריגו,US,קלאסיק - שפתון לשפתיים יבשות וסדוקות,,0.00,100.00,false,1.00,12.90,0.03,true,0,
7298074501063,false,ג'ל ייבוש טיפולי נטול שומן,פריגו,,ג'ל ייבוש טיפולי נטול שומן,,0.00,100.00,false,1.00,69.50,0.04,true,0,
7298074501070,false,"אקניל תחליב 100 מ""ל",(PERRIGO(AGIS,,תחליב לחות טיפולי נטול שומן לטיפול בפצעונים,,0.00,0.00,false,1.00,69.90,0.69,true,0,
7298074501087,false,אקניל רוז קרם פנים 30מל,(PERRIGO(AGIS,,"קרם פנים לטיפול באדמומיות העור, סומק ונימים",,0.00,100.00,false,1.00,99.90,0.03,true,0,
7298074501933,false,בליסטקס משחה טיפולית לשפתיים בטעם דובדבן,מדיליין פריגו,US,משחה טיפולית לשפתיים SPF 15 בטעם דובדבן,,0.00,0.00,false,1.00,29.90,0.00,true,0,
7298074501995,false,בליסטקס סטיק אולטרא SPF50,מדיליין פריגו,US,שפתון אולטרא SPF50,,0.00,0.00,false,1.00,15.90,0.00,true,0,
7298074502015,false,בליסטקס ליפ סרום - בליסטר,מדיליין פריגו,US,בליסטקס ליפ סרום,,0.00,0.00,false,1.00,29.90,0.00,true,0,
7298074502220,false,בליסטקס ליפ אינפיוזן סגול NOURISH,מדיליין פריגו,US,שפתון ליפ אינפיוז'ן סגול NOURISH,,0.00,0.00,false,1.00,19.90,0.00,true,0,
7298074502268,false,בליסטקס ליפ אינפיוזן כחול HYDRATION,מדיליין פריגו,US,שפתון ליפ אינפיוז'ן כחול HYDRATION,,0.00,0.00,false,1.00,19.90,0.00,true,0,
7298074502343,false,אקניל מוס ניקוי טיפולי נטול שומן לעור מע,פריגו,IL,מוס ניקוי טיפולי - נטול שומן לעור מעורב,,0.00,100.00,false,1.00,79.90,0.00,true,0,
7298074502374,false,בליסטקס ליפ אינפיוזן כתום,מדיליין פריגו,US,שפתון ליפ אינפיוז'ן כתום RESTORE,,0.00,0.00,false,1.00,19.90,0.00,true,0,
7298074502381,false,בליסטקס ליפ אינפיוזן ירוק,מדיליין פריגו,US,שפתון ליפ אינפיוז'ן ירוק SOOTHING,,0.00,0.00,false,1.00,19.90,0.00,true,0,
7298074502398,false,בליסטקס משחה טיפולית - בליסטר,מדיליין פריגו,US,בליסטקס משחה טיפולית לשפתיים SPF15 - בליסטר,,0.00,0.00,false,1.00,29.90,0.00,true,0,
7298074502589,false,ACNIL WASH זוג,פריגו,IL,תרחיץ פנים טיפולי נטול שומן,,0.00,100.00,false,1.00,99.00,0.00,true,0,
7298171183957,false,שמיכת פלנל פרווה 185/125 עיצוב מיקי מאוס,לייף,,"כרבולית פליז מפנקת שתי שכבות עיצוב מיקי מאוס 185/125 ס""מ",,0.00,0.00,false,1.00,49.90,0.00,true,0,
7350068604096,false,CCS קרם טיפולי לרגליים סדוקות 75 מל,כמיפל שיווק,SE,קרם טיפולי לרגליים סדוקות,,0.00,100.00,false,1.00,59.90,0.00,true,0,
7350068604102,false,CCS קרם רגליים טיפולי 175 מל,כמיפל שיווק,SE,קרם רגליים טיפולי,,0.00,100.00,false,1.00,69.90,0.00,true,0,
7350068604119,false,CCS קרם ידיים טיפולי 200 מל,כמיפל שיווק,SE,קרם ידיים טיפולי,,0.00,100.00,false,1.00,69.90,0.00,true,0,
7350075693564,false,THE HUMBLE פראוד מברשת שיניים למבוגרים,זר הייטק,CN,פראוד מברשת שיניים במבוק למבוגרים סופט - בצבעי הקשת,,0.00,0.00,false,1.00,21.90,0.00,true,0,
7509546057545,false,ליידי ספיד סטיק דרמה פנינה סטיק,קולגייט פלמוליב,US,דאודורנט סטיק פרו 5,,0.00,100.00,false,1.00,25.90,0.00,true,0,
7509546061160,false,"משחת שיניים לילדים מיניונים 2-5 75 מ""ל קולגייט",קולגייט פלמוליב,PL,משחת שיניים לילדים מיניונים בגילאי 2-6 בטעם פירות נהדר,,0.00,100.00,false,1.00,17.90,0.00,true,0,
7509546061665,false,דאודורנט סטיק ג'ל לגבר 24/7 אקסטרים אינטנס,קולגייט פלמוליב,US,דאודורנט ג'ל אקסטרים אינטנס,,0.00,100.00,false,1.00,31.90,0.00,true,0,
7509546061672,false,דאודורנט סטיק אקסטרים אינטנס,קולגייט פלמוליב,US,דאודורנט סטיק אקטסרים,,0.00,100.00,false,1.00,25.90,0.00,true,0,
7509546063515,false,ליידי ספיד סטיק -סטיק פרו 5 ספריי 150 מל,קולגייט פלמוליב,MX,PRO 5 דאודורנט ספריי,,0.00,100.00,false,1.00,24.90,0.00,true,0,
7509546666846,false,"קולגייט טוטאל משחת שיניים פחם 75 מ""ל",קולגייט פלמוליב,PL,משחת שיניים טוטאל פחם,,0.00,100.00,false,1.00,21.90,0.00,true,0,
7509546669144,false,ספיד סטיק דאו גל פיל אטרקטיב 85 גרם,שסטוביץ,US,דאודורנט ג'ל פיל אטרקטיב,,0.00,100.00,false,1.00,31.90,0.00,true,0,
7509546671314,false,ליידי ספיד סטיק זירו קוקוס סטיק 40 גרם,General,US,דאודורנט סטיק זירו בניחוח קוקוס מרענן,,0.00,100.00,false,1.00,29.90,0.00,true,0,
7509546671376,false,ליידי ספיד סטיק זירו ורד סטיק 40 גרם,General,US,דאודורנט סטיק זירו בניחוח עלי כותרת של ורדים,,0.00,100.00,false,1.00,29.90,0.00,true,0,
7509546678702,false,קולגייט משחת שיניים טוטל אנטי טרטר 100 מ,קולגייט-פלמוליב,PL,משחת שיניים טוטאל עם פלואוריד למניעת אבן שן,,0.00,0.00,false,1.00,21.90,0.21,true,0,
7610458010037,false,מברשת אינטרספייס דו צדדית 1003,פארו paro,,מברשת אינטרספייס דו צדדית 1003,,0.00,0.00,false,1.00,35.90,0.00,true,0,
7610458010136,false,מברשת אינטרספייס 1013,פארו paro,,מברשת אינטרספייס לניקוי קו השיניים 1013,,0.00,0.00,false,1.00,42.90,7.15,true,0,
7610458010150,false,"מברשת בין שינית 5.0 מ""מ ללא ידית 1015",פארו paro,,איזולה מברשת ספירלית 1015,,0.00,0.00,false,1.00,61.90,0.00,true,0,
7610458010167,false,פארו מברשת 1016איזולה,סיראם,,איזולה מברשת ספירלית 1016,,0.00,0.00,false,1.00,61.90,0.00,true,0,
7610458010303,false,פארו 1030 ערכת סליידר ידית עם 3 מברשות,סיראם,CH,1030 ערכת סליידר הכוללת ידית עם 3 מברשות בין שיניות,,0.00,0.00,false,1.00,99.90,0.00,true,0,
7610458010464,false,"מברשת בין שינית 3/7 מ""מ להרכבה על ידית 1046",פארו paro,,מברשת ספירלית איזולה 1046,,0.00,0.00,false,1.00,40.90,8.18,true,0,
7610458010488,false,"מברשת בין שינית 1.7 מ""מ להרכבה על ידית 1048",פארו paro,,איזולה מברשת ספירלית 1048,,0.00,0.00,false,1.00,40.90,8.18,true,0,
7610458010495,false,"מברשת בין שינית 1.9/5.0 מ""מ להרכבה על ידית 1049",פארו paro,,"מברשת ספרילית איזולה קצרה 1.9/5 מ""מ 1049",,0.00,0.00,false,1.00,40.90,8.18,true,0,
7610458010617,false,פארו מברשת 1061 קיסם לידית,סיראם,,קיסם מבריש לניקוי השיניים 1061,,0.00,0.00,false,1.00,58.90,5.89,true,0,
7610458010723,false,פלקסי גריפ 1072 1.7 ממ,סיראם,,פלקסי גריפ מברשת ספירלית,,0.00,0.00,false,1.00,40.90,10.22,true,0,
7610458010792,false,פארו 1079 מברשת בין שינית עם ידית אחיזה,סיראם,,פלקסי גריפ מברשת ספירלית 1079,,0.00,0.00,false,1.00,40.90,0.00,true,0,
7610458017500,false,קיסמי שיניים מעץ סולידוקס 1750,פארו paro,,סולידוקס קיסמי עץ 1750,,0.00,0.00,false,1.00,34.90,0.36,true,0,
7610458017517,false,פארו קיסמים 1751,סיראם,,קיסמי עץ מיקרו 1751,,0.00,0.00,false,1.00,34.90,0.36,true,0,
7610458017555,false,קיסמי שיניים מעץ פרש-סטיק בטעם מנטה 1755,פארו paro,,קיסמי שיניים פרש סטיק מעץ גודל מדיום בטעם מנטה,,0.00,0.00,false,1.00,36.90,0.38,true,0,
7610458017623,false,חוט דנטלי גלייד-טייפ מטפלון 1762,פארו paro,,גלייד טייפ חוט דנטלי מטפלון 1762,,0.00,1.00,false,1.00,34.90,1.74,true,0,
7610458107096,false,709-מברשת רכה 4 שורות אינטרספייס ירוק בה,סיראם,CH,709-מברשת שיניים רכה 4 שורות אינטרספייס ירוק בהיר,,0.00,0.00,false,1.00,25.90,0.00,true,0,
7610458107140,false,714-מברשת שיניים רכה במיוחד 5 שורות ירוק,סיראם,,714-מברשת שיניים רכה במיוחד 5 שורות ירוק בהיר,,0.00,0.00,false,1.00,28.90,0.00,true,0,
7610458107157,false,715-מברשת שיניים רכה 5 שורות ירוק בהיר,סיראם,CH,715-מברשת שיניים רכה 5 שורות ירוק בהיר,,0.00,0.00,false,1.00,28.90,0.00,true,0,
7610458107263,false,פארו 726-מברשת שיניים רכה במיוחד ירוק בה,סיראם,,726-מברשת שיניים רכה במיוחד - ירוק בהיר,,0.00,0.00,false,1.00,29.90,0.00,true,0,
7610458107393,false,739-מברשת רכה 3 שורות אינטרספייס ירוק בה,סיראם,CH,739-מברשת שיניים רכה 3 שורות אינטרספייס ירוק בהיר,,0.00,0.00,false,1.00,25.90,0.00,true,0,
7610458107447,false,744-מברשת שיניים 3 שורות אינטרספייס ירוק,סיראם,CH,744-מברשת שיניים 3 שורות אינטרספייס ירוק בהיר,,0.00,0.00,false,1.00,26.90,0.00,true,0,
7610458207093,false,709-מברשת רכה 4 שורות אינטרספייס טורקיז,סיראם,CH,709-מברשת שיניים רכה 4 שורות אינטרספייס טורקיז,,0.00,0.00,false,1.00,25.90,0.00,true,0,
7610458207147,false,714-מברשת שיניים רכה במיוחד 5 שורות טורק,סיראם,,714-מברשת שיניים רכה במיוחד 5 שורות טורקיז,,0.00,0.00,false,1.00,28.90,0.00,true,0,
7610458207154,false,715-מברשת שיניים רכה 5 שורות טורקיז,סיראם,CH,715-מברשת שיניים רכה 5 שורות טורקיז,,0.00,0.00,false,1.00,28.90,0.00,true,0,
7610458207260,false,פארו 726-מברשת שיניים רכה במיוחד טורקיז,סיראם,,726-מברשת שיניים רכה במיוחד - טורקיז,,0.00,0.00,false,1.00,29.90,0.00,true,0,
7610458207390,false,739-מברשת רכה 3 שורות אינטרספייס טורקיז,סיראם,CH,739-מברשת שיניים רכה 3 שורות אינטרספייס טורקיז,,0.00,0.00,false,1.00,25.90,0.00,true,0,
7610458207444,false,744-מברשת שיניים 3 שורות אינטרספייס טורק,סיראם,CH,744-מברשת שיניים 3 שורות אינטרספייס טורקיז,,0.00,0.00,false,1.00,26.90,0.00,true,0,
7610458307090,false,709-מברשת רכה 4 שורות אינטרספייס תכלת,סיראם,CH,709-מברשת שיניים רכה 4 שורות אינטרספייס תכלת,,0.00,0.00,false,1.00,25.90,0.00,true,0,
7610458307144,false,714-מברשת שיניים רכה במיוחד 5 שורות תכלת,סיראם,,714-מברשת שיניים רכה במיוחד 5 שורות תכלת,,0.00,0.00,false,1.00,28.90,0.00,true,0,
7610458307151,false,715-מברשת שיניים רכה 5 שורות תכלת,סיראם,CH,715-מברשת שיניים רכה 5 שורות תכלת,,0.00,0.00,false,1.00,28.90,0.00,true,0,
7610458307267,false,פארו 726-מברשת שיניים רכה במיוחד כחול בה,סיראם,CH,726-מברשת שיניים רכה במיוחד - כחול בהיר,,0.00,0.00,false,1.00,29.90,0.00,true,0,
7610458307397,false,739-מברשת רכה 3 שורות אינטרספייס תכלת,סיראם,CH,739-מברשת שיניים רכה 3 שורות אינטרספייס תכלת,,0.00,0.00,false,1.00,25.90,0.00,true,0,
7610458307441,false,744-מברשת שיניים 3 שורות אינטרספייס תכלת,סיראם,CH,744-מברשת שיניים 3 שורות אינטרספייס תכלת,,0.00,0.00,false,1.00,26.90,0.00,true,0,
7610458407097,false,709-מברשת רכה 4 שורות אינטרספייס כחול כה,סיראם,CH,709-מברשת שיניים רכה 4 שורות אינטרספייס כחול כהה,,0.00,0.00,false,1.00,25.90,0.00,true,0,
7610458407141,false,714-מברשת שיניים רכה במיוחד 5 שורות כחול,סיראם,,714-מברשת שיניים רכה במיוחד 5 שורות כחול כהה,,0.00,0.00,false,1.00,28.90,0.00,true,0,
7610458407158,false,715-מברשת שיניים רכה 5 שורות כחול כהה,סיראם,CH,715-מברשת שיניים רכה 5 שורות כחול כהה,,0.00,0.00,false,1.00,28.90,0.00,true,0,
7610458407264,false,פארו 726-מברשת שיניים רכה במיוחד כחול כה,סיראם,CH,726-מברשת שיניים רכה במיוחד - כחול כהה,,0.00,0.00,false,1.00,29.90,0.00,true,0,
7610458407394,false,739-מברשת רכה 3 שורות אינטרספייס כחול כה,סיראם,CH,739-מברשת שיניים רכה 3 שורות אינטרספייס כחול כהה,,0.00,0.00,false,1.00,25.90,0.00,true,0,
7610458407448,false,744-מברשת שיניים 3 שורות אינטרספייס כחול,סיראם,CH,744-מברשת שיניים 3 שורות אינטרספייס כחול כהה,,0.00,0.00,false,1.00,26.90,0.00,true,0,
7610458507094,false,709-מברשת רכה 4 שורות אינטרספייס כתום,סיראם,CH,709-מברשת שיניים רכה 4 שורות אינטרספייס כתום,,0.00,0.00,false,1.00,25.90,0.00,true,0,
7610458507148,false,714-מברשת שיניים רכה במיוחד 5 שורות כתום,סיראם,,714-מברשת שיניים רכה במיוחד 5 שורות כתום,,0.00,0.00,false,1.00,28.90,0.00,true,0,
7610458507155,false,715-מברשת שיניים רכה 5 שורות כתום,סיראם,CH,715-מברשת שיניים רכה 5 שורות כתום,,0.00,0.00,false,1.00,28.90,0.00,true,0,
7610458507261,false,פארו 726-מברשת שיניים רכה במיוחד כתום,סיראם,CH,726-מברשת שיניים רכה במיוחד - כתום,,0.00,0.00,false,1.00,29.90,0.00,true,0,
7610458507391,false,739-מברשת רכה 3 שורות אינטרספייס כתום,סיראם,CH,739-מברשת שיניים רכה 3 שורות אינטרספייס כתום,,0.00,0.00,false,1.00,25.90,0.00,true,0,
7610458507445,false,744-מברשת שיניים 3 שורות אינטרספייס כתום,סיראם,CH,744-מברשת שיניים 3 שורות אינטרספייס כתום,,0.00,0.00,false,1.00,26.90,0.00,true,0,
7610458607091,false,709-מברשת רכה 4 שורות אינטרספייס ורוד,סיראם,CH,709-מברשת שיניים רכה 4 שורות אינטרספייס ורוד,,0.00,0.00,false,1.00,25.90,0.00,true,0,
7610458607145,false,714-מברשת שיניים רכה במיוחד 5 שורות ורוד,סיראם,,714-מברשת שיניים רכה במיוחד 5 שורות ורוד,,0.00,0.00,false,1.00,28.90,0.00,true,0,
7610458607152,false,715-מברשת שיניים רכה 5 שורות ורוד,סיראם,CH,715-מברשת שיניים רכה 5 שורות ורוד,,0.00,0.00,false,1.00,28.90,0.00,true,0,
7610458607268,false,פארו 726-מברשת שיניים רכה במיוחד ורוד,סיראם,CH,726-מברשת שיניים רכה במיוחד - ורוד,,0.00,0.00,false,1.00,29.90,0.00,true,0,
7610458607398,false,739-מברשת רכה 3 שורות אינטרספייס ורוד,סיראם,CH,739-מברשת שיניים רכה 3 שורות אינטרספייס ורוד,,0.00,0.00,false,1.00,25.90,0.00,true,0,
7610458607442,false,744-מברשת שיניים 3 שורות אינטרספייס ורוד,סיראם,CH,744-מברשת שיניים 3 שורות אינטרספייס ורוד,,0.00,0.00,false,1.00,26.90,0.00,true,0,
7611916124877,false,וולדה סקראב פניני שעווה לניקוי עמוק 150,סמואלוב,DE,סקראב פניני שעווה לניקוי עמוק,,0.00,100.00,false,1.00,69.90,0.00,true,0,
7611916160738,false,וולדה גל רחצה ארומטי ENERGY,סמואלוב,DE,ג'ל רחצה ארומטי ENERGY,,0.00,100.00,false,1.00,44.90,0.00,true,0,
7611916160752,false,וולדה גל רחצה ארומטי HARMONY,סמואלוב,DE,ג'ל רחצה ארומטי HARMONY,,0.00,100.00,false,1.00,44.90,0.00,true,0,
7611916160769,false,וולדה תחליב רחצה ארומטי LOVE,סמואלוב,DE,תחליב רחצה ארומטי LOVE,,0.00,100.00,false,1.00,44.90,0.00,true,0,
7611916160776,false,וולדה תחליב רחצה ארומטי RELAX,סמואלוב,DE,תחליב רחצה ארומטי RELAX,,0.00,100.00,false,1.00,44.90,0.00,true,0,
7611916357756,false,וולדה תרסיס לחות לעור הפנים,סמואלוב,DE,תרסיס לחות לעור הפנים,,0.00,0.00,false,1.00,69.90,0.69,true,0,
7613035829831,false,מטרנה מארז 6 בקבוקים שלב 1 מוכנים לשימוש,אסם,IL,מארז בקבוקים ופטמות מוכנים לשימוש שלב 1,,0.00,100.00,false,1.00,34.90,0.00,true,0,
<<<<<<< HEAD
7613036880534,false,גרבר מחית ירקות מעורבים מטרנה 190 גר',נסטלה פולסקה אס.איי,PL,מחית מרק ירקות מעורבים,,0.00,100.00,false,1.00,6.90,0.00,true,0,
7613037012200,false,גרבר מחית תפוח גזר ומנגו 90 גרם פאוץ,"מפעל סברס, נסטלה ספרד ס.",PL,מחית תפוח גזר ומנגו +6 חודשים,,0.00,100.00,false,1.00,5.90,0.00,true,0,
7613039547632,false,גרבר מחית תפוח בננה ותות 90 גרם פאוץ,שוורצקוף& הנקל דיסלד,ES,מחית תפוח בננה ותות +6 חודשים,,0.00,100.00,false,1.00,5.90,0.00,true,0,
7613039547731,false,גרבר מחית תפוח עץ ומשמש 90 גרם פאוץ,"מפעל סברס, נסטלה ספרד ס.",ES,מחית תפוח עץ ומשמש +6 חודשים,,0.00,100.00,false,1.00,5.90,0.00,true,0,
7613039547922,false,גרבר מחית אגס תפוח ובננה 90 גרם פאוץ,נסטלה ספרד,ES,מחית אגס תפוח ובננה +6 חודשים,,0.00,100.00,false,1.00,5.90,0.00,true,0,
7613039879382,false,גרבר - מחית תפוחי עץ 190 גרם,נסטלה פולסקה אס.איי,PL,מחית תפוחי עץ 6+ חודשים,,0.00,100.00,false,1.00,6.90,0.00,true,0,
7613039880807,false,גרבר מחית תפוח וגזר 190 גרם,נסטלה פולסקה אס.איי,PL,מחית תפוח גזר,,0.00,100.00,false,1.00,6.90,0.00,true,0,
7613039881521,false,גרבר מחית מרק מנגו 190 גרם,נסטלה פולסקה אס.איי,PL,מחית מנגו,,0.00,100.00,false,1.00,6.90,0.00,true,0,
7613039881965,false,גרבר מחית גזר תפוח ומנגו 190 גרם,נסטלה פולסקה אס.איי,PL,מחית גזר תפוח ומנגו,,0.00,100.00,false,1.00,6.90,0.00,true,0,
7613287155832,false,גרבר מחית תפוחי עץ 90 גרם פאוץ,"מפעל סברס, נסטלה ספרד ס.",ES,מחית תפוחי עץ +6 חודשים,,0.00,100.00,false,1.00,5.90,0.00,true,0,
7613287155863,false,מטרנה מחית אגס פאוץ' 90 גר',"מפעל סברס, נסטלה ספרד ס.",ES,מחית אגס +6 חודשים,,0.00,100.00,false,1.00,5.90,0.00,true,0,
7613287155894,false,"גרבר מחית אפרסק פאוץ כשל""פ 90 גרם","מפעל סברס, נסטלה ספרד ס.",ES,מחית אפרסק +6 חודשים,,0.00,100.00,false,1.00,5.90,0.00,true,0,
7613287155924,false,מטרנה מחית תפוח וגזר פאוץ' 90 גר',"מפעל סברס, נסטלה ספרד ס.",ES,מחית תפוח גזר +6 חודשים,,0.00,100.00,false,1.00,5.90,0.00,true,0,
7613287181411,false,ויטמינציק מחית סלט פירות 110 גרם,"טרופיקל דגיל בע""מ אז",ES,מחית סלט פירות,,0.00,100.00,false,1.00,5.90,0.00,true,0,
7613287182326,false,ויטמינציק מחית בננה תפוח 110 גרם,"נסטלה ספרד ס.א, מפעל",ES,מחית בננה תפוח,,0.00,100.00,false,1.00,5.90,0.00,true,0,
7613287182425,false,ויטמינציק מחית תפוח בננה ותות 110 גרם,"טרופיקל דגיל בע""מ אז",ES,מחית תפוח בננה ותות,,0.00,100.00,false,1.00,5.90,0.00,true,0,
7613287182456,false,ויטמינציק מחית אגס בננה תפוח 110 גרם,"נסטלה ספרד ס.א, מפעל",ES,מחית אגס בננה תפוח,,0.00,100.00,false,1.00,5.90,0.00,true,0,
7613287186928,false,סטארבקס קפסולות קפה ברקפסט רוסט 10יח,נסטלה שוויץ - קפה,CH,קפסולות קפה ברקפסט רוסט,,0.00,0.00,false,1.00,21.90,2.19,true,0,
7613287302373,false,סטארבקס קפסולות איטליאן סטייל רוסט 56 גרם,נסטלה שוויץ - קפה,PT,קפסולות קפה איטליאן סטייל רוסט,,0.00,0.00,false,1.00,21.90,2.19,true,0,
7613287325853,false,אוסם - דיפ אנד ספרד מטבל איולי ספייסי 295 גרם,נסטלה פולין,PL,מטבל איולי עם פלפלים חריפים - בקבוק לחיץ,,0.00,100.00,false,1.00,5.00,0.00,true,0,
7613287855640,false,סטארבקס קפסולות קפה גוואטמלה 10 יחידות,נסטלה שוויץ - קפה,CH,קפסולות קפה גוואטמלה,,0.00,0.00,false,1.00,21.90,2.19,true,0,
7614500035788,false,טובלרון שוקולד חלב 200 גרם,מונדלייז,CH,שוקולד חלב,,0.00,100.00,false,1.00,19.90,0.00,true,0,
7622201801809,false,מילקה שוקולד חלב עם אגוזים 100 גרם חדש,מנדלז דויצ'\לנד סנקס פרו,,שוקולד חלב עם אגוזים,,0.00,0.00,false,1.00,9.90,0.09,true,0,
7622210829085,false,עוגיות אוראו וניל דקים 96 גרם,פי אר ג'יי אס אי מנד,UA,THINS עוגיות ממולאות קרם וניל,,0.00,100.00,false,1.00,9.90,0.00,true,0,
7622300772314,false,עוגיות אוראו ממולאות קרם וניל 66 גרם,מונדלייז,CZ,עוגיות ממולאות קרם וניל,,0.00,100.00,false,1.00,4.90,0.00,true,0,
=======
7613036880534,false,גרבר מחית ירקות מעורבים מטרנה 190 גר',קבוצת אוסם סחר שותפות מוגבלת,PL,מחית מרק ירקות מעורבים,,0.00,100.00,false,1.00,6.90,0.00,true,0,
7613037012200,false,גרבר מחית תפוח גזר ומנגו 90 גרם פאוץ,קבוצת אוסם סחר שותפות מוגבלת,PL,מחית תפוח גזר ומנגו +6 חודשים,,0.00,100.00,false,1.00,5.90,0.00,true,0,
7613039547632,false,גרבר מחית תפוח בננה ותות 90 גרם פאוץ,קבוצת אוסם סחר שותפות מוגבלת,ES,מחית תפוח בננה ותות +6 חודשים,,0.00,100.00,false,1.00,5.90,0.00,true,0,
7613039547731,false,גרבר מחית תפוח עץ ומשמש 90 גרם פאוץ,קבוצת אוסם סחר שותפות מוגבלת,ES,מחית תפוח עץ ומשמש +6 חודשים,,0.00,100.00,false,1.00,5.90,0.00,true,0,
7613039547922,false,גרבר מחית אגס תפוח ובננה 90 גרם פאוץ,קבוצת אוסם סחר-שות.מוגבלת,ES,מחית אגס תפוח ובננה +6 חודשים,,0.00,100.00,false,1.00,5.90,0.00,true,0,
7613039879382,false,מחית תפוח עץ 190 גר` גרבר כשר לפסח,קבוצת אוסם סחר שותפות מוגבלת,PL,מחית תפוחי עץ 6+ חודשים,,0.00,100.00,false,1.00,6.90,0.00,true,0,
7613039880807,false,גרבר מחית תפוח וגזר 190 גרם,קבוצת אוסם סחר שותפות מוגבלת,PL,מחית תפוח גזר,,0.00,100.00,false,1.00,6.90,0.00,true,0,
7613039881521,false,גרבר מחית מרק מנגו 190 גרם,קבוצת אוסם סחר שותפות מוגבלת,PL,מחית מנגו,,0.00,100.00,false,1.00,6.90,0.00,true,0,
7613039881965,false,גרבר מחית גזר תפוח ומנגו 190 גרם,קבוצת אוסם סחר שותפות מוגבלת,PL,מחית גזר תפוח ומנגו,,0.00,100.00,false,1.00,6.90,0.00,true,0,
7613287155832,false,מחית תפוח פאוץ 90 גר`גרבר כשלפ,קבוצת אוסם סחר שותפות מוגבלת,ES,מחית תפוחי עץ +6 חודשים,,0.00,100.00,false,1.00,5.90,0.00,true,0,
7613287155863,false,מחית אגס פאוץ 90 גר`גרבר כשלפ,קבוצת אוסם סחר שותפות מוגבלת,ES,מחית אגס +6 חודשים,,0.00,100.00,false,1.00,5.90,0.00,true,0,
7613287155894,false,"גרבר מחית אפרסק פאוץ כשל""פ 90 גרם",קבוצת אוסם סחר שותפות מוגבלת,ES,מחית אפרסק +6 חודשים,,0.00,100.00,false,1.00,5.90,0.00,true,0,
7613287155924,false,מטרנה מחית תפוח וגזר פאוץ' 90 גר',קבוצת אוסם סחר-שות.מוגבלת,ES,מחית תפוח גזר +6 חודשים,,0.00,100.00,false,1.00,5.90,0.00,true,0,
7613287181411,false,ויטמינציק מחית סלט פירות 110 גרם,קבוצת אוסם סחר שותפות מוגבלת,ES,מחית סלט פירות,,0.00,100.00,false,1.00,5.90,0.00,true,0,
7613287182326,false,ויטמינציק מחית בננה תפוח 110 גרם,קבוצת אוסם סחר-שות.מוגבלת,ES,מחית בננה תפוח,,0.00,100.00,false,1.00,5.90,0.00,true,0,
7613287182425,false,ויטמינציק מחית תפוח בננה ותות 110 גרם,קבוצת אוסם סחר שותפות מוגבלת,ES,מחית תפוח בננה ותות,,0.00,100.00,false,1.00,5.90,0.00,true,0,
7613287182456,false,ויטמינציק מחית אגס בננה תפוח 110 גרם,קבוצת אוסם סחר שותפות מוגבלת,ES,מחית אגס בננה תפוח,,0.00,100.00,false,1.00,5.90,0.00,true,0,
7613287186928,false,קפסולות קפה סומטרה (10 יח) סטארבקס (56 ג,קבוצת אוסם סחר שותפות מוגבלת,CH,קפסולות קפה ברקפסט רוסט,,0.00,0.00,false,1.00,21.90,2.19,true,0,
7613287302373,false,סטארבקס קפסולות איטליאן סטייל רוסט 56 גרם,קבוצת אוסם סחר שותפות מוגבלת,PT,קפסולות קפה איטליאן סטייל רוסט,,0.00,0.00,false,1.00,21.90,2.19,true,0,
7613287325853,false,אוסם - דיפ אנד ספרד מטבל איולי ספייסי 295 גרם,קבוצת אוסם סחר שותפות מוגבלת,PL,מטבל איולי עם פלפלים חריפים - בקבוק לחיץ,,0.00,100.00,false,1.00,5.00,0.00,true,0,
7613287855640,false,סטארבקס קפסולות קפה גוואטמלה 10 יחידות,קבוצת אוסם סחר שותפות מוגבלת,CH,קפסולות קפה גוואטמלה,,0.00,0.00,false,1.00,21.90,2.19,true,0,
7614500035788,false,טובלרון שוקולד חלב 200 גרם,דיפלומט מפיצים (1968) בעמ**,CH,שוקולד חלב,,0.00,100.00,false,1.00,19.90,0.00,true,0,
7622201801809,false,מילקה שוקולד חלב עם אגוזים 100 גרם חדש,מנדלז דויצ'\לנד סנקס פרו,,שוקולד חלב עם אגוזים,,0.00,0.00,false,1.00,9.90,0.09,true,0,
7622210829085,false,עוגיות אוראו וניל דקים 96 גרם,דיפלומט מפיצים (1968) בעמ**,UA,THINS עוגיות ממולאות קרם וניל,,0.00,100.00,false,1.00,9.90,0.00,true,0,
7622300772314,false,עוגיות אוראו ממולאות קרם בטעם וניל 66גר,דיפלומט מפיצים (1968) בעמ**,CZ,עוגיות ממולאות קרם וניל,,0.00,100.00,false,1.00,4.90,0.00,true,0,
>>>>>>> d048ac2f4f281c9d788043ab4e81b61b0dbe3743
7630019900942,false,גאם סופט פיקס אקסטרה לארג 636,General,DE,מברשת אינטרדנטלית סופט פיקס אקסטרה לארג',,0.00,0.00,false,1.00,49.90,1.24,true,0,
7630019902366,false,גאם סופט פיקס אדוונס מדיום 650,General,DE,מברשת אינטרדנטלית סופט פיקס אדוונס מדיום,,0.00,0.00,false,1.00,49.90,1.66,true,0,
7630019902786,false,גאם סופט פיקס אדוונס סמול 649,General,DE,מברשת אינטרדנטלית סופט פיקס אדוונס סמול,,0.00,0.00,false,1.00,49.90,1.66,true,0,
7630019902816,false,גאם סופט פיקס אדוונס לארג 651,General,DE,מברשת אינטרדנטלית סופט פיקס אדוונס לארג',,0.00,0.00,false,1.00,49.90,1.66,true,0,
7630311507016,false,קפסולות קפה סטארבקס סאני דיי 12*57גר`,קבוצת אוסם סחר שותפות מוגבלת,CH,קפסולות קפה סאני דיי,,0.00,0.00,false,1.00,21.90,2.19,true,0,
7630477891592,false,סטארבקס קפסולות קפה האוס בלנד 10 יחידות,קבוצת אוסם סחר שותפות מוגבלת,CH,קפסולות קפה האוס בלנד 8,,0.00,0.00,false,1.00,21.90,2.19,true,0,
7630477891615,false,סטארבקס קפסולות קפה סומטרה 10 יחידות,קבוצת אוסם סחר שותפות מוגבלת,CH,קפסולות קפה סומטרה 10,,0.00,0.00,false,1.00,21.90,2.19,true,0,
7630477891639,false,קפסולות קפה סומטרה (10 יח) סטארבקס ( 55,קבוצת אוסם סחר שותפות מוגבלת,CH,קפסולות קפה ורונה 10,,0.00,0.00,false,1.00,21.90,2.19,true,0,
7630477891691,false,קפסולות קפה קולומביה (10 יח) סטארבקס ( 5,קבוצת אוסם סחר שותפות מוגבלת,CH,קפסולות קפה קולומביה 7,,0.00,0.00,false,1.00,21.90,2.19,true,0,
7630477891714,false,סטארבקס קפסולות קפה אספרסו 10 יחידות,קבוצת אוסם סחר שותפות מוגבלת,CH,קפסולות קפה אספרסו 11,,0.00,0.00,false,1.00,21.90,2.19,true,0,
7630477891738,false,סטארבקס קפסולות קפה אספרסו בלונד 10 יחיד,קבוצת אוסם סחר שותפות מוגבלת,CH,קפסולות קפה אספרסו בלונד 6,,0.00,0.00,false,1.00,21.90,2.19,true,0,
7640102474571,false,PERSKINDOL ACTIVE PATCH,מדיטרנד,,מדבקה פעילה,,0.00,0.00,false,1.00,64.90,12.98,true,0,
7640167726004,false,"פרסקינדול ג'ל פעיל 200 מ""ל",מדיטרנד,CH,ג'ל פעיל להקלה מיידית בכאב מקומי שרירים תפוסים כאבי פרקים,,0.00,100.00,false,1.00,109.90,0.00,true,0,
7640249153728,false,פרסקינדול תרמו ג'ל 100 מל,מדיטרנד,CH,תרמו ג'ל,,0.00,0.00,false,1.00,69.90,0.69,true,0,
7640249153735,false,פרסקינדול תרמו רול און 75 מל,מדיטרנד,CH,תרמו רול און,,0.00,100.00,false,1.00,69.90,0.00,true,0,
7702018016808,false,ג'ילט ונוס ריווירה 2 סכיני גילוח חד פעמי,דיפלומט מפיצים 1968 בעמ,,ריביירה סכיני גילוח חד פעמיים עם אלוורה,,0.00,0.00,false,1.00,22.90,11.45,true,0,
7702018069316,false,סימפלי ונוס 2 סכין גילוח 2+4 חינם חד פעמ,דיפלומט מפיצים (1968) בעמ,,סימפלי סכיני גילוח חד פעמיים,,0.00,0.00,false,1.00,18.90,3.15,true,0,
7702018085514,false,סכיני גילוח גילט פיוז`ן פרוגלייד רביעייה,פארמה דיל (פ.א.ב.) שיווק והפצה,DE,פיוז'ן פרוגלייד סכיני גילוח,,0.00,0.00,false,1.00,89.90,22.47,true,0,
7702018085545,false,גילט 8 סכיני פיוזן פרוגלייד ידני,דיפלומט,DE,פיוז'ן פרוגלייד סכיני גילוח,,0.00,0.00,false,1.00,161.90,20.23,true,0,
7702018085576,false,גילט 4 סכיני פיוזן פרוגלייד פאוור,דיפלומט,DE,פיוז'ן פרוגלייד פאוור סכיני גילוח,,0.00,0.00,false,1.00,109.90,27.47,true,0,
7702018263783,false,סכיני גילוח מאך 3 ג'ילט 8 יחידות,דיפלומט מפיצים (1968) בעמ,,מחסנית סכיני גילוח רב פעמי מאך 3,,0.00,0.00,false,1.00,92.90,11.61,true,0,
7702018263875,false,8 סכיני פיוזן פרוגליד פלקסבול ידני,דיפלומט,,פיוז'ן פרוגלייד מחסנית סכיני גילוח רב פעמיים - XL PACK,,0.00,0.00,false,1.00,159.90,19.98,true,0,
7702018263905,false,גילט 4 סכיני פיוזן פרוגלייד פאוור,פרוקטר & גמבל,,פיוז'ן פרוגלייד פאואר מחסנית סכיני גילוח רב פעמיים,,0.00,0.00,false,1.00,109.90,27.47,true,0,
7702018267651,false,ונוס+אוליי סכיני גילוח רביעייה,דיפלומט,PL,מחסנית סכיני גילוח עם אוליי להזנת לחות,,0.00,0.00,false,1.00,74.90,18.72,true,0,
7702018271788,false,"דאודורנט קליר ג'ילט בניחוח ספורט 70 מ""ל",פארמה דיל (פ.א.ב.) שיווק והפצה,,דאודורנט קליר ג'ל SPORT TRIUMPH,,0.00,100.00,false,1.00,22.90,0.00,true,0,
7702018321520,false,דאודורנט סטיק לגבר Pro G Arctic ice,דיפלומט מפיצים (1968) בעמ,,דאודורנט סטיק לגבר Arctic Ice,,0.00,100.00,false,1.00,24.90,0.00,true,0,
7702018321582,false,דאודורנט סטיק מתקדם ג`ילט (45 מל),דיפלומט מפיצים (1968) בעמ,,דאודורנט סטיק לגבר Cool Wave,,0.00,100.00,false,1.00,24.90,0.00,true,0,
7702018364459,false,ונוס סנאפ אקסטרא סמוט מכשיר גילוח,פרוקטר אנד גמבל,US,סנאפ מכשיר גילוח אקסטרא סמוט לנסיעות + סכין,,0.00,0.00,false,1.00,44.90,0.00,true,0,
7702018390816,false,גילט מכשיר פרוגלייד ידני +2 סכינים,דיפלומט,PL,פיוז'ן פרוגלייד מכשיר גילוח לגבר,,0.00,0.00,false,1.00,66.90,0.00,true,0,
7702018401055,false,מכשיר גילוח ג'ילט ונוס סווירל Extra Smooth,דיפלומט מפיצים (1968) בעמ,PL,סווירל EXTRA SMOOTH מכשיר גילוח רב פעמי +סכין,,0.00,0.00,false,1.00,46.90,0.00,true,0,
7702018401383,false,ונוס 6 סכיני גילוח סווירל EXTRA SMOOTH,דיפלומט,PL,סווירל EXTRA SMOOTH סכיני גילוח,,0.00,0.00,false,1.00,99.90,16.65,true,0,
7702018413539,false,גילט 6 סכיני פיוזן פרושילד,פרוקטר אנד גמבל,PL,פיוז'ן פרושילד מחסנית סכיני גילוח רב פעמיים - XL PACK,,0.00,0.00,false,1.00,159.90,26.65,true,0,
7702018421237,false,מארז פרוגלייד פלקסבול ג'ילט ידית + 7 סכינים,פרוקטר & גמבל,PL,פיוז'ן פרוגלייד פלקס-בול מארז ידית + סכיני גילוח,,0.00,0.00,false,1.00,149.90,0.00,true,0,
7702018441075,false,גילט מארז סכינים פיוזן ידני 12 יחידות,דיפלומט מפיצים (1968) בעמ,PL,מארז סכיני גילוח פיוז'ן ידני,,0.00,0.00,false,1.00,179.90,14.99,true,0,
7702018451098,false,ונוס סווירל מארז ידית מכשיר+8 סכינים,דיפלומט,US,סווירל מארז ידית כדורית + סכינים,,0.00,0.00,false,1.00,149.90,0.00,true,0,
7702018459445,false,גילט פיוזן פאואר סכיני גילוח 12 יחידות,פרוקטר & גמבל,,פיוז'ן פאואר מחסנית סכיני גילוח רב פעמיים,,0.00,0.00,false,1.00,199.90,16.65,true,0,
7702018464753,false,"גל גילוח גילט פיוזן לעור רגיש 200 מ""ל",דיפלומט מפיצים 1968 בעמ,GB,פיוז'ן ג'ל גילוח לעור רגיש,,0.00,100.00,false,1.00,26.90,0.00,true,0,
7702018465033,false,גילט פיוזן גל גילוח לתחושה קרירה 200 מל,דיפלומט,GB,פיוז'ן ג'ל גילוח לעור רגיש ולתחושה קרירה,,0.00,100.00,false,1.00,26.90,0.00,true,0,
7702018468447,false,גילט בלו 2 פלוס סכינים חד פעמיים עשירייה,דיפלומט מפיצים (1968) בעמ,PL,סכיני גילוח חד פעמיים בלו 2 פלוס,,0.00,0.00,false,1.00,29.90,2.99,true,0,
7702018469383,false,גילט מארז סכיני גילוח פיוזן ידני 12 יחיד,דיפלומט מפיצים (1968) בעמ,PL,מארז סכיני גילוח פיוז'ן ידני,,0.00,0.00,false,1.00,179.90,14.99,true,0,
7702018469802,false,ג'ילט - ונוס סווירל ידית ו3 סכינים 5 להבים,דיפלומט מפיצים (1968) בעמ,PL,סווירל מארז ידית + סכינים,,0.00,0.00,false,1.00,54.90,0.00,true,0,
7702018470884,false,גילט מארז פיוזן 16 סכיני גילוח,"פרוקטר אנד גמבל, גרמניה",PL,מארז פיוז'ן 5 סכיני גילוח,,0.00,0.00,false,1.00,239.90,14.99,true,0,
7702018475360,false,גילט מארז פרוגלייד מכשיר+5 סכינים,דיפלומט,PL,מארז פיוז'ן פרוגלייד מכשיר גילוח + סכינים,,0.00,0.00,false,1.00,139.90,0.00,true,0,
7702018484027,false,ונוס סווירל מארז ידית מכשיר+5 סכינים,פרוקטר & גמבל,US,סווירל מארז ידית כדורית + סכינים,,0.00,0.00,false,1.00,99.90,0.00,true,0,
7702018486342,false,גילט מארז סקינגארד אלוורה מכשיר+2 סכין,דיפלומט,PL,מארז סקינגארד אלוורה מכשיר גילוח+סכיני גילוח לעור רגיש,,0.00,0.00,false,1.00,66.90,0.00,true,0,
7702018486618,false,גילט מארז סקינגארד אלוורה 8 סכינים,פרוקטר אנד גמבל גרמניה,PL,מארז סקינגארד אלוורה סכיני גילוח לעור רגיש,,0.00,0.00,false,1.00,161.90,20.23,true,0,
7702018489619,false,גילט בלו 3 סכין גילוח חד פעמי לגבר 3 יח,דיפלומט מפיצים 1968 בעמ,PL,בלו 3 סכיני גילוח חד פעמיים,,0.00,0.00,false,1.00,18.90,0.00,true,0,
7702018497447,false,סכיני גילוח ונוס סנסיטיב אקסטרה סמוט - 4 יח',ג'ילט ונוס Gillette Venus,PL,סנסיטיב אקסטרה סמוט סכיני גילוח רב פעמיים,,0.00,0.00,false,1.00,62.90,15.72,true,0,
7702018498567,false,מארז ידית + 5 סכיני גילוח לעור רגיש סקינגארד,פרוקטר & גמבל,PL,מארז סקינגארד מכשיר גילוח + סכינים לעור רגיש,,0.00,0.00,false,1.00,139.90,0.00,true,0,
7702018498581,false,גילט מארז סקינגארד מכשיר+11 סכינים,דיפלומט,PL,מארז סקינגארד מכשיר גילוח + סכינים לעור רגיש,,0.00,0.00,false,1.00,229.90,0.00,true,0,
7702018499342,false,מכשיר גילוח גילט ונוס פלטינום+3 סכינים,מולינו ניקולי s.p.a,PL,פלטינום מארז ידית+סכינים,,0.00,0.00,false,1.00,54.90,0.00,true,0,
7702018514472,false,גילט מאך 3 טורבו מכשיר גילוח,פרוקטר אנד גמבל,,מאך 3 - מכשיר גילוח רב פעמי טורבו + סכינים,,0.00,0.00,false,1.00,49.90,0.00,true,0,
7702018526192,false,גילט סקינגארד אלוורה סכיני גילוח שמינייה,דיפלומט,DE,סקינגארד סנסיטיב אלוורה סכיני גילוח לעור רגיש,,0.00,0.00,false,1.00,161.90,20.23,true,0,
7702018539468,false,גילט ונוס תות- ידית ושלושה סכינים 5להבים מארז,דיפלומט מפיצים (1968) בעמ,PL,תות מארז ידית+סכינים,,0.00,0.00,false,1.00,54.90,0.00,true,0,
7702018541652,false,קינג סי גילט תער גילוח דו צדדי+5 סכינים,דיפלומט,CA,תער גילוח דו צדדי + 5 סכינים לעיצוב ופיסול הזקן,,0.00,0.00,false,1.00,89.90,89.90,true,0,
7702018541683,false,קינג סי גילט מארז 10 סכינים לתער גילוח,דיפלומט,CA,מארז סכינים לתער גילוח לעיצוב ופיסול הזקן,,0.00,0.00,false,1.00,49.90,4.99,true,0,
7702018544585,false,קינג סי גילט מכשיר לגילוח ופיסול זקן,דיפלומט,CA,מכשיר לגילוח ופיסול זקן,,0.00,0.00,false,1.00,64.90,64.90,true,0,
7702018544738,false,קינג סי מכונה לעיצוב הזקן גילט,דיפלומט,CA,מכשיר לעיצוב זקן,,0.00,0.00,false,1.00,179.90,179.90,true,0,
7702018545902,false,קינג סי גילט שלישיית סכיני גילוח,דיפלומט,US,סכיני גילוח,,0.00,0.00,false,1.00,69.90,69.90,true,0,
7702018570157,false,ונוס 6 סכיני גילוח אוליי דובדבן,דיפלומט,PL,אולי דובדבן סכיני גילוח,,0.00,0.00,false,1.00,99.90,16.65,true,0,
7702018572342,false,סאטין קייר סרום לאחר גילוח 50 מל,דיפלומט,GB,סרום יום יומי להרגעת העור,,0.00,100.00,false,1.00,49.90,0.00,true,0,
7702018572373,false,סאטין קייר גל גילוח וסבון 2 ב 1 - 190 מל,General,GB,2 ב 1 מנקה + ג'ל גילוח,,0.00,100.00,false,1.00,49.90,0.00,true,0,
7702018572403,false,סאטין קייר פילינג להרגעת העור 177 מל,General,GB,פילינג להחלקת העור,,0.00,100.00,false,1.00,49.90,0.00,true,0,
7702018574162,false,ונוס מכשיר גילוח לקו הביקיני,דיפלומט,PL,ידית מכשיר גילוח לקו ביקיני,,0.00,0.00,false,1.00,54.90,0.00,true,0,
7702018574254,false,ונוס מארז 4 סכיני גילוח ביקיני,דיפלומט,PL,סכיני גילוח לקו ביקיני,,0.00,0.00,false,1.00,79.90,19.97,true,0,
7702018580767,false,ונוס פלטינום מארז מכשיר גילוח+3 סכינים,דיפלומט,PL,פלטינום מארז ידית+סכינים,,0.00,0.00,false,1.00,54.90,0.00,true,0,
7702018581467,false,ונוס סווירל מארז ידית מכשיר+8 סכינים,דיפלומט,US,סווירל מארז ידית כדורית + סכינים,,0.00,0.00,false,1.00,149.90,0.00,true,0,
7702018583836,false,ונוס מכשיר גילוח אוליי דובדבן,דיפלומט,CN,מכשיר גילוח אוליי דובדבן,,0.00,0.00,false,1.00,46.90,0.00,true,0,
7702018591398,false,ונוס סנאפ אקסטרא סמוט מכשיר גילוח,דיפלומט,PL,סנאפ מכשיר גילוח אקסטרא סמוט לנסיעות + סכין,,0.00,0.00,false,1.00,44.90,0.00,true,0,
7702018602070,false,קינג סי גילט מכשיר לגילוח ועיצוב זיפים,דיפלומט,CA,מכשיר לגילוח ועיצוב זיפים,,0.00,0.00,false,1.00,249.90,249.90,true,0,
7702018602117,false,קינג סי גילט סכין גילוח למעצב שיער פנים,דיפלומט,CN,סכין גילוח למעצב שיער פנים,,0.00,0.00,false,1.00,99.90,99.90,true,0,
7702018605255,false,גילט Labs מארז ידית + סכין עם פס פילינג,דיפלומט,CN,Labs מארז ידית + סכין עם פס פילינג,,0.00,0.00,false,1.00,89.90,0.00,true,0,
7702018605347,false,גילט Labs מארז ידית + 5 סכינים+פס פילינג,דיפלומט,CN,Labs מארז ידית + סכין עם פס פילינג,,0.00,0.00,false,1.00,189.90,0.00,true,0,
7702018605378,false,גילט Labs מארז 4 סכינים עם פס פילינג,דיפלומט,US,Labs מארז סכינים עם פס פילינג,,0.00,0.00,false,1.00,124.90,31.22,true,0,
7702018605439,false,גילט Labs מארז 9 סכינים עם פס פילינג,דיפלומט,US,Labs מארז סכינים עם פס פילינג,,0.00,0.00,false,1.00,229.90,25.54,true,0,
7702018607167,false,גילט סקין קרם גילוח למראה עור בריא 175,דיפלומט,PL,סקין - קרם גילוח למראה עור בריא,,0.00,100.00,false,1.00,41.90,0.00,true,0,
7702018607242,false,גילט סקין באלם להרגעת העור לאחר גילוח100,דיפלומט,PL,סקין - באלם להרגעת העור לאחר גילוח,,0.00,0.00,false,1.00,41.90,0.41,true,0,
7702018607341,false,גילט סקין סבון פנים למראה עור בריא 140 מ,דיפלומט,PL,סקין - סבון פנים למראה עור בריא,,0.00,100.00,false,1.00,41.90,0.00,true,0,
7702018607426,false,גילט סקין קרם לחות למראה עור בריא 100 מל,דיפלומט,PL,סקין - קרם לחות למראה עור בריא,,0.00,0.00,false,1.00,41.90,0.41,true,0,
7702018607518,false,גילט מארז פיוזן מכשיר+סכיני גילוח שישייה,דיפלומט מפיצים 1968 בעמ,PL,מארז פיוז'ן 5 מכשיר + סכיני גילוח,,0.00,0.00,false,1.00,139.90,0.00,true,0,
7702018607532,false,ג'ילט פרוגלייד מארז 14 סכינים,"פרוקטר אנד גמבל, גרמניה",DE,מארז פיוז'ן פרוגלייד סכיני גילוח,,0.00,0.00,false,1.00,239.90,0.00,true,0,
7702018607556,false,גילט מארז סקינגארד אלוורה 14 סכינים,"פרוקטר אנד גמבל, גרמניה",PL,מארז סקינגארד אלוורה סכיני גילוח לעור רגיש,,0.00,0.00,false,1.00,239.90,17.13,true,0,
7702018607914,false,ונוס 6 סכיני גילוח מנומר בניחוח קוקוס,דיפלומט,PL,סכיני גילוח מנומר בניחוח קוקוס,,0.00,0.00,false,1.00,99.90,16.65,true,0,
7702018607945,false,ונוס מכשיר גילוח מנומר בניחוח קוקוס,דיפלומט,PL,מכשיר גילוח מנומר בניחוח קוקוס,,0.00,0.00,false,1.00,46.90,0.00,true,0,
<<<<<<< HEAD
7702018609130,false,גילט מארז סקינגארד אלוורה 10 סכינים,"פרוקטר אנד גמבל, גרמניה",PL,מארז סקינגארד אלוורה סכיני גילוח לעור רגיש,,0.00,0.00,false,1.00,189.90,18.99,true,0,
7702018609154,false,גילט מארז פרוגלייד 10 סכינים,"פרוקטר אנד גמבל, גרמניה",DE,מארז פיוז'ן פרוגלייד סכיני גילוח,,0.00,0.00,false,1.00,189.90,0.00,true,0,
7702018610280,false,גילט מארז פרוגלייד מכשיר+4 סכינים,פרוקטר אנד גמבל,PL,מארז פיוז'ן פרוגלייד מכשיר גילוח + סכינים,,0.00,0.00,false,1.00,139.90,0.00,true,0,
7702018610303,false,גילט מארז סקינגארד אלוורה מכשיר+4 סכין,פרוקטר אנד גמבל,PL,מארז סקינגארד אלוורה מכשיר גילוח+סכיני גילוח לעור רגיש,,0.00,0.00,false,1.00,139.90,0.00,true,0,
=======
7702018609130,false,סכיני גילט סקינגארד אלוורה ידני 10 יח,"פרוקטר אנד גמבל, גרמניה",PL,מארז סקינגארד אלוורה סכיני גילוח לעור רגיש,,0.00,0.00,false,1.00,189.90,18.99,true,0,
7702018609154,false,סכיני גילט פרוגלייד ידני 10 יח.,"פרוקטר אנד גמבל, גרמניה",DE,מארז פיוז'ן פרוגלייד סכיני גילוח,,0.00,0.00,false,1.00,189.90,0.00,true,0,
7702018610280,false,גילט מארז פרוגלייד מכשיר+4 סכינים,דיפלומט מפיצים (1986) בע`מ,PL,מארז פיוז'ן פרוגלייד מכשיר גילוח + סכינים,,0.00,0.00,false,1.00,139.90,0.00,true,0,
7702018610303,false,גילט מארז סקינגארד אלוורה מכשיר+4 סכין,דיפלומט מפיצים 1968 בעמ,PL,מארז סקינגארד אלוורה מכשיר גילוח+סכיני גילוח לעור רגיש,,0.00,0.00,false,1.00,139.90,0.00,true,0,
>>>>>>> d048ac2f4f281c9d788043ab4e81b61b0dbe3743
7702018866984,false,גילט פיוזן ידני סכיני גילוח 4 יחידות,תות ממתקי איכות,PL,פיוז'ן מחסנית סכיני גילוח רב פעמיים,,0.00,0.00,false,1.00,79.90,19.97,true,0,
7702018867110,false,גילט מארז פיוזן פאוור 5 מכשיר גילוח+1סכי,דיפלומט,DE,פיוז'ן פאוור 5 מכשיר גילוח+סכין גילוח,,0.00,0.00,false,1.00,48.90,0.00,true,0,
7702018978106,false,"ג'ילט - דאודורנט ג'ל לגבר ארטיק אייס 70 מ""ל",פארמה דיל (פ.א.ב.) שיווק והפצה,,דאודורנט קליר ג'ל ARTIC ICE,,0.00,100.00,false,1.00,22.90,0.00,true,0,
7702018978120,false,"ג'ילט - דאודורנט ג'ל לגבר קול וייב 70 מ""ל",פארמה דיל (פ.א.ב.) שיווק והפצה,,דאודורנט קליר ג'ל COOL WAVE,,0.00,100.00,false,1.00,22.90,0.00,true,0,
7702018980857,false,גילט סירייס גל גילוח לעור רגיש 75 מל,פרוקטר & גמבל,PL,סירייס ג'ל גילוח לעור רגיש,,0.00,100.00,false,1.00,11.90,0.00,true,0,
7891024027998,false,קולגייט מי פה טוטאל הגנה מפני אבן 500 מל,קולגייט- פלמוליב,BR,מי פה טוטאל הגנה מפני אבן השן,,0.00,100.00,false,1.00,36.90,0.00,true,0,
7891024030974,false,"קולגייט משחת שיניים טריפל אקשן 75 מ""ל",הנסיך- מפעל לייצור ט,BR,טריפל אקשן משחת שיניים להגנה משולשת,,0.00,100.00,false,1.00,6.90,0.00,true,0,
7891024068007,false,קולגייט אורתוגארד מברשת שיניים לניקוי יס,קולגייט פלמוליב,CN,אורתוגארד מברשת שיניים לניקוי יסודי,,0.00,0.00,false,1.00,36.90,36.90,true,0,
7891024124826,false,קולגייט משחת אופטיק ספרקלינג וייט 75מל,הנסיך- מפעל לייצור ט,,משחת שיניים אופטיק ווייט ספרקלינג למראה שיניים לבנות יותר,,0.00,100.00,false,1.00,21.90,0.00,true,0,
7891024179482,false,"שטיפת פה קולגייט אופטיק וייט 500מ""ל",יבואן ומשווק: ש. שסט,,מי פה אופטיק ווייט,,0.00,100.00,false,1.00,34.90,0.00,true,0,
8000500026731,false,ביצי שוקולד קינדר מארז 3 יח סופרייז,פרימיום-חברה לדברי מתיקה ולמסח,IT,ביצת הפתעה,,0.00,0.00,false,1.00,15.90,5.30,true,0,
8000500029350,false,מארז וופל מצופה 3יח' *43 גרם קינדר בואנו,פרימיום-חברה לדברי מתיקה ולמסח,PL,בואנו שוקולד חלב,,0.00,0.00,false,1.00,10.90,3.63,true,0,
8000500037874,false,בונבונרייה פררו רושר 200 גרם,פרימיום-חברה לדברי מתיקה ולמסח,IT,כדורי וופל פריך מצופים שוקולד חלב ושברי אגוזי לוז,,0.00,100.00,false,1.00,22.90,0.00,true,0,
8000500075708,false,ביצי שוקולד הפתעה קינדר ג'וי כחול בנים שלישיה,פרימיום-חברה לדברי מתיקה ולמסח,,ג'וי עם הפתעה כחול כדורי וופל על מצע קרם אגוזים וקקאו וקרם חלב,,0.00,0.00,false,1.00,15.90,5.30,true,0,
8000500121436,false,מארז קינדר בואנו Kinder Bueno לבן שלוש יחידות,פרימיום-חברה לדברי מתיקה ולמסח,PL,בואנו שוקולד לבן,,0.00,0.00,false,1.00,10.90,3.63,true,0,
8000500126325,false,ביצי שוקולד הפתעה קינדר ג'וי ורוד בנות שלישיה,פרימיום-חברה לדברי מתיקה ולמסח,,ג'וי עם הפתעה ורוד כדורי וופל על מצע קרם אגוזים וקקאו וקרם חלב,,0.00,0.00,false,1.00,15.90,5.30,true,0,
8000500247167,false,פררו קולקשן - כדורי וופל מצופים 24 יחידו,פרימיום-חברה לדברי מתיקה ולמסח,PL,קולקשן - מבחר כדורי וופל מצופים שוקולד וקוקוס,,0.00,0.00,false,1.00,49.90,2.07,true,0,
8000700000050,false,סבון DOVE מוצק לבן רביעיה 4*100 גרם,יוניליוור ישראל שיווק בע`מ,,סבון גוף מוצק קלאסי,,0.00,100.00,false,1.00,18.90,0.00,true,0,
8001090065988,false,תחבושות אולוויז לבריחת שתן לונג 10 יח,פרוקטר אנד גמבל,DE,דיסקרט תחבושות לבריחת שתן לונג,,0.00,0.00,false,1.00,24.90,2.49,true,0,
8001090066046,false,תחבושות אולוויז דיסקרט לילה 6 יח לבריחת שתן,דיפלומט מפיצים (1968) בעמ,DE,דיסקריט תחבושות לבריחת שתן לילה,,0.00,0.00,false,1.00,24.90,4.15,true,0,
8001090111685,false,תחתונים אולוויז דיסקריט מידה L לבריחת שתן,דיפלומט מפיצים (1968) בעמ,DE,דיסקרט תחתונים אלסטיים לבריחת שתן לארג',,0.00,0.00,false,1.00,39.90,4.98,true,0,
8001090111715,false,תחתונים אולוויז דיסקריט מידה M לבריחת שתן,דיפלומט מפיצים (1968) בעמ,DE,דיסקריט תחתונים אלסטיים לבריחת שתן מדיום,,0.00,0.00,false,1.00,39.90,4.43,true,0,
8001090128836,false,אורל בי 3D WHITE משחה-מנטה עדינה,דיפלומט,DE,3D WHITE משחת שיניים להלבנה - מנטה עדינה,,0.00,100.00,false,1.00,19.90,0.00,true,0,
8001090159144,false,אולד ספייס דאו סטיק LASTING LEGEND,דיפלומט,GB,דאודורנט סטיק LASTING LEGEND,,0.00,100.00,false,1.00,19.90,0.00,true,0,
8001090222428,false,"הרבל אסנסס - שמפו חלב קוקוס 400 מ""ל",דיפלומט מפיצים 1968 בעמ,FR,שמפו חלב קוקוס,,0.00,100.00,false,1.00,26.90,0.00,true,0,
8001090222541,false,הרבל אסנסס שמפו תות שדה ומנטה 400 גרם,דיפלומט מפיצים (1968) בעמ,FR,שמפו תות שדה ומנטה,,0.00,100.00,false,1.00,26.90,0.00,true,0,
8001090222572,false,הרבל אסנסס מרכך תות שדה ומנטה 400 גרם,דיפלומט מפיצים (1968) בעמ,FR,מרכך תות שדה ומנטה,,0.00,100.00,false,1.00,26.90,0.00,true,0,
8001090222725,false,"הרבל אסנסס - שמפו שמן מורינגה 400 מ""ל",דיפלומט מפיצים (1968) בעמ,FR,שמפו שמן מורינגה,,0.00,100.00,false,1.00,26.90,0.00,true,0,
8001090222756,false,"הרבל אסנס מרכך תות שמן מורינגה 400 מ""ל",דיפלומט מפיצים (1968) בעמ,FR,מרכך שמן מורינגה,,0.00,100.00,false,1.00,26.90,0.00,true,0,
8001090222848,false,"הרבל אסנסס - שמפו שיקום שמן ארגן 400 מ""ל",דיפלומט מפיצים (1968) בעמ,FR,שמפו שיקום שמן ארגן,,0.00,100.00,false,1.00,26.90,0.00,true,0,
8001090222879,false,"הרבל אסנסס - מרכך שיקום שמן ארגן 400 מ""ל",דיפלומט מפיצים (1968) בעמ,FR,מרכך שיקום שמן ארגן,,0.00,100.00,false,1.00,26.90,0.00,true,0,
8001090252210,false,אוליי קרם עיניים אולטימטיבי 15 מל,דיפלומט,PL,קרם עיניים אולטימטיבי,,0.00,100.00,false,1.00,139.90,0.09,true,0,
8001090268563,false,אולוויז רדיאנט נורמל+ סינגל 12 יח,דיפלומט,HU,רדיאנט עם כנפיים נורמל פלוס,,0.00,0.00,false,1.00,21.90,2.19,true,0,
8001090274441,false,אוליי סרום ממצק לעיניים 15 מל,דיפלומט,PL,סרום ממצק לעיניים,,0.00,100.00,false,1.00,139.90,0.09,true,0,
8001090290830,false,"אוראל בי משחת שיניים- להלבנה פנינה בוהקת 75 מ""ל",דיפלומט מפיצים (1968) בעמ,DE,3D WHITE משחת שיניים - לבן פנינה,,0.00,100.00,false,1.00,29.90,0.00,true,0,
8001090290939,false,"אוראל בי משחת שיניים- להלבנה לובן בוהק 75 מ""ל",דיפלומט מפיצים (1968) בעמ,DE,3D WHITE משחת שיניים להלבנה זוהרת,,0.00,100.00,false,1.00,29.90,0.00,true,0,
8001090290984,false,אורל בי 3D WHITE משחה-רעננות מעוררת,דיפלומט,DE,3D WHITE משחת שיניים להלבנה - רעננות מעוררת,,0.00,100.00,false,1.00,19.90,0.00,true,0,
8001090291035,false,אורל בי 3D WHITE משחה-רעננות ארקטית,דיפלומט,DE,3D WHITE משחת שיניים להלבנה - רעננות ארקטית,,0.00,100.00,false,1.00,19.90,0.00,true,0,
8001090295439,false,אוליי רגנריסט אנטי אייגינג SPF30 קרם יום,דיפלומט,PL,REGENERIST אנטי א'ייגינג SPF30 קרם יום,,0.00,100.00,false,1.00,139.90,0.02,true,0,
8001090316103,false,קפסולות לכתמים קשים 45 יח' אריאל,דיפלומט מפיצים (1986) בע`מ,FR,קפסולות ג'ל כביסה לכתמים קשים,,0.00,0.00,false,1.00,76.90,1.70,true,0,
8001090336354,false,חיתולי ביביי דריי מידה 2 ( 46 יח) פמפרס,דיפלומט מפיצים (1986) בע`מ,DE,"חיתולים מידה 2 4-8 ק""ג",,0.00,0.00,false,1.00,41.90,0.91,true,0,
8001090336408,false,חיתולים בייבי דריי מידה 3 38 יח' פמפרס,דיפלומט מפיצים (1986) בע`מ,DE,"חיתולים מידה 3 6-10 ק""ג",,0.00,0.00,false,1.00,41.90,1.10,true,0,
8001090336446,false,חיתולי ביביי דריי מידה 4 ( 34 יח) פמפרס,דיפלומט מפיצים (1986) בע`מ,DE,"חיתולים מידה 4 9-14 ק""ג",,0.00,0.00,false,1.00,41.90,1.23,true,0,
8001090336491,false,פמפרס בייבי דריי חיתולים מידה +4 31 יח,דיפלומט מפיצים (1986) בע`מ,DE,"חיתולים מידה +4 10-15 ק""ג",,0.00,0.00,false,1.00,41.90,1.35,true,0,
8001090336521,false,חיתולי פמפרס בייבי דריי מידה 5 30 יח` `,דיפלומט מפיצים (1986) בע`מ,DE,"חיתולים מידה 5 11-16 ק""ג",,0.00,0.00,false,1.00,41.90,1.39,true,0,
8001090336606,false,פמפרס בייבי דריי חיתולים מידה 6 26 יח,דיפלומט מפיצים (1986) בע`מ,DE,"חיתולים מידה 6 13-18 ק""ג",,0.00,0.00,false,1.00,41.90,1.61,true,0,
8001090344274,false,קוקידנט פלוס משחת הצמדה חזקה לשיניים תות,General,DE,פלוס משחת הצמדה חזקה לשיניים לתותבות,,0.00,100.00,false,1.00,36.90,0.00,true,0,
<<<<<<< HEAD
8001090364104,false,"משחת שיניים אורל בי G&E אורגינל 75 מ""ל",פרוקטר אנד גמבל,DE,GUM & ENAMEL REPAIR משחת שיניים - אורגינל,,0.00,100.00,false,1.00,19.90,0.00,true,0,
8001090364159,false,"משחת שיניים אורל בי G&E רעננות מוגברת 75 מ""ל",פרוקטר אנד גמבל,DE,GUM & ENAMEL REPAIR משחת שיניים - רעננות מוגברת,,0.00,100.00,false,1.00,19.90,0.00,true,0,
8001090364203,false,"משחת שיניים אורל בי G&E להלבנה עדינה 75 מ""ל",פרוקטר אנד גמבל,DE,GUM & ENAMEL REPAIR משחת שיניים - להלבנה עדינה,,0.00,100.00,false,1.00,19.90,0.00,true,0,
8001090364258,false,"משחת שיניים אורל בי G&E לניקוי עדין 500 מ""ל",פרוקטר אנד גמבל,DE,GUM & ENAMEL REPAIR משחת שיניים - לניקוי עדין,,0.00,100.00,false,1.00,19.90,0.00,true,0,
8001090375186,false,"מרכך מרוכז 200 מ""ל לצבע מלא חיים ""פנטן""",פרוקטר אנד גמבל,FR,מרכך מרוכז לשיער לצבע מלא חיים,,0.00,100.00,false,1.00,29.90,0.00,true,0,
8001090375230,false,"מרכך מרוכז 200 מ""ל לחות מוגברת ""פנטן""",פרוקטר אנד גמבל,FR,מרכך מרוכז לשיער לחות מוגברת,,0.00,100.00,false,1.00,29.90,0.00,true,0,
8001090375285,false,"פנטן מרכך מרוכז 200 מ""ל למגע רך כשמי",פרוקטר אנד גמבל,FR,מרכך מרוכז לשיער למגע רך כמשי,,0.00,100.00,false,1.00,29.90,0.00,true,0,
8001090377487,false,מסכה לשיער פנטן לחות מוגברת 300 מל,פרוקטר אנד גמבל,RO,מסכה לחות מוגברת,,0.00,100.00,false,1.00,38.90,0.00,true,0,
8001090377531,false,"מסכה לשיער פנטן לצבע מלא חיים 300 מ""ל",פרוקטר אנד גמבל,RO,מסכה לצבע מלא חיים,,0.00,100.00,false,1.00,38.90,0.00,true,0,
8001090379337,false,פמפרס פרימיום קר חיתולים שלב 3 40 יח VP,פרוקטר אנד גמבל,PL,"חיתולים שלב 3, 6-10 ק""ג",,0.00,0.00,false,1.00,47.90,1.19,true,0,
8001090379368,false,פמפרס פרימיום קר חיתולים שלב 4 34 יח VP,פרוקטר אנד גמבל,PL,"חיתולים שלב 4, 9-14 ק""ג",,0.00,0.00,false,1.00,47.90,1.40,true,0,
8001090379399,false,פמפרס פרימיום קר חיתולים שלב 5 30 יח VP,פרוקטר אנד גמבל,PL,"חיתולים שלב 5 11-16 ק""ג",,0.00,0.00,false,1.00,47.90,1.59,true,0,
=======
8001090364104,false,"משחת שיניים אורל בי G&E אורגינל 75 מ""ל",דיפלומט מפיצים (1968) בעמ,DE,GUM & ENAMEL REPAIR משחת שיניים - אורגינל,,0.00,100.00,false,1.00,19.90,0.00,true,0,
8001090364159,false,"משחת שיניים אורל בי G&E רעננות מוגברת 75 מ""ל",דיפלומט מפיצים (1968) בעמ,DE,GUM & ENAMEL REPAIR משחת שיניים - רעננות מוגברת,,0.00,100.00,false,1.00,19.90,0.00,true,0,
8001090364203,false,"משחת שיניים אורל בי G&E להלבנה עדינה 75 מ""ל",דיפלומט מפיצים (1968) בעמ,DE,GUM & ENAMEL REPAIR משחת שיניים - להלבנה עדינה,,0.00,100.00,false,1.00,19.90,0.00,true,0,
8001090364258,false,"משחת שיניים אורל בי G&E לניקוי עדין 500 מ""ל",דיפלומט מפיצים (1968) בעמ,DE,GUM & ENAMEL REPAIR משחת שיניים - לניקוי עדין,,0.00,100.00,false,1.00,19.90,0.00,true,0,
8001090375186,false,"מרכך מרוכז 200 מ""ל לצבע מלא חיים ""פנטן""",דיפלומט מפיצים (1986) בע`מ,FR,מרכך מרוכז לשיער לצבע מלא חיים,,0.00,100.00,false,1.00,29.90,0.00,true,0,
8001090375230,false,"מרכך מרוכז 200 מ""ל לחות מוגברת ""פנטן""",דיפלומט מפיצים (1968) בעמ,FR,מרכך מרוכז לשיער לחות מוגברת,,0.00,100.00,false,1.00,29.90,0.00,true,0,
8001090375285,false,"פנטן מרכך מרוכז 200 מ""ל למגע רך כשמי",דיפלומט מפיצים (1986) בע`מ,FR,מרכך מרוכז לשיער למגע רך כמשי,,0.00,100.00,false,1.00,29.90,0.00,true,0,
8001090377487,false,מסכה לשיער פנטן לחות מוגברת 300 מל,דיפלומט מפיצים (1968) בעמ,RO,מסכה לחות מוגברת,,0.00,100.00,false,1.00,38.90,0.00,true,0,
8001090377531,false,"מסכה לשיער פנטן לצבע מלא חיים 300 מ""ל",דיפלומט מפיצים (1968) בעמ,RO,מסכה לצבע מלא חיים,,0.00,100.00,false,1.00,38.90,0.00,true,0,
8001090379337,false,פמפרס פרימיום קר חיתולים שלב 3 40 יח VP,דיפלומט מפיצים (1986) בע`מ,PL,"חיתולים שלב 3, 6-10 ק""ג",,0.00,0.00,false,1.00,47.90,1.19,true,0,
8001090379368,false,פמפרס פרימיום קר חיתולים שלב 4 34 יח VP,דיפלומט מפיצים (1986) בע`מ,PL,"חיתולים שלב 4, 9-14 ק""ג",,0.00,0.00,false,1.00,47.90,1.40,true,0,
8001090379399,false,פמפרס פרימיום קר חיתולים שלב 5 30 יח VP,דיפלומט מפיצים (1986) בע`מ,PL,"חיתולים שלב 5 11-16 ק""ג",,0.00,0.00,false,1.00,47.90,1.59,true,0,
>>>>>>> d048ac2f4f281c9d788043ab4e81b61b0dbe3743
8001090438973,false,אולוויז דיסקריט תחתון סופג מדיום 9 יח,דיפלומט,DE,דיסקריט תחתון סופג מידה M,,0.00,0.00,false,1.00,57.90,6.43,true,0,
8001090493590,false,הד&שולדרס אולטרא 360 שמפו טוטאל קר לגבר,דיפלומט,RO,אולטרא שמפו לגבר טוטאל קר מועשר במלחים מן הים,,0.00,100.00,false,1.00,21.90,0.00,true,0,
8001090493675,false,הד&שולדרס MEN שמפו אולטרא טוטל קר 540 מל,דיפלומט מפיצים (1968) בעמ,RO,MEN ULTRA שמפו למניעת קשקשים טיפול מושלם,,0.00,100.00,false,1.00,26.90,0.00,true,0,
8001090540577,false,"מי פה אורל בי להלבנה 500 מ""ל",דיפלומט מפיצים (1968) בעמ,DE,3D WHITE מי פה,,0.00,100.00,false,1.00,29.90,0.00,true,0,
8001090544070,false,לנור מבשם אוויר UN רענן 300 מל,דיפלומט,PL,מבשם אוויר UN רענן,,0.00,100.00,false,1.00,24.90,0.00,true,0,
<<<<<<< HEAD
8001090580122,false,"הד אנד שולדרס שמפו סופרים משקם 400 מ""ל",פרוקטר אנד גמבל,FR,סופרים שמפו משקם,,0.00,100.00,false,1.00,26.90,0.00,true,0,
=======
8001090580122,false,"הד אנד שולדרס שמפו סופרים משקם 400 מ""ל",דיפלומט מפיצים 1968 בעמ,FR,סופרים שמפו משקם,,0.00,100.00,false,1.00,26.90,0.00,true,0,
>>>>>>> d048ac2f4f281c9d788043ab4e81b61b0dbe3743
8001090590633,false,אולד ספייס דאו ספריי לגוף WHITEWATER,דיפלומט,GB,דאודורנט ספריי לגוף WHITEWATER,,0.00,100.00,false,1.00,19.90,0.00,true,0,
8001090592958,false,אולד ספייס דאו ספריי לגוף ORIGINAL,דיפלומט,GB,דאודורנט ספריי לגוף ORIGINAL,,0.00,100.00,false,1.00,19.90,0.00,true,0,
8001090603388,false,פמפרס פיור מגבונים 48 יח שלישייה,General,DE,PURE מגבונים לחים 99% מים טהורים וכותנה אורגנית,,0.00,0.00,false,1.00,34.90,11.63,true,0,
8001090628985,false,אורל בי 3D WHITE משחה להלבנה ורגישות,דיפלומט,DE,3D WHITE משחה להלבנה ורגישות,,0.00,100.00,false,1.00,31.90,0.00,true,0,
8001090629036,false,אורל בי 3D WHITE משחה להלבנה וחיזוק,דיפלומט,DE,3D WHITE משחה להלבנה וחיזוק,,0.00,100.00,false,1.00,31.90,0.00,true,0,
8001090632715,false,מש.שיניים אורל בי לילדים פרוזן וקארס120ג,פרוקטר אנד גמבל,DE,משחת שיניים לילדים לגיל 2-6 שנים פרוזן,,0.00,100.00,false,1.00,19.90,0.00,true,0,
8001090645487,false,"הרבל אסנסס שמפו ג'ינג'ר 400 מ""ל",הרבל אסנס Herbal Essences,FR,שמפו ג'ינג'ר,,0.00,100.00,false,1.00,26.90,0.00,true,0,
8001090645517,false,"הרבל אסנסס מרכך ג'ינג'ר 400 מ""ל",הרבל אסנס Herbal Essences,FR,מרכך ג'ינג'ר,,0.00,100.00,false,1.00,26.90,0.00,true,0,
<<<<<<< HEAD
8001090678195,false,"מרכך הד&שולדרס סופרים לחות 275 מ""ל",פרוקטר אנד גמבל,FR,סופרים מרכך לחות,,0.00,100.00,false,1.00,18.90,0.00,true,0,
8001090678225,false,"הד אנד שולדרס מרכך סופרים משקם 275 מ""ל",פרוקטר אנד גמבל,FR,סופרים מרכך משקם,,0.00,100.00,false,1.00,18.90,0.00,true,0,
8001090678614,false,"שמפו סופרים לחות הד אנד שולדרס 400 מ""ל",פרוקטר אנד גמבל,FR,סופרים שמפו לחות,,0.00,100.00,false,1.00,26.90,0.00,true,0,
8001090721129,false,אריאל קפסולות גל לכביסה 3ב1 קולור 27 יח,פרוקטר אנד גמבל,FR,קפסולות ג'ל כביסה 3 ב-1 קולור,,0.00,0.00,false,1.00,39.90,1.47,true,0,
8001090735744,false,אוליי דיילי פיישל 5 ב 1- מטליות יבשות המ,דיפלומט,US,DAILY FACIALS מטליות יבשות המופעלות במים 5 ב-1,,0.00,0.00,false,1.00,34.90,0.00,true,0,
8001090737809,false,מגן תחתון אולוויז סינגל טנגה 36 יחידות,פרוקטר אנד גמבל,ES,מגן תחתון טנגה,,0.00,0.00,false,1.00,16.90,0.46,true,0,
8001090802385,false,קפסולות גל לכביסה טייד בניחוח לנור 26 יח,פרוקטר אנד גמבל,FR,קפסולות ג'ל כביסה קולור בניחוח לנור,,0.00,0.00,false,1.00,34.90,1.34,true,0,
8001090810083,false,"פנטן קונדישנר נוסחה קלאסית 500 מ""ל",פרוקטר אנד גמבל,RO,קונדישינר הנוסחה הקלאסית הזנה וברק,,0.00,100.00,false,1.00,21.90,0.00,true,0,
8001090810120,false,"פנטן קונדישנר שמן מרוקאי משקם 500 מ""ל",פרוקטר אנד גמבל,RO,קונדישינר שמן משקם,,0.00,100.00,false,1.00,21.90,0.00,true,0,
8001090810205,false,"פנטן שמפו נוסחה קלאסית 500 מ""ל",פנטן שמפן/מרכך 500 מ,RO,שמפו הנוסחה הקלאסית הזנה וברק,,0.00,100.00,false,1.00,21.90,0.00,true,0,
8001090810281,false,"שמפו שמן מרוקאי משקם פנטן 500 מ""ל",פרוקטר אנד גמבל,RO,שמפו שמן משקם,,0.00,100.00,false,1.00,21.90,0.00,true,0,
8001090832450,false,"שמפו פנטן הנוסחה הקלאסית 660 מ""ל",פרוקטר אנד גמבל,RO,שמפו הנוסחה הקלאסית הזנה וברק,,0.00,100.00,false,1.00,24.90,0.00,true,0,
8001090832535,false,"שמפו פנטן שמן מרוקאי משקם 660 מ""ל",פרוקטר אנד גמבל,RO,שמפו שמן משקם,,0.00,100.00,false,1.00,24.90,0.00,true,0,
8001090832573,false,"שמפו פנטן לחות מוגברת 660 מ""ל",פרוקטר אנד גמבל,RO,שמפו לחות מוגברת,,0.00,100.00,false,1.00,24.90,0.00,true,0,
8001090832610,false,"שמפו פנטן למגע רך כמשי 660 מ""ל",פרוקטר אנד גמבל,RO,שמפו למגע רך כמשי,,0.00,100.00,false,1.00,24.90,0.00,true,0,
8001090832696,false,"פנטן שמפו לתלתלים מושלמים 660 מ""ל",פרוקטר אנד גמבל,RO,שמפו לתלתלים מושלמים,,0.00,100.00,false,1.00,24.90,0.00,true,0,
8001090832771,false,"פנטן שמפו להזנת קרטין 660 מ""ל",פרוקטר אנד גמבל,RO,שמפו הזנת קרטין,,0.00,100.00,false,1.00,24.90,0.00,true,0,
8001090832818,false,מרכך פנטן הנוסחה הקלאסית לשיער רגיל ומעורב,פרוקטר אנד גמבל,RO,קונדישינר הנוסחה הקלאסית הזנה וברק,,0.00,100.00,false,1.00,24.90,0.00,true,0,
8001090832856,false,"פנטן 660 מ""ל קונדישינר מרוקאי משקם",פרוקטר אנד גמבל,RO,מרכך שמן משקם,,0.00,100.00,false,1.00,24.90,0.00,true,0,
8001090832894,false,מרכך לשיער חלש ופגום לחות מוגברת,פרוקטר אנד גמבל,RO,קונדישינר לחות מוגברת,,0.00,100.00,false,1.00,24.90,0.00,true,0,
8001090832931,false,"פנטן 660 מ""ל קונדישינר למגע רך כמשי",פרוקטר אנד גמבל,RO,קונדישינר למגע רך כמשי,,0.00,100.00,false,1.00,24.90,0.00,true,0,
8001090832979,false,"פנטן 660 מ""ל קונדישינר לתלתלים מושלמים",פנטן שמפו ומרכך ב 17,RO,קונדישינר לתלתלים מושלמים,,0.00,100.00,false,1.00,24.90,0.00,true,0,
8001090833051,false,"פנטן 660 מ""ל קונדישינר הזנת קרטין",פנטן שמפו ומרכך ב 17,RO,קונדישינר הזנת קרטין,,0.00,100.00,false,1.00,24.90,0.00,true,0,
8001090833167,false,גל כביסה אריאל בניחוח הרים 2.365 ליטר,פרוקטור אנד גמבל,FR,ג'ל כביסה ניחוח הרים,,0.00,1.00,false,1.00,34.90,14.72,true,0,
8001090833228,false,אריאל ג'ל כביסה קולור 2.365 ליטר,פרוקטור אנד גמבל,FR,ג'ל כביסה COLOR,,0.00,1.00,false,1.00,34.90,14.72,true,0,
=======
8001090678195,false,"מרכך הד&שולדרס סופרים לחות 275 מ""ל",דיפלומט מפיצים (1968) בעמ,FR,סופרים מרכך לחות,,0.00,100.00,false,1.00,18.90,0.00,true,0,
8001090678225,false,"הד אנד שולדרס מרכך סופרים משקם 275 מ""ל",דיפלומט מפיצים 1968 בעמ,FR,סופרים מרכך משקם,,0.00,100.00,false,1.00,18.90,0.00,true,0,
8001090678614,false,"שמפו סופרים לחות הד אנד שולדרס 400 מ""ל",דיפלומט מפיצים (1986) בע`מ,FR,סופרים שמפו לחות,,0.00,100.00,false,1.00,26.90,0.00,true,0,
8001090721129,false,אריאל קפסולות גל לכביסה 3ב1 קולור 27 יח,דיפלומט מפיצים (1986) בע`מ,FR,קפסולות ג'ל כביסה 3 ב-1 קולור,,0.00,0.00,false,1.00,39.90,1.47,true,0,
8001090735744,false,אוליי דיילי פיישל 5 ב 1- מטליות יבשות המ,דיפלומט,US,DAILY FACIALS מטליות יבשות המופעלות במים 5 ב-1,,0.00,0.00,false,1.00,34.90,0.00,true,0,
8001090737809,false,מגן תחתון אולוויז סינגל טנגה 36 יחידות,דיפלומט מפיצים (1968) בעמ,ES,מגן תחתון טנגה,,0.00,0.00,false,1.00,16.90,0.46,true,0,
8001090802385,false,קפסולות גל לכביסה טייד בניחוח לנור 26 יח,דיפלומט מפיצים (1986) בע`מ,FR,קפסולות ג'ל כביסה קולור בניחוח לנור,,0.00,0.00,false,1.00,34.90,1.34,true,0,
8001090810083,false,"פנטן קונדישנר נוסחה קלאסית 500 מ""ל",דיפלומט מפיצים (1968) בעמ,RO,קונדישינר הנוסחה הקלאסית הזנה וברק,,0.00,100.00,false,1.00,21.90,0.00,true,0,
8001090810120,false,"פנטן קונדישנר שמן מרוקאי משקם 500 מ""ל",פרוקטר אנד גמבל,RO,קונדישינר שמן משקם,,0.00,100.00,false,1.00,21.90,0.00,true,0,
8001090810205,false,"פנטן שמפו נוסחה קלאסית 500 מ""ל",פנטן שמפן/מרכך 500 מ,RO,שמפו הנוסחה הקלאסית הזנה וברק,,0.00,100.00,false,1.00,21.90,0.00,true,0,
8001090810281,false,"שמפו שמן מרוקאי משקם פנטן 500 מ""ל",דיפלומט מפיצים 1968 בעמ,RO,שמפו שמן משקם,,0.00,100.00,false,1.00,21.90,0.00,true,0,
8001090832450,false,"שמפו פנטן הנוסחה הקלאסית 660 מ""ל",דיפלומט מפיצים (1986) בע`מ,RO,שמפו הנוסחה הקלאסית הזנה וברק,,0.00,100.00,false,1.00,24.90,0.00,true,0,
8001090832535,false,"שמפו פנטן שמן מרוקאי משקם 660 מ""ל",דיפלומט מפיצים (1986) בע`מ,RO,שמפו שמן משקם,,0.00,100.00,false,1.00,24.90,0.00,true,0,
8001090832573,false,שמפו שמן לחות מוגברת 660 מל פנטן,דיפלומט מפיצים (1986) בע`מ,RO,שמפו לחות מוגברת,,0.00,100.00,false,1.00,24.90,0.00,true,0,
8001090832610,false,שמפו שמן למגע רך כמשי 660 מל פנטן,דיפלומט מפיצים (1986) בע`מ,RO,שמפו למגע רך כמשי,,0.00,100.00,false,1.00,24.90,0.00,true,0,
8001090832696,false,"פנטן שמפו לתלתלים מושלמים 660 מ""ל",דיפלומט מפיצים (1986) בע`מ,RO,שמפו לתלתלים מושלמים,,0.00,100.00,false,1.00,24.90,0.00,true,0,
8001090832771,false,"פנטן שמפו להזנת קרטין 660 מ""ל",דיפלומט מפיצים (1986) בע`מ,RO,שמפו הזנת קרטין,,0.00,100.00,false,1.00,24.90,0.00,true,0,
8001090832818,false,מרכך פנטן הנוסחה הקלאסית לשיער רגיל ומעורב,דיפלומט מפיצים (1986) בע`מ,RO,קונדישינר הנוסחה הקלאסית הזנה וברק,,0.00,100.00,false,1.00,24.90,0.00,true,0,
8001090832856,false,"פנטן 660 מ""ל קונדישינר מרוקאי משקם",דיפלומט מפיצים (1986) בע`מ,RO,מרכך שמן משקם,,0.00,100.00,false,1.00,24.90,0.00,true,0,
8001090832894,false,מרכך לשיער חלש ופגום לחות מוגברת,דיפלומט מפיצים (1986) בע`מ,RO,קונדישינר לחות מוגברת,,0.00,100.00,false,1.00,24.90,0.00,true,0,
8001090832931,false,"פנטן 660 מ""ל קונדישינר למגע רך כמשי",דיפלומט מפיצים (1986) בע`מ,RO,קונדישינר למגע רך כמשי,,0.00,100.00,false,1.00,24.90,0.00,true,0,
8001090832979,false,"פנטן 660 מ""ל קונדישינר לתלתלים מושלמים",דיפלומט מפיצים (1986) בע`מ,RO,קונדישינר לתלתלים מושלמים,,0.00,100.00,false,1.00,24.90,0.00,true,0,
8001090833051,false,"פנטן 660 מ""ל קונדישינר הזנת קרטין",דיפלומט מפיצים (1986) בע`מ,RO,קונדישינר הזנת קרטין,,0.00,100.00,false,1.00,24.90,0.00,true,0,
8001090833167,false,גל כביסה אריאל בניחוח הרים 2.365 ליטר,דיפלומט מפיצים (1986) בע`מ,FR,ג'ל כביסה ניחוח הרים,,0.00,1.00,false,1.00,34.90,14.72,true,0,
8001090833228,false,אריאל ג'ל כביסה קולור 2.365 ליטר,דיפלומט מפיצים (1986) בע`מ,FR,ג'ל כביסה COLOR,,0.00,1.00,false,1.00,34.90,14.72,true,0,
>>>>>>> d048ac2f4f281c9d788043ab4e81b61b0dbe3743
8001090850836,false,לנור כדוריות הריח בניחוח אביבי 210 גרם,פרוקטר אנד גמבל,US,כדוריות בושם בניחוח אביבי,,0.00,100.00,false,1.00,39.90,0.00,true,0,
8001090856005,false,פאנטן 200 מרכך הקסם סופר פוד,פרוקטר אנד גמבל,RO,מרכך הקסם 3 דקות סופר פוד,,0.00,100.00,false,1.00,29.90,0.00,true,0,
8001090861276,false,"פנטן קונדישנר סופר פוד 660 מ""ל",פרוקטר אנד גמבל,RO,מרכך סופר פוד לשיער עשיר וחזק,,0.00,100.00,false,1.00,24.90,0.00,true,0,
8001090861795,false,"פנטן שמפו סופר פוד 660 מ""ל",פרוקטר אנד גמבל,RO,שמפו סופר פוד לשיער עשיר וחזק,,0.00,100.00,false,1.00,24.90,0.00,true,0,
8001090875266,false,אוליי רגנריסט WHIP קרם לחות פעיל 50 מל,דיפלומט,PL,REGENERIST WHIP קרם לחות פעיל,,0.00,100.00,false,1.00,159.90,0.03,true,0,
8001090875419,false,אוליי רגנריסט WHIP קרם לחות פעיל SPF 30,דיפלומט,PL,REGENERIST WHIP קרם לחות פעיל SPF 30,,0.00,100.00,false,1.00,159.90,0.03,true,0,
8001090875563,false,אוליי לומינוס WHIP קרם לחות פעיל 50 מל,דיפלומט,PL,LUMINOUS WHIP קרם לחות פעיל,,0.00,100.00,false,1.00,159.90,0.03,true,0,
8001090875624,false,אוליי רגנריסט לומינוס WHIP קרם לחות פעיל,דיפלומט,PL,REGENERIST LUMINOUS WHIP קרם לחות פעיל SPF 30,,0.00,100.00,false,1.00,159.90,0.03,true,0,
8001090875846,false,אוליי טוטאל אפקט WHIP קרם לחות פעיל SPF,דיפלומט,PL,TOTAL EFFECTS WHIP קרם לחות פעיל SPF30,,0.00,100.00,false,1.00,159.90,0.03,true,0,
8001090886385,false,לנור כדוריות הבושם בניחוח רענן 140 גרם,דיפלומט מפיצים (1968) בעמ,US,כדוריות בושם בניחוח רענן,,0.00,100.00,false,1.00,29.90,0.00,true,0,
8001090886460,false,לנור כדוריות הבושם בניחוח אביבי 140 גרם,דיפלומט מפיצים (1968) בעמ,US,כדוריות בושם בניחוח אביבי,,0.00,100.00,false,1.00,29.90,0.00,true,0,
8001090891273,false,לנור כדוריות בושם בניחוח סחלב 210 גרם,דיפלומט מפיצים (1968) בעמ,US,כדוריות בושם בניחוח סחלב,,0.00,100.00,false,1.00,39.90,0.00,true,0,
8001090893277,false,אולוויז דיסקרט תחתון אלסטי אקסטרה לארג 7,דיפלומט,CA,דיסקרט תחתונים אלסטיים לבריחת שתן אקסטרא לארג',,0.00,0.00,false,1.00,54.90,7.84,true,0,
8001090899071,false,אולוויז פלטינום נורמל + 12 יח תחבושות,דיפלומט,DE,פלטינום תחבושות עם כנפיים נורמל,,0.00,0.00,false,1.00,15.90,1.32,true,0,
8001090899101,false,אולוויז פלטינום לונג + 10 יח תחבושות,ספקים שונים,DE,פלטינום תחבושות עם כנפיים לונג,,0.00,0.00,false,1.00,15.90,1.59,true,0,
8001090899132,false,אולוויז פלטינום לילה + 8 יח תחבושות,דיפלומט,DE,פלטינום תחבושות עם כנפיים לילה,,0.00,0.00,false,1.00,15.90,1.98,true,0,
<<<<<<< HEAD
8001090899194,false,תחבושות אולוויז פלטינום נורמל 24 יחידות,פרוקטר אנד גמבל,DE,פלטינום אולטרה נורמל - תחבושות היגייניות עם כנפיים בניחוח עדין,,0.00,0.00,false,1.00,26.90,1.12,true,0,
8001090899224,false,תחבושות אולוויז פלטינום לונג 20 יחידות,פרוקטר אנד גמבל,DE,פלטינום אולטרה לונג - תחבושות היגייניות עם כנפיים בניחוח עדין,,0.00,0.00,false,1.00,26.90,1.34,true,0,
8001090899255,false,תחבושות אולוויז פלטינום לילה 16 יחידות,פרוקטר אנד גמבל,DE,פלטינום אולטרה נייט - תחבושות היגייניות עם כנפיים בניחוח עדין,,0.00,0.00,false,1.00,26.90,1.68,true,0,
8001090899286,false,תחבושות אולוויז פלטינום לילה בטוח 14 יח',פרוקטר אנד גמבל,DE,פלטינום אולטרה סקיור נייט - תחבושות היגייניות עם כנפיים בניחוח עדין,,0.00,0.00,false,1.00,26.90,1.68,true,0,
8001090962966,false,אולד ספייס דאו ספריי לגוף CAPTAIN,דיפלומט,GB,דאודורנט ספריי לגוף CAPTAIN,,0.00,100.00,false,1.00,19.90,0.00,true,0,
8001090970497,false,אולד ספייס דאו סטיק CAPTAIN,דיפלומט,PL,דאודורנט סטיק CAPTAIN,,0.00,100.00,false,1.00,19.90,0.00,true,0,
8001090971029,false,אולד ספייס דאו ספריי CITRON,דיפלומט,GB,דאודורנט ספריי CITRON,,0.00,100.00,false,1.00,19.90,0.00,true,0,
8001090988362,false,"שמפו לחות מוגברת פנטן 500 מ""ל","פרוקטר אנד גמבל, רומ",RO,שמפו לחות מוגברת,,0.00,100.00,false,1.00,21.90,0.00,true,0,
8001090988843,false,"פנטן קונדישנר לחות מרכך מוגברת 500 מ""ל",פרוקטר אנד גמבל,RO,קונדישינר לחות מוגברת,,0.00,100.00,false,1.00,21.90,0.00,true,0,
8001090992338,false,פיירי טבליות למדיח פלטינום פלוס 50 יחידו,פרוקטר אנד גמבל,BE,טבליות למדיח פלטינום פלוס,,0.00,0.00,false,1.00,69.90,1.39,true,0,
=======
8001090899194,false,תחבושות אולוויז פלטינום נורמל 24 יחידות,דיפלומט מפיצים (1986) בע`מ,DE,פלטינום אולטרה נורמל - תחבושות היגייניות עם כנפיים בניחוח עדין,,0.00,0.00,false,1.00,26.90,1.12,true,0,
8001090899224,false,תחבושות אולוויז פלטינום לונג 20 יחידות,דיפלומט מפיצים (1986) בע`מ,DE,פלטינום אולטרה לונג - תחבושות היגייניות עם כנפיים בניחוח עדין,,0.00,0.00,false,1.00,26.90,1.34,true,0,
8001090899255,false,תחבושות אולוויז פלטינום לילה 16 יחידות,דיפלומט מפיצים (1986) בע`מ,DE,פלטינום אולטרה נייט - תחבושות היגייניות עם כנפיים בניחוח עדין,,0.00,0.00,false,1.00,26.90,1.68,true,0,
8001090899286,false,תחבושות אולוויז פלטינום לילה בטוח 14 יח',דיפלומט מפיצים (1986) בע`מ,DE,פלטינום אולטרה סקיור נייט - תחבושות היגייניות עם כנפיים בניחוח עדין,,0.00,0.00,false,1.00,26.90,1.68,true,0,
8001090962966,false,אולד ספייס דאו ספריי לגוף CAPTAIN,דיפלומט,GB,דאודורנט ספריי לגוף CAPTAIN,,0.00,100.00,false,1.00,19.90,0.00,true,0,
8001090970497,false,אולד ספייס דאו סטיק CAPTAIN,דיפלומט,PL,דאודורנט סטיק CAPTAIN,,0.00,100.00,false,1.00,19.90,0.00,true,0,
8001090971029,false,אולד ספייס דאו ספריי CITRON,דיפלומט,GB,דאודורנט ספריי CITRON,,0.00,100.00,false,1.00,19.90,0.00,true,0,
8001090988362,false,"שמפו פאנטן לחות מוגברת 500 מ""ל",דיפלומט מפיצים {1968}בעמ,RO,שמפו לחות מוגברת,,0.00,100.00,false,1.00,21.90,0.00,true,0,
8001090988843,false,"פנטן קונדישנר לחות מרכך מוגברת 500 מ""ל",דיפלומט מפיצים (1968) בעמ,RO,קונדישינר לחות מוגברת,,0.00,100.00,false,1.00,21.90,0.00,true,0,
8001090992338,false,פיירי טבליות למדיח פלטינום פלוס 50 יחידו,דיפלומט מפיצים (1968) בעמ,BE,טבליות למדיח פלטינום פלוס,,0.00,0.00,false,1.00,69.90,1.39,true,0,
>>>>>>> d048ac2f4f281c9d788043ab4e81b61b0dbe3743
8001090998996,false,אולד ספייס דאו קליר גל LAGOON 70  מל,דיפלומט,BE,דאודורנט קליר ג'ל LAGOON,,0.00,100.00,false,1.00,22.90,0.00,true,0,
8001090999030,false,אולד ספייס דאו קליר גל WHITEWATER 70  מל,דיפלומט,BE,דאודורנט קליר ג'ל WHITEWATER,,0.00,100.00,false,1.00,22.90,0.00,true,0,
8001090999191,false,אולד ספייס דאו קליר גל CAPTAIN 70  מל,דיפלומט,BE,דאודורנט קליר ג'ל CAPTAIN,,0.00,100.00,false,1.00,22.90,0.00,true,0,
8001160001786,false,"משקה אנרגיה גטורייד ספורט כחול 500מ""ל",אקווה מינרלה סאן בנדטו,,משקה בטעם פטל מופחת קלוריות,,0.00,100.00,false,1.00,11.90,0.00,true,0,
8001359008558,false,פרולטה מרכך אובליפיחה לשיער,פאר פארם,,,,0.00,100.00,false,1.00,42.90,0.00,true,0,
8001359008572,false,פרולטה שמפו אובליפיחה לשיער צבוע,פאר פארם)איתן(,,שמפו אובלפיחה טיפולי ומשקם לשיער צבוע ופגום ללא S.L.S,,0.00,100.00,false,1.00,39.90,0.00,true,0,
8001359008589,false,פרולטה שמפו אובליפיחה לחיזוק שורשים,פאר פארם,,שמפו אובלפיחה טיפולי עדין לשיער דליל דק וחלש,,0.00,100.00,false,1.00,39.90,0.00,true,0,
8001359008640,false,פרולטה שמפו אובליפיחה נגד קשקשים,פאר פארם)איתן(,,שמפו אובליפיחה נגד קשקשים,,0.00,100.00,false,1.00,39.90,0.00,true,0,
8001440118944,false,שלישיית עגבניות פולפה צ'יריו 400 גרם,דיפלומט מפיצים (1968) בעמ**,IT,פולפה עגבניות חתוכות דק,,0.00,0.00,false,1.00,15.90,5.30,true,0,
8001841006710,false,לנור כדוריות הבושם בניחוח רענן ( 210 גר`,דיפלומט מפיצים (1968) בעמ,US,כדוריות הריח בניחוח רענן,,0.00,100.00,false,1.00,39.90,0.00,true,0,
8001841053646,false,תחבושות אולוויז עבה נורמל פלוס 14 יחידות,פרוקטר אנד גמבל )ראה קוד,HU,תחבושות היגייניות עם כנפיים מקסי נורמל פלוס,,0.00,0.00,false,1.00,13.90,0.99,true,0,
8001841053684,false,תחבושות אולוויז עבה לונג פלוס 12 יחידות,פרוקטר אנד גמבל )ראה קוד,HU,תחבושות היגייניות עם כנפיים מקסי לילה,,0.00,0.00,false,1.00,13.90,1.15,true,0,
<<<<<<< HEAD
8001841053806,false,תחבושות היגייניות אולוויז מקסי עבה לילה,פרוקטר אנד גמבל,HU,תחבושות היגייניות מקסי לילה פלוס,,0.00,0.00,false,1.00,13.90,1.54,true,0,
8001841062624,false,פמפרס מגבונים לחים ללא בישום רביעייה,פרוקטר אנד גמבל.,DE,מגבונים לחים ללא בישום,,0.00,0.00,false,1.00,23.90,5.97,true,0,
8001841077949,false,מארז מגבוני פמפרס בניחוח מרענן - רביעייה,פרוקטר אנד גמבל,DE,מגבונים לחים לרעננות,,0.00,0.00,false,1.00,23.90,5.97,true,0,
=======
8001841053806,false,תחבושות היגייניות אולוויז מקסי עבה לילה,דיפלומט מפיצים (1968) בעמ,HU,תחבושות היגייניות מקסי לילה פלוס,,0.00,0.00,false,1.00,13.90,1.54,true,0,
8001841062624,false,פמפרס מגבונים לחים ללא בישום רביעייה,דיפלומט מפיצים (1968) בעמ,DE,מגבונים לחים ללא בישום,,0.00,0.00,false,1.00,23.90,5.97,true,0,
8001841077949,false,מארז מגבוני פמפרס בניחוח מרענן - רביעייה,דיפלומט מפיצים (1986) בע`מ,DE,מגבונים לחים לרעננות,,0.00,0.00,false,1.00,23.90,5.97,true,0,
>>>>>>> d048ac2f4f281c9d788043ab4e81b61b0dbe3743
8001841104614,false,פמפרס פרימיום חיתולים שלב 1 א.נשיאה 26יח,פרוקטר אנד גמבל,PL,"אריזת התנסות מידה 1, 2-5 ק""ג",,0.00,0.00,false,1.00,22.90,0.88,true,0,
8001841104751,false,פמפרס פרימיום קר חיתולים שלב 1 52 יח VP,דיפלומט מפיצים (1968) בעמ,PL,"חיתולים שלב 1 2-5 ק""ג",,0.00,0.00,false,1.00,47.90,0.92,true,0,
8001841104799,false,פמפרס פרימיום קר חיתולים שלב 2 46 יח VP,דיפלומט מפיצים (1968) בעמ,PL,"חיתולים שלב 2 4-8 ק""ג",,0.00,0.00,false,1.00,47.90,1.04,true,0,
8001841105093,false,פמפרס פרימיום קר חיתולים שלב 6 26 יח VP,דיפלומט מפיצים (1986) בע`מ,PL,"חיתולים שלב 6 13+ ק""ג",,0.00,0.00,false,1.00,47.90,1.84,true,0,
8001841137179,false,קונדישינר הד&שולדרס הנוסחה הקלאסית 275מל,דיפלומט מפיצים (1986) בע`מ,RO,מרכך לשיער ולקרקפת הנוסחה הקלאסית,,0.00,100.00,false,1.00,18.90,0.00,true,0,
8001841137216,false,"קונדישנר למגע רך כמשי הד אנד שולדרס 275 מ""ל",דיפלומט מפיצים (1986) בע`מ,RO,מרכך לשיער ולקרקפת למגע רך כמשי,,0.00,100.00,false,1.00,18.90,0.00,true,0,
8001841137667,false,הד&שולדרס מרכך בניחוח תפוח 275 מל,פרוקטר אנד גמבל,RO,מרכך לשיער ולקרקפת בניחוח תפוח,,0.00,100.00,false,1.00,18.90,0.00,true,0,
8001841142722,false,אורל בי 3D WHITE משחה-לבן עוצמתי 75 מל,דיפלומט,DE,3D WHITE משחת שיניים להלבנה עוצמתית ומרעננת,,0.00,100.00,false,1.00,29.90,0.00,true,0,
8001841173887,false,אוליי גל עיניים להזנה עמוקה 15 מל,דיפלומט,PL,ג'ל עיניים להזנה עמוקה לעור עייף,,0.00,100.00,false,1.00,139.90,0.09,true,0,
8001841198248,false,גילט דאודורנט ספריי AI 150 מל,פרוקטר אנד גמבל,GB,דאודורנט ספריי אנטי-פרספירנט ארקטיק אייס,,0.00,100.00,false,1.00,22.90,0.00,true,0,
8001841198347,false,"דאו ספריי לגבר קול וייב ג'ילט 150 מ""ל",פרוקטר אנד גמבל,GB,דאודורנט ספריי אנטי-פרספירנט קול ווייב,,0.00,100.00,false,1.00,22.90,0.00,true,0,
8001841198446,false,"דאו ספריי לגבר פאוור ראש ג'ילט 150 מ""ל",דיפלומט מפיצים {1968}בעמ,GB,דאודורנט ספריי אנטי-פרספירנט פאואר רוש,,0.00,100.00,false,1.00,22.90,0.00,true,0,
8001841214504,false,פנטן Hair Biology שמפו לשיער מלא ותוסס,דיפלומט,FR,שמפו לשיער מלא ותוסס,,0.00,100.00,false,1.00,27.90,0.00,true,0,
8001841214566,false,פנטן Hair Biology שמפו לשיער אפור וזוהר,דיפלומט,FR,שמפו לשיער אפור וזוהר,,0.00,100.00,false,1.00,27.90,0.00,true,0,
8001841214627,false,פנטן Hair Biology שמפו לניקוי ושיקום 250,דיפלומט,FR,שמפו לניקוי ושיקום השיער,,0.00,100.00,false,1.00,27.90,0.00,true,0,
8001841214689,false,פנטן Hair Biology שמפו אנטי קרזול 250,דיפלומט,FR,שמפו אנטי קרזול ואפקט הארה,,0.00,100.00,false,1.00,27.90,0.00,true,0,
8001841216638,false,פנטן Hair Biology מרכך לשיער מלא ותוסס,דיפלומט,FR,מרכך לשיער מלא ותוסס,,0.00,100.00,false,1.00,27.90,0.00,true,0,
8001841216690,false,פנטן Hair Biology מרכך לשיער אפור וזוהר,דיפלומט,FR,מרכך לשיער אפור וזוהר,,0.00,100.00,false,1.00,27.90,0.00,true,0,
8001841216751,false,פנטן Hair Biology מרכך לניקוי ושיקום 160,דיפלומט,FR,מרכך לניקוי ושיקום השיער,,0.00,100.00,false,1.00,27.90,0.00,true,0,
8001841216812,false,פנטן Hair Biology מרכך אנטי קרזול 250,דיפלומט,FR,מרכך אנטי קרזול ואפקט הארה,,0.00,100.00,false,1.00,27.90,0.00,true,0,
8001841226033,false,הד&שולדרס אולטרא 360 שמפו סנדלווד אולד ס,דיפלומט,RO,אולטרא שמפו לגבר אולד ספייס בניחוח סנדלווד,,0.00,100.00,false,1.00,21.90,0.00,true,0,
8001841228242,false,פנטן Hair Biology מסכה לניקוי ושיקום 160,דיפלומט,FR,מסכה לניקוי ושיקום השיער,,0.00,100.00,false,1.00,20.00,0.00,true,0,
8001841228457,false,פנטן Hair Biology מסכה אנטי קרזול 160,דיפלומט,FR,מסכה אנטי קרזול ואפקט הארה,,0.00,100.00,false,1.00,27.90,0.00,true,0,
8001841228662,false,פנטן Hair Biology מסכה לשיער מלא ותוסס,דיפלומט,FR,מסכה לשיער מלא ותוסס,,0.00,100.00,false,1.00,27.90,0.00,true,0,
8001841228877,false,פנטן Hair Biology מסכה לשיער אפור וזוהר,דיפלומט,FR,מסכה לשיער אפור וזוהר,,0.00,100.00,false,1.00,20.00,0.00,true,0,
8001841272757,false,אורל-בי משחת שיניים להלבנה פחם- לניקוי עמוק,דיפלומט מפיצים (1968) בעמ,DE,3D WHITE משחה פחם לניקוי יסודי,,0.00,100.00,false,1.00,31.90,0.00,true,0,
8001841275185,false,הרבל אסנס מסכה שמן ארגן מרוקאי 250 מל,דיפלומט,FR,BIO RENEW מסכה שמן ארגן מרוקאי,,0.00,100.00,false,1.00,24.90,0.00,true,0,
8001841282572,false,אולד ספייס דאו ספריי DEEP SEA,דיפלומט,GB,דאודורנט ספריי DEEP SEA,,0.00,100.00,false,1.00,21.90,0.00,true,0,
8001841283807,false,אולד ספייס דאו סטיק ROCK,דיפלומט,PL,דאודורנט סטיק ROCK,,0.00,100.00,false,1.00,19.90,0.00,true,0,
8001841283944,false,אולד ספייס דאו סטיק DEEP SEA,General,PL,דאודורנט סטיק DEEP SEA,,0.00,100.00,false,1.00,19.90,0.00,true,0,
8001841326153,false,אולד ספייס גל רחצה DEEP SEA,דיפלומט,FR,ג'ל רחצה DEEP SEA,,0.00,100.00,false,1.00,21.90,0.00,true,0,
8001841326207,false,אולד ספייס גל רחצה+שמפו ROCK,דיפלומט,FR,ג'ל רחצה + שמפו ROCK,,0.00,100.00,false,1.00,19.90,0.00,true,0,
8001841407593,false,אוליי מים מיסלריים,דיפלומט,US,מים מיסלריים,,0.00,100.00,false,1.00,38.90,0.00,true,0,
8001841426600,false,אוזי HYDRATE מרכך 250 מל,דיפלומט,FR,מרכך HYDRATE,,0.00,100.00,false,1.00,20.90,0.00,true,0,
8001841426723,false,אוזי REPAIR מרכך 200 מל,General,US,מרכך REPAIR,,0.00,100.00,false,1.00,20.90,0.00,true,0,
8001841426761,false,אוזי SHINE מרכך 200 מל,דיפלומט,US,מרכך SHINE,,0.00,100.00,false,1.00,20.90,0.00,true,0,
8001841427164,false,אולוויז פרו פרש מגן תחתון 4ב-1 לארג 40,פרוקטר אנד גמבל,DE,פרו פרש מגן תחתון 4ב-1 לארג',,0.00,0.00,false,1.00,19.90,0.49,true,0,
8001841429847,false,אוליי רגנריסט רטינול 24 קרם לילה 50 מל,דיפלומט,PL,REGENERIST RETINOL 24 אנטי אייג'ינג קרם לילה,,0.00,100.00,false,1.00,149.90,0.02,true,0,
8001841430003,false,אוליי רגנריסט רטינול 24 סרום לילה 40 מל,דיפלומט,PL,REGENERIST RETINOL 24 סרום לילה,,0.00,100.00,false,1.00,149.90,0.03,true,0,
8001841430164,false,אוליי רגנריסט רטינול 24 קרם עיניים ללילה,דיפלומט,PL,REGENERIST RETINOL 24 קרם עיניים ללילה,,0.00,100.00,false,1.00,149.90,0.09,true,0,
8001841479804,false,אולוויז תחבושות כותנה אורגנית נורמל 12 י,דיפלומט,DE,כותנה אורגנית - תחבושות היגייניות נורמל,,0.00,0.00,false,1.00,24.90,2.07,true,0,
8001841479842,false,אולוויז תחבושות כותנה אורגנית לונג 10 יח,דיפלומט,DE,כותנה אורגנית - תחבושות היגייניות לונג,,0.00,0.00,false,1.00,24.90,2.49,true,0,
8001841479873,false,אולוויז תחבושות כותנה אורגנית לילה 9 יח,דיפלומט,DE,כותנה אורגנית - תחבושות היגייניות לילה,,0.00,0.00,false,1.00,24.90,2.76,true,0,
8001841480442,false,אוליי מי פנים לכל סוגי העור 200 מל,דיפלומט,PL,מי פנים לכל סוגי העור,,0.00,100.00,false,1.00,34.80,0.00,true,0,
8001841480565,false,אוליי תחליב פנים להסרת איפור 200 מל,דיפלומט,PL,תחליב פנים להסרת איפור,,0.00,100.00,false,1.00,34.90,0.00,true,0,
8001841480749,false,אוליי מגבונים לניקוי עור הפנים לעור רגיש,דיפלומט,NL,מגבונים לניקוי עור הפנים לעור רגיש,,0.00,0.00,false,1.00,9.90,0.00,true,0,
8001841482712,false,אוליי סבון פנים גל קצף לעור רגיל 150 מל,דיפלומט,PL,סבון פנים ג'ל קצף לעור רגיל,,0.00,100.00,false,1.00,34.90,0.00,true,0,
8001841483375,false,אוליי סבון פנים לעור יבש 150 מל,דיפלומט,PL,סבון פנים לעור יבש,,0.00,100.00,false,1.00,34.90,0.00,true,0,
8001841483559,false,אוליי סבון פנים לטיהור וזוהר לכל סוגי הע,דיפלומט,PL,סבון פנים לטיהור וזוהר לכל סוגי העור,,0.00,100.00,false,1.00,34.90,0.00,true,0,
8001841500799,false,"הרבל אסנסס - שמפו ללא סולפטים אלוורה ומנגו 380 מ""ל",דיפלומט מפיצים (1968) בעמ,FR,שמפו אלוורה ומנגו - ללא סולפטים,,0.00,100.00,false,1.00,26.90,0.00,true,0,
8001841500942,false,"הרבל אסנסס - שמפו ללא סולפטים אלוורה ובמבוק 380 מ""ל",דיפלומט מפיצים (1986) בע`מ,FR,שמפו אלוורה ובמבוק - ללא סולפטים,,0.00,100.00,false,1.00,26.90,0.00,true,0,
8001841502298,false,"הרבל אסנסס - מרכך ללא סולפטים אלוורה ומנגו 275 מ""ל",דיפלומט מפיצים (1968) בעמ,FR,מרכך אלוורה ומנגו - ללא סולפטים,,0.00,100.00,false,1.00,26.90,0.00,true,0,
8001841502601,false,"הרבל אסנסס - מרכך ללא סולפטים אלוורה ובמבוק 275 מ""ל",דיפלומט מפיצים (1968) בעמ,FR,מרכך אלוורה ובמבוק- ללא סולפטים,,0.00,100.00,false,1.00,26.90,0.00,true,0,
8001841535487,false,הרבל אסנס שמן ארגן 100 מל,דיפלומט,FR,שמן ארגן,,0.00,0.00,false,1.00,24.90,0.24,true,0,
8001841535593,false,הרבל אסנס שמן קוקוס 100 מל,דיפלומט,FR,שמן קוקוס,,0.00,0.00,false,1.00,24.90,0.24,true,0,
8001841543680,false,אולוויז דיסקריט תחתון סופג מדיום 9 יח שח,דיפלומט,DE,דיסקריט תחתון סופג מידה M צבע שחור,,0.00,0.00,false,1.00,57.90,6.43,true,0,
8001841543710,false,אולוויז דיסקריט תחתון סופג לארג 8 יח שחו,דיפלומט,DE,דיסקריט תחתון סופג מידה L צבע שחור,,0.00,0.00,false,1.00,57.90,6.43,true,0,
8001841555843,false,אוזי SOS שמפו שיקום עמוק 290 מל,דיפלומט,FR,SOS שמפו שיקום עמוק,,0.00,100.00,false,1.00,20.90,0.00,true,0,
8001841555881,false,אוזי SOS ספריי מציל מחום ללא שטיפה 100 מ,דיפלומט,FR,SOS ספריי מציל מחום ללא שטיפה,,0.00,0.00,false,1.00,20.90,0.20,true,0,
8001841558196,false,אוזי SOS מרכך שיקום עמוק 200 מל,דיפלומט,FR,SOS מרכך שיקום עמוק,,0.00,100.00,false,1.00,20.90,0.00,true,0,
8001841558332,false,אוזי SOS מסכת הקסם שיקום עמוק 225 מל,דיפלומט,FR,SOS מסכת הקסם ב-3 דקות שיקום עמוק,,0.00,100.00,false,1.00,31.90,0.00,true,0,
8001841566771,false,לנור כדוריות בושם בניחוח יסמין 210 גרם,דיפלומט מפיצים (1968) בעמ,US,כדוריות בושם בניחוח יסמין,,0.00,100.00,false,1.00,39.90,0.00,true,0,
8001841587684,false,"גילט דאודורנט היידרה גל אלוורה 70 מ""ל",דיפלומט,PL,דאודורנט הידרה ג'ל אלוורה,,0.00,100.00,false,1.00,27.90,0.00,true,0,
8001841587738,false,גילט דאודורנט הידרה גל אקליפטוס 70 מל,דיפלומט,PL,דאודורנט הידרה ג'ל אקליפטוס,,0.00,100.00,false,1.00,27.90,0.00,true,0,
8001841604510,false,אורל בי משחה לחניכיים ורגישות-אורגינל,דיפלומט,DE,SENSITIVITY & GUM משחת שיניים - אורגינל,,0.00,100.00,false,1.00,24.90,0.00,true,0,
8001841604558,false,אורל בי משחה לחניכיים ורגישות-רעננות מוג,דיפלומט,DE,SENSITIVITY & GUM משחת שיניים - רעננות מוגברת,,0.00,100.00,false,1.00,24.90,0.00,true,0,
8001841604596,false,אורל בי משחה לחניכיים ורגישות-הסרת כתמים,דיפלומט,DE,SENSITIVITY & GUM משחת שיניים - מסייעת בהסרת כתמים,,0.00,100.00,false,1.00,24.90,0.00,true,0,
8001841618272,false,קינג סי גילט שמפו לזקן וסבון פנים 350 מל,דיפלומט,FR,שמפו לזקן וסבון פנים,,0.00,100.00,false,1.00,39.90,0.00,true,0,
8001841618326,false,קינג סי גילט גל גילוח שקוף 150 מל,דיפלומט,CA,ג'ל גילוח שקוף,,0.00,100.00,false,1.00,39.90,0.00,true,0,
8001841618371,false,קינג סי גילט באלם לזקן 100 מל,דיפלומט,FR,באלם לזקן,,0.00,0.00,false,1.00,39.90,0.39,true,0,
8001841618425,false,קינג סי גילט שמן לזקן 30 מל,דיפלומט,FR,שמן לזקן,,0.00,100.00,false,1.00,39.90,0.01,true,0,
8001841625188,false,סבון כלים פלטינום לימון X3 פעולות להסרת שומנים,דיפלומט מפיצים (1986) בע`מ,GB,נוזל לניקוי כלים פלטינום בניחוח לימון,,0.00,100.00,false,1.00,13.90,0.00,true,0,
8001841625287,false,סבון כלים פלטינום לימון X3 פעולות להסרת שומנים,דיפלומט מפיצים (1968) בעמ,GB,נוזל לניקוי כלים פלטינום בניחוח לימון,,0.00,1.00,false,1.00,20.90,20.49,true,0,
8001841625461,false,סבון כלים פלטינום X3 פעולות להסרת שומנים,דיפלומט מפיצים (1986) בע`מ,GB,נוזל לניקוי כלים פלטינום בניחוח מרענן,,0.00,100.00,false,1.00,13.90,0.00,true,0,
8001841625508,false,"נוזל כלים פיירי פלטינום אורגינל 1.015 ליטר בד""צ",דיפלומט מפיצים (1968) בעמ,GB,נוזל לניקוי כלים פלטינום אורגינל,,0.00,1.00,false,1.00,20.90,20.49,true,0,
8001841660257,false,מסכה לשיער פנטן מיראקלס במבוק 160 מל,דיפלומט מפיצים (1968) בעמ,FR,מיראקלס לשיער חזק וארוך מסכת שיקום קרטין,,0.00,100.00,false,1.00,21.90,0.00,true,0,
8001841660530,false,קרם לחות מינרלס במבוק + חלבון משקם לשיער ארוך,דיפלומט מפיצים (1968) בעמ,FR,מיראקלס קרם לחות לשיער ארוך יותר,,0.00,100.00,false,1.00,23.90,0.00,true,0,
8001841669465,false,קפסולות לכביסה אריאל בניחוח לנור 24 יחידות,דיפלומט מפיצים (1986) בע`מ,FR,קפסולות ג'ל כביסה בניחוח לנור,,0.00,0.00,false,1.00,39.90,1.66,true,0,
8001841669519,false,קפסולות לכביסה ALL IN ONE אריאל 55 יחידות,דיפלומט מפיצים (1986) בע`מ,FR,קפסולות ג'ל כביסה,,0.00,0.00,false,1.00,76.90,1.39,true,0,
8001841716312,false,"ג'ל רחצה ושמפו ספורט האד אנד שולדרס 360 מ""ל",דיפלומט מפיצים (1986) בע`מ,,ג'ל רחצה ושמפו ספורט,,0.00,100.00,false,1.00,21.90,0.00,true,0,
8001841716596,false,"ג'ל רחצה ושמפו מרענן האד אנד שולדרס 360 מ""ל",דיפלומט מפיצים (1968) בעמ,,ג'ל רחצה ושמפו מרענן,,0.00,100.00,false,1.00,21.90,0.00,true,0,
8001841718422,false,אוליי קרם עיניים מבהיר,דיפלומט,PL,קרם עיניים מבהיר,,0.00,100.00,false,1.00,139.90,0.09,true,0,
8001841762869,false,אוליי סבון גרגירים להפחתת מראה נקבוביות,דיפלומט,PL,סבון גרגירים להפחתת מראה נקבוביות,,0.00,100.00,false,1.00,34.90,0.00,true,0,
8001841762951,false,אוליי סבון גרגירים לחות 150 מל,דיפלומט,PL,סבון גרגירים לחות,,0.00,100.00,false,1.00,34.90,0.00,true,0,
8001841763040,false,אוליי סבון גרגירים לטיהור מועשר בפחם,דיפלומט,PL,סבון גרגירים לטיהור מועשר בפחם,,0.00,100.00,false,1.00,34.90,0.00,true,0,
8001841834443,false,אולד ספייס דאו ספריי RESTART,דיפלומט,BE,דאודורנט ספריי RESTART,,0.00,100.00,false,1.00,21.90,0.00,true,0,
8001841837239,false,הרבל אסנס מרכך ללא סולפטים שמן אבוקדו,דיפלומט,FR,מרכך שמן אבוקדו - ללא סולפטים,,0.00,100.00,false,1.00,26.90,0.00,true,0,
8001841838014,false,הרבל אסנס מסכה ללא סולפטים שמן אבוקדו,דיפלומט,FR,מסכה שמן אבוקדו - ללא סולפטים,,0.00,100.00,false,1.00,26.90,0.00,true,0,
8001841838052,false,הרבל אסנס שמן ללא סולפטים שמן אבוקדו,דיפלומט,FR,שמן לשיער שמן אבוקדו - ללא סולפטים,,0.00,0.00,false,1.00,26.90,0.26,true,0,
8001841841373,false,הרבל אסנס שמפו ללא סולפטים שמן אבוקדו,דיפלומט,FR,שמפו שמן אבוקדו - ללא סולפטים,,0.00,100.00,false,1.00,26.90,0.00,true,0,
8001841858395,false,אולד ספייס דאו סטיק  RESTART,דיפלומט,GB,דאודורנט סטיק  RESTART,,0.00,100.00,false,1.00,21.90,0.00,true,0,
8001841858715,false,אולד ספייס דאו סטיק ULTRA,דיפלומט,GB,דאודורנט סטיק ULTRA,,0.00,100.00,false,1.00,21.90,0.00,true,0,
8001841861562,false,אולד ספייס גל רחצה ULTRA,דיפלומט,BE,ג'ל רחצה ULTRA,,0.00,100.00,false,1.00,21.90,0.00,true,0,
8001841910079,false,הד&שולדרס סופרים מרכך לחיזוק השיער275 מל,דיפלומט,FR,סופרים מרכך לחיזוק השיער,,0.00,100.00,false,1.00,18.90,0.00,true,0,
8001841916361,false,הד&שולדרס סופרים שמפו לחיזוק השיער400 מל,דיפלומט,FR,סופרים שמפו לחיזוק השיער,,0.00,100.00,false,1.00,26.90,0.00,true,0,
8001841940281,false,אוליי אולטרה ריץ קרם יום ללא בישום 50 מל,דיפלומט,US,ULTRA RICH קרם יום ללא בישום,,0.00,100.00,false,1.00,139.90,0.02,true,0,
8001841941929,false,אולוויז וליו פק לילה בטוח אקסטרא 16 יחידות,דיפלומט מפיצים (1986) בע`מ,DE,תחבושות אולטרה עם כנפיים לילה בטוח אקסטרה אריזת דואו,,0.00,0.00,false,1.00,19.90,1.24,true,0,
8001841943961,false,לנור כדוריות בושם בניחוח אוקיינוס 210 גר,דיפלומט מפיצים (1968) בעמ,US,כדוריות בושם בניחוח אוקיינוס,,0.00,100.00,false,1.00,39.90,0.00,true,0,
8001841990149,false,הד&שולדרס שמפו קלאסי שקית מילוי 480 מל,General,FR,שמפו נוסחה קלאסית - שקית מילוי,,0.00,100.00,false,1.00,21.90,0.00,true,0,
8001841990293,false,הד&שולדרס שמפו קלאסי בקבוק אלומיניום 430,דיפלומט,FR,שמפו נוסחה קלאסית - בקבוק אלומיניום,,0.00,100.00,false,1.00,42.90,0.00,true,0,
8001841990354,false,הרבל אסנס שמפו ארגן בקבוק אלומיניום 430,General,FR,שמפו ארגן - בקבוק אלומיניום,,0.00,100.00,false,1.00,42.90,0.00,true,0,
8001841990507,false,הרבל אסנס שמפו ארגן שקית מילוי 480 מל,General,FR,שמפו ארגן - שקית מילוי,,0.00,100.00,false,1.00,28.90,0.00,true,0,
8001841990620,false,פנטן שמפו לחות מוגברת בקבוק אלומיניום,דיפלומט,RO,שמפו לחות מוגברת - בקבוק אלומיניום,,0.00,100.00,false,1.00,42.90,0.00,true,0,
8001841990743,false,פנטן שמפו לחות מוגברת שקית מילוי,General,RO,שמפו לחות מוגברת - שקית מילוי,,0.00,100.00,false,1.00,17.90,0.00,true,0,
8001841997537,false,הד&שולדרס שמפו טיהור הקרקפת 400 מל,דיפלומט,FR,ניקוי אינטנסיבי שמפו טיהור הקרקפת,,0.00,100.00,false,1.00,26.90,0.00,true,0,
8001841997582,false,הד&שולדרס שמפו הפחתת שמנוניות 400 מל,דיפלומט,FR,ניקוי אינטנסיבי שמפו הפחתת שמנוניות,,0.00,100.00,false,1.00,26.90,0.00,true,0,
8001841997643,false,הד&שולדרס שמפו הקלה של הקרקפת 400 מל,דיפלומט,FR,ניקוי אינטנסיבי שמפו הקלה של הקרקרפת,,0.00,100.00,false,1.00,26.90,0.00,true,0,
8002110383709,false,נוטרוגינה ס.נורבגית ק.ידיים לא מבושם 50מל,ניוטרוג'ינה Neutrogena,,קרם ידיים לא מבושם,,0.00,100.00,false,1.00,29.90,0.00,true,0,
<<<<<<< HEAD
8002910043476,false,ויט רצועות שעווה מוכנות לקו הביקיני 12 יחידות,רקיט בנקיזר צרפת,,רצועות שעווה מוכנות לשימוש לקו ביקיני ולבית שחי,,0.00,0.00,false,1.00,39.90,2.49,true,0,
=======
8002910043476,false,ויט רצועות שעווה מוכנות לקו הביקיני 12 יחידות,רקיט בנקיזר (ניר איסט) בעמ,,רצועות שעווה מוכנות לשימוש לקו ביקיני ולבית שחי,,0.00,0.00,false,1.00,39.90,2.49,true,0,
>>>>>>> d048ac2f4f281c9d788043ab4e81b61b0dbe3743
8003130129506,false,סאן קרלו חטיפי תפוחי אדמה פריכים CLASSIC,קנדי חשמל ונכסים,IT,חטיפי תפוחי אדמה פריכים CLASSIC,,0.00,100.00,false,1.00,8.90,0.00,true,0,
8003130129544,false,סאן קרלו חטיפי תפוחי אדמה פריכ.CROCCANTE,קנדי חשמל ונכסים,IT,חטיפי תפוחי אדמה פריכים CROCCANTE,,0.00,100.00,false,1.00,8.90,0.00,true,0,
8003190127016,false,מרביס משחת שיניים מנטה קלאסית 75 מל,General,IT,משחת שיניים מנטה קלאסית,,0.00,100.00,false,1.00,29.90,0.00,true,0,
8004395110063,false,מרביס משחת שיניים מנטה קלאסית 25 מל,General,IT,משחת שיניים מנטה קלאסית- אריזת נסיעות,,0.00,100.00,false,1.00,14.90,0.00,true,0,
8004395110117,false,מרביס משחת שיניים אקוואטיק 75 מל,General,IT,משחת שיניים אקוואטיק,,0.00,100.00,false,1.00,29.90,0.00,true,0,
8004395110148,false,מרביס משחת שיניים יסמין מנטה 75 מל,General,IT,משחת שיניים יסמין מנטה,,0.00,100.00,false,1.00,29.90,0.00,true,0,
8004395110155,false,מרביס משחת שיניים מנטה מלבינה 75 מל,General,IT,משחת שיניים מנטה מלבינה,,0.00,100.00,false,1.00,29.90,0.00,true,0,
8004395110292,false,מרביס משחת שיניים יסמין מנטה 25 מל,General,IT,משחת שיניים יסמין מנטה- אריזת נסיעות,,0.00,100.00,false,1.00,14.90,0.00,true,0,
8004395110315,false,מרביס משחת שיניים אקוואטיק 25 מל,General,IT,משחת שיניים אקוואטיק- אריזת נסיעות,,0.00,100.00,false,1.00,14.90,0.00,true,0,
8004395110322,false,מרביס משחת שיניים מנטה מלבינה 25 מל,General,IT,משחת שיניים מנטה מלבינה- אריזת נסיעות,,0.00,100.00,false,1.00,14.90,0.00,true,0,
8006540009512,false,לנור מרכך כביסה מרוכז בייבי 897 מל,דיפלומט מפיצים (1968) בעמ,FR,מרכך כביסה מרוכז בייבי למגע עדין,,0.00,100.00,false,1.00,21.90,0.00,true,0,
8006540027011,false,לנור מרכך מרוכז בניחוח אמאטיסט 897 מל,דיפלומט מפיצים (1986) בע`מ,FR,מרכך כביסה מרוכז ומבושם בניחוח אמטיסט,,0.00,100.00,false,1.00,21.90,0.00,true,0,
8006540027042,false,"לנור מרכך כביסה בניחוח פרחי בר 897 מ""ל",דיפלומט מפיצים (1968) בעמ,FR,מרכך כביסה מרוכך ומבושם בניחוח פרחי בר,,0.00,100.00,false,1.00,21.90,0.00,true,0,
8006540050392,false,פנטן מיראקלס משי&זוהר שמפו 400 מל,דיפלומט,RO,מיראקלס שמפו לשיער משי&זוהר,,0.00,100.00,false,1.00,21.90,0.00,true,0,
8006540050552,false,פנטן מיראקלס שמפו לשליטה בקירזול 400 מל,דיפלומט,RO,מיראקלס שמפו לשליטה בקרזול,,0.00,100.00,false,1.00,21.90,0.00,true,0,
8006540050996,false,פנטן מיראקלס שמפו סגול חזק 225 מל,דיפלומט,BE,מיראקלס שמפו סגול חזק,,0.00,100.00,false,1.00,21.90,0.00,true,0,
8006540051054,false,פנטן מיראקלס שמפו ללא סולפטים 225 מל,דיפלומט,BE,מיראקלס שמפו ללא סולפטים,,0.00,100.00,false,1.00,21.90,0.00,true,0,
8006540052310,false,פנטן מיראקלס מסכה לשליטה בקרזול,דיפלומט,FR,מיראקלס מסכה לשליטה בקרזול,,0.00,100.00,false,1.00,21.90,0.00,true,0,
8006540052402,false,פנטן מיראקלס מסכה לשיקום השיער 160 מל,דיפלומט,BE,מיראקלס מסכה אינטנסיבית לשיקום השיער,,0.00,100.00,false,1.00,21.90,0.00,true,0,
8006540052860,false,פנטן מיראקלס משי&זוהר מרכך 275 מל,דיפלומט,BE,מיראקלס מרכך לשיער משי&זוהר,,0.00,100.00,false,1.00,21.90,0.00,true,0,
8006540053010,false,פנטן מיראקלס מרכך לשליטה בקרזול 275 מל,דיפלומט,FR,מיראקלס מרכך לשליטה בקרזול,,0.00,100.00,false,1.00,21.90,0.00,true,0,
8006540054017,false,פנטן מיראקלס קרם לחות לשליטה בקרזול,דיפלומט,FR,מיראקלס קרם לחות לשליטה בקרזול,,0.00,100.00,false,1.00,21.90,0.00,true,0,
8006540060148,false,אוליי קרם יום קולגן 50 מל,דיפלומט,PL,REGENERIST COLLAGEN PEPTIDE 24 קרם יום,,0.00,100.00,false,1.00,149.90,0.02,true,0,
8006540060261,false,אוליי סרום לשיקום אינטנסיבי קולגן 40 מל,דיפלומט,PL,REGENERIST COLLAGEN PEPTIDE 24 סרום לשיקום אינטנסיבי קולגן,,0.00,100.00,false,1.00,149.90,0.03,true,0,
8006540060353,false,אוליי קרם עיניים קולגן 15 מל,דיפלומט,PL,REGENERIST COLLAGEN PEPTIDE 24 קרם עיניים,,0.00,100.00,false,1.00,149.90,0.09,true,0,
8006540075159,false,פמפרס הרמוני חיתולים שלב 6 22 יח,General,DE,"חיתולים שלב 6 +13 ק""ג",,0.00,0.00,false,1.00,56.90,2.58,true,0,
8006540084403,false,הרבל אסנס מסכה להזנה שמן אבוקדו 450 מל,דיפלומט,FR,מסכה להזנה שמן אבוקדו,,0.00,100.00,false,1.00,49.90,0.00,true,0,
8006540088692,false,הרבל אסנס מסכה אינטנסיבית ארגן 450 מל,דיפלומט מפיצים 1968 בעמ,FR,מסכה אינטנסיבית ארגן,,0.00,100.00,false,1.00,20.00,0.00,true,0,
8006540088906,false,הרבל אסנס מסכה מרוכזת קוקוס 450 מל,דיפלומט,FR,מסכה מרוכזת קוקוס,,0.00,100.00,false,1.00,49.90,0.00,true,0,
8006540091906,false,לנור כדוריות הבושם בניחוח אריאל 140 גרם,פטר קרמר עבור פרוקטור אנ,US,כדוריות בישום בניחוח אריאל,,0.00,100.00,false,1.00,29.90,0.00,true,0,
8006540091937,false,לנור כדוריות הבושם בניחוח אריאל 210 גרם,פטר קרמר עבור פרוקטור אנ,US,כדוריות בישום בניחוח אריאל,,0.00,100.00,false,1.00,39.90,0.00,true,0,
<<<<<<< HEAD
8006540110317,false,שמפו מינרלס ביוטין + במבוק לשיער חזק וארוך,פרוקטר אנד גמבל,RO,מיראקלס שמפו לשיער חזק וארוך,,0.00,100.00,false,1.00,21.90,0.00,true,0,
8006540112823,false,"לנור מרכך כביסה מרוכז בניחוח האוקיינוס 900 מ""ל",פרוקטר אנד גמבל,FR,מרכך כביסה מרוכז ומבושם רעננות האוקיינוס,,0.00,100.00,false,1.00,21.90,0.00,true,0,
8006540112854,false,"מרכך כביסה מרוכז בניחוח סחלב לנור 900 מ""ל",פרוקטר אנד גמבל,FR,מרכך כביסה מרוכך ומבושם סחלב,,0.00,100.00,false,1.00,21.90,0.00,true,0,
=======
8006540110317,false,שמפו מינרלס ביוטין + במבוק לשיער חזק וארוך,דיפלומט מפיצים (1968) בעמ,RO,מיראקלס שמפו לשיער חזק וארוך,,0.00,100.00,false,1.00,21.90,0.00,true,0,
8006540112823,false,"לנור מרכך כביסה מרוכז בניחוח האוקיינוס 900 מ""ל",דיפלומט מפיצים (1968) בעמ,FR,מרכך כביסה מרוכז ומבושם רעננות האוקיינוס,,0.00,100.00,false,1.00,21.90,0.00,true,0,
8006540112854,false,"מרכך כביסה מרוכז בניחוח סחלב לנור 900 מ""ל",דיפלומט מפיצים (1986) בע`מ,FR,מרכך כביסה מרוכך ומבושם סחלב,,0.00,100.00,false,1.00,21.90,0.00,true,0,
>>>>>>> d048ac2f4f281c9d788043ab4e81b61b0dbe3743
8006540113462,false,אורל בי פיור אקטיב משחה 99% טיפול מרענן,דיפלומט,DE,Pure Activ משחת שיניים 99% רכיבים טבעיים - טיפול מרענן,,0.00,100.00,false,1.00,19.90,0.00,true,0,
8006540113509,false,אורל בי פיור אקטיב משחה 99% טיפול חיוני,דיפלומט,DE,Pure Activ משחת שיניים 99% רכיבים טבעיים - טיפול חיוני,,0.00,100.00,false,1.00,19.90,0.00,true,0,
8006540124710,false,פנטן שמן מועשר בקוקוס להזנה וריכוך 100מל,דיפלומט,FR,פנטן שמן מועשר בקוקוס להזנה וריכוך,,0.00,0.00,false,1.00,32.90,0.32,true,0,
8006540124758,false,פנטן שמן הגנת קרטין לשיקום וברק 100 מל,דיפלומט,FR,פנטן שמן הגנת קרטין לשיקום וברק,,0.00,0.00,false,1.00,32.90,0.32,true,0,
8006540124833,false,פנטן שמן מועשר בארגן 100 מל,General,FR,שמן לשיער מועשר בארגן,,0.00,0.00,false,1.00,32.90,0.32,true,0,
8006540153895,false,פנטן Hair Biology שמפו לגיל המעבר 250 מל,דיפלומט,FR,שמפו לגיל המעבר,,0.00,100.00,false,1.00,27.90,0.00,true,0,
8006540154083,false,פנטן Hair Biology מרכך לגיל המעבר 160 מל,דיפלומט,FR,מרכך לגיל המעבר,,0.00,100.00,false,1.00,27.90,0.00,true,0,
8006540154274,false,פנטן Hair Biology מסכה לגיל המעבר 160 מל,דיפלומט,FR,מסכה לגיל המעבר,,0.00,100.00,false,1.00,20.00,0.00,true,0,
8006540154465,false,פנטן Hair Biology סרום לגיל המעבר 100 מל,דיפלומט,FR,סרום לגיל המעבר,,0.00,0.00,false,1.00,20.00,0.20,true,0,
8006540156155,false,פמפרס הרמוני חיתולים שלב 1 26 יח א.התנסו,דיפלומט,DE,"חיתולים שלב 1 2-5 ק""ג אריזת התנסות",,0.00,0.00,false,1.00,27.90,1.07,true,0,
8006540156513,false,פמפרס הרמוני חיתולים שלב 1 50 יח,דיפלומט,DE,"חיתולים שלב 1 2-5 ק""ג",,0.00,0.00,false,1.00,56.90,1.13,true,0,
8006540156551,false,פמפרס הרמוני חיתולים שלב 2 39 יח,דיפלומט,DE,"חיתולים שלב 2 4-8 ק""ג",,0.00,0.00,false,1.00,56.90,1.45,true,0,
8006540156599,false,פמפרס הרמוני חיתולים שלב 3 31 יח,דיפלומט,DE,"חיתולים שלב 3 6-10 ק""ג",,0.00,0.00,false,1.00,56.90,1.83,true,0,
8006540156636,false,פמפרס הרמוני חיתולים שלב 4 28 יח,דיפלומט,DE,"חיתולים שלב 4 9-14 ק""ג",,0.00,0.00,false,1.00,56.90,2.03,true,0,
8006540156674,false,פמפרס הרמוני חיתולים שלב 5 24 יח,General,DE,"חיתולים שלב 5 11-16 ק""ג",,0.00,0.00,false,1.00,56.90,2.37,true,0,
8006540157374,false,מרכך מינרלס ביוטין + במבוק לשיער חזק וארוך,דיפלומט מפיצים (1968) בעמ,FR,מיראקלס מרכך לשיער חזק וארוך,,0.00,100.00,false,1.00,21.90,0.00,true,0,
8006540199503,false,אולוויז מגן תחתון וליו פק פרש לארג 48 יח,דיפלומט,,מגן תחתון פרש לארג',,0.00,0.00,false,1.00,19.90,0.41,true,0,
8006540221389,false,אולוויז פרו פרש מגן תחתון 4ב-1 נורמל 48,דיפלומט,DE,פרו פרש מגן תחתון 4ב-1 נורמל,,0.00,0.00,false,1.00,19.90,0.41,true,0,
8006540222089,false,פמפרס מגבונים היגיינים לתינוקות וילדים TO GO 40 יח',דיפלומט מפיצים (1986) בע`מ,DE,מגבונים היגייניים לילדים ותינוקות TO GO,,0.00,0.00,false,1.00,7.90,0.00,true,0,
8006540280140,false,אולד ספייס CAPTAIN גל רחצה+שמפו 675 מל,דיפלומט,FR,CAPTAIN ג'ל רחצה+שמפו,,0.00,100.00,false,1.00,34.90,0.00,true,0,
8006540280195,false,אולד ספייס WHITEWATER גל רחצה 675 מל,דיפלומט,FR,WHITEWATER ג'ל רחצה,,0.00,100.00,false,1.00,34.90,0.00,true,0,
8006540289846,false,אולד ספייס דאו ספריי WHITEWATER 250 מל,דיפלומט,BE,XXL דאודורנט ספריי לגוף WHITEWATER,,0.00,100.00,false,1.00,34.90,0.00,true,0,
8006540289945,false,אולד ספייס דאו ספריי CAPTAIN 250 מל,דיפלומט,BE,XLL דאודורנט ספריי לגוף CAPTAIN,,0.00,100.00,false,1.00,34.90,0.00,true,0,
8006540303481,false,קוקידנט משחת הצמדה 47 גרם,General,,משחת הצמדה טבעית לתותבות,,0.00,100.00,false,1.00,32.90,0.00,true,0,
8006540315156,false,אולד ספייס דאו סטיק WHITEWATER 85 גרם,דיפלומט,BE,XXL דאודורנט סטיק WHITEWATER,,0.00,100.00,false,1.00,34.90,0.00,true,0,
8006540319611,false,אולד ספייס דאו סטיק CAPTAIN 85 גרם,דיפלומט,BE,XXL דאודורנט סטיק CAPTAIN,,0.00,100.00,false,1.00,34.90,0.00,true,0,
8006540352960,false,טמפונים טמפקס פרל רגולר 20 יחידות,דיפלומט מפיצים (1986) בע`מ,HU,פרל עם מוליך רגולר,,0.00,0.00,false,1.00,24.90,1.24,true,0,
8006540353004,false,טמפקס פרל סופר 18 יחידות חדש,דיפלומט מפיצים (1986) בע`מ,HU,פרל עם מוליך סופר,,0.00,0.00,false,1.00,24.90,1.38,true,0,
8006540358498,false,טמפקס פרל סופר-פלוס 18 יחידות חדש,דיפלומט מפיצים (1968) בעמ,HU,פרל עם מוליך סופר פלוס,,0.00,0.00,false,1.00,24.90,1.38,true,0,
8006540377116,false,אולד ספייס דאו ספריי NIGHTPANTHER,דיפלומט,GB,דאודורנט ספריי NIGHTPANTHER,,0.00,100.00,false,1.00,21.90,0.00,true,0,
8006540385029,false,הד&שולדרס MEN שמפו ומרכך 2ב-1 אולטרא 540,URLATI GAMBLE & PROCTER,RO,MEN ULTRA שמפו ומרכך 2ב-1,,0.00,100.00,false,1.00,26.90,0.00,true,0,
8006540385067,false,הד&שולדרס MEN שמפו אולטרא ספורט מרענן540,URLATI GAMBLE & PROCTER,RO,MEN ULTRA שמפו ספורט מרענן,,0.00,100.00,false,1.00,26.90,0.00,true,0,
8006540396124,false,פנטן מירקלס מסכה לשיער סורבה 160 מל,דיפלומט,FR,מיראקלס מסכה לשיער סורבה,,0.00,100.00,false,1.00,21.90,0.00,true,0,
8006540401347,false,פנטן מיראקלס לחות&זוהר סרום 70 מל,דיפלומט,BE,מיראקלס סרום חלב למים מרווה קצוות צמאים,,0.00,100.00,false,1.00,39.90,0.00,true,0,
<<<<<<< HEAD
8006540404850,false,דיסקריט תחבושות לבריחת שתן לונג 10 יח,פרוקטר & גמבל,DE,דיסקריט תחבושות לבריחת שתן לונג,,0.00,0.00,false,1.00,24.90,2.49,true,0,
8006540404898,false,אולוויז דיסקריט לבריחת שתן לונג פלוס 8יח,פרוקטר & גמבל,DE,דיסקריט תחבושות לבריחת שתן לונג פלוס,,0.00,0.00,false,1.00,24.90,3.11,true,0,
8006540404935,false,דיסקריט תחבושות לבריחת שתן נורמל 12 יח,פרוקטר & גמבל,DE,דיסקריט תחבושות לבריחת שתן נורמל,,0.00,0.00,false,1.00,24.90,2.07,true,0,
=======
8006540404850,false,דיסקריט תחבושות לבריחת שתן לונג 10 יח,דיפלומט מפיצים (1968) בעמ,DE,דיסקריט תחבושות לבריחת שתן לונג,,0.00,0.00,false,1.00,24.90,2.49,true,0,
8006540404898,false,אולוויז דיסקריט לבריחת שתן לונג פלוס 8יח,דיפלומט מפיצים (1968) בעמ,DE,דיסקריט תחבושות לבריחת שתן לונג פלוס,,0.00,0.00,false,1.00,24.90,3.11,true,0,
8006540404935,false,דיסקריט תחבושות לבריחת שתן נורמל 12 יח,דיפלומט מפיצים (1968) בעמ,DE,דיסקריט תחבושות לבריחת שתן נורמל,,0.00,0.00,false,1.00,24.90,2.07,true,0,
>>>>>>> d048ac2f4f281c9d788043ab4e81b61b0dbe3743
8006540404973,false,דיסקריט מגן תחתון פלוס לבריחת שתן 24 יח,דיפלומט,DE,דיסקריט מגן תחתון פלוס לבריחת שתן,,0.00,0.00,false,1.00,24.90,1.03,true,0,
8006540405031,false,דיסקריט תחבושות לבריחת שתן סמול פלוס 16,דיפלומט מפיצים (1968) בעמ,DE,דיסקריט תחבושות לבריחת שתן סמול פלוס,,0.00,0.00,false,1.00,24.90,1.55,true,0,
8006540406694,false,פמפרס בייבי דריי פנטס מידה 4 42 יח,דיפלומט,PL,"מכנסונים מידה 4 9-15 ק""ג",,0.00,0.00,false,1.00,61.90,1.47,true,0,
8006540406724,false,פמפרס בייבי דריי פנטס מידה 5 38 יח,דיפלומט,PL,"מכנסונים מידה 5 12-17 ק""ג",,0.00,0.00,false,1.00,61.90,1.62,true,0,
8006540406793,false,פמפרס בייבי דריי פנטס מידה 6 34 יח,דיפלומט,PL,"מכנסונים מידה 6 14-19 ק""ג",,0.00,0.00,false,1.00,61.90,1.82,true,0,
8006540406823,false,פמפרס בייבי דריי פנטס מידה 7 31 יח,דיפלומט,PL,"מכנסונים מידה 7 +17 ק""ג",,0.00,0.00,false,1.00,61.90,1.99,true,0,
8006540407684,false,דיסקריט תחבושות לבריחת שתן לילה 8 יח,דיפלומט,DE,דיסקריט תחבושות לבריחת שתן לילה,,0.00,0.00,false,1.00,24.90,3.11,true,0,
8006540410905,false,הד&שולדרס 7 יתרונות ב-1 עמידות השיער 450,S BLOIS GAMBLE & PROCTER,FR,7 יתרונות ב-1 עמידות השיער,,0.00,100.00,false,1.00,26.90,0.00,true,0,
8006540410967,false,הד&שולדרס 7 יתרונות ב-1 רב פעולות 450,S BLOIS GAMBLE & PROCTER,FR,7 יתרונות ב-1 רב פעולות,,0.00,100.00,false,1.00,26.90,0.00,true,0,
8006540428368,false,חיתולי פמפרס בייבי דרי מידה 1 40 יחדות,דיפלומט מפיצים (1968) בעמ,TR,"חיתולים בייבי דריי מידה 1 2-5 ק""ג",,0.00,0.00,false,1.00,41.90,1.04,true,0,
8006540429327,false,פיירי מקס פאוור לימון עם מנגנון למניעת נזילות,דיפלומט מפיצים (1968) בעמ,CZ,מקס פאוור לימון,,0.00,100.00,false,1.00,14.90,0.00,true,0,
8006540431436,false,פנטן מיראקלס לחות&זוהר שמפו 400 מל,דיפלומט,RO,מיראקלס שמפו לשיער משי&זוהר,,0.00,100.00,false,1.00,21.90,0.00,true,0,
8006540431498,false,פנטן מיראקלס לחות&זוהר מרכך 275 מל,דיפלומט,BE,מיראקלס מרכך לשיער לחות&זוהר,,0.00,100.00,false,1.00,21.90,0.00,true,0,
8006540456439,false,אולד ספייס גל רחצה+שמפו NIGHTPANTHER,דיפלומט,GB,ג'ל רחצה+שמפו NIGHTPANTHER,,0.00,100.00,false,1.00,21.90,0.00,true,0,
8006540458525,false,פמפרס הרמוני 0% פלסטיק מגבונים שלישייה48,דיפלומט,PL,הרמוני 0% פלסטיק - מגבונים לחים 99% מים טהורים וכותנה פרימיום,,0.00,0.00,false,1.00,29.90,9.96,true,0,
8006540463550,false,פיירי טבליות למדיח פלטינום 63 יחידות,דיפלומט מפיצים (1968) בעמ,BE,טבליות למדיח פלטינום,,0.00,0.00,false,1.00,69.90,1.10,true,0,
8006540495186,false,לנור מרכך כביסה מרוכז רגיש בייבי 900 מל,דיפלומט מפיצים (1986) בע`מ,FR,מרכך כביסה מרוכז רגיש,,0.00,100.00,false,1.00,21.90,0.00,true,0,
8006540495216,false,"לנור מרכך כביסה מרוכז בניחוח אמאטיסט 900 מ""ל",דיפלומט מפיצים (1986) בע`מ,FR,מרכך כביסה מרוכז זר פרחוני,,0.00,100.00,false,1.00,21.90,0.00,true,0,
8006540495247,false,"לנור מרכך כביסה מרוכז בניחוח פרחי בר 900 מ""ל",דיפלומט מפיצים (1968) בעמ,FR,מרכך כביסה מרוכז פרחי בר,,0.00,100.00,false,1.00,21.90,0.00,true,0,
8006540519714,false,אולוויז תחתוני מחזור חד פעמיים,דיפלומט,HU,תחתוני מחזור חד פעמיים,,0.00,0.00,false,1.00,21.90,7.30,true,0,
8008090604223,false,"אידוי ע""ב ציטרונלה ושמנים טבעיים ספירה גרין מ30 טבליות",זובלה גרופ,IT,גרין רפיל טבליות 30 לילות טבעי,,0.00,0.00,false,1.00,14.90,0.00,true,0,
8008090606913,false,מכשיר חשמלי ו 10 טבליות ספירה גרין,זובלה ויה פרסינה 4,IT,גרין מכשיר+10 טבליות טבעי,,0.00,0.00,false,1.00,24.90,0.00,true,0,
<<<<<<< HEAD
8008090606975,false,ספירה גרין - צמיד אישי דוחה יתושים 2 יח',זובלה,IT,Green band - צמיד נגד יתושים,,0.00,100.00,false,1.00,29.90,0.01,true,0,
=======
8008090606975,false,ספירה גרין - צמיד אישי דוחה יתושים 2 יח',גורי ע.ע.ע. בעמ,IT,Green band - צמיד נגד יתושים,,0.00,100.00,false,1.00,29.90,0.01,true,0,
>>>>>>> d048ac2f4f281c9d788043ab4e81b61b0dbe3743
8008843003945,false,NO DOL קרם,נוה פארמה,,NO DOL קרם,,0.00,0.00,false,1.00,90.00,0.90,true,0,
8008843004294,false,אלו-פרש גל אלוורה 97% 200 מל,זר הייטק,,,,0.00,100.00,false,1.00,49.90,0.00,true,0,
8017331020258,false,בלנקס משחת שיניים מלבינה משאבה 75 מל,זר הייטק,,משחת שיניים מלבינה משאבה,,0.00,100.00,false,1.00,34.90,0.00,true,0,
8017331031421,false,ביוריפייר משחה לשיניים רגישות,זר טכנולוגיות,IT,משחה לשיניים רגישות פלוס לתיקון אמייל השן,,0.00,100.00,false,1.00,15.90,0.00,true,0,
8017331039731,false,בלנקס אינסטנט וויט שוק משחת שיניים להלבנ,זר הייטק,IT,WHITE SHOCK משחת שיניים להלבנה באמצעות אור לד,,0.00,100.00,false,1.00,39.90,0.00,true,0,
8017331040584,false,בלנקס משחת שיניים מלבינה שפופרת 75 מל,זר הייטק,,משחת שיניים מלבינה לשימוש יומיומי,,0.00,100.00,false,1.00,29.90,0.00,true,0,
8017331045213,false,בלנקס משחת שיניים להסרת כתמים שפופרת75מל,זר הייטק,,משחת שיניים להסרת כתמים מהשיניים,,0.00,100.00,false,1.00,29.90,0.00,true,0,
8017331050583,false,BLANX משחת שיניים אדומה להלבנה וחיזוק אמייל,זר הייטק,IT,משחת שיניים להלבנה ולחיזוק אמייל השן שפורפרת,,0.00,100.00,false,1.00,29.90,0.00,true,0,
8017331051573,false,בלנקס וויט שוק אינסטנט משחת שיניים,בלנקס Blanx,IT,WHITE SHOCK INSTANT משחת שיניים להלבנה,,0.00,100.00,false,1.00,29.90,0.00,true,0,
8017331053386,false,בלנקס משחת שיניים בלו להלבנה 75 מל,זר הייטק,IT,בלו משחת שיניים להלבנה,,0.00,100.00,false,1.00,29.90,0.00,true,0,
8017331054215,false,ביוריפייר משחת שיניים להלבנה,זר הייטק,IT,PRO WHITE משחת שיניים להלבנה,,0.00,100.00,false,1.00,15.90,0.00,true,0,
8017331054710,false,בלנקס וויט שוק עט להלבנת שיניים,בלנקס Blanx,IT,WHITE SHOCK עט להלבנת שיניים,,0.00,0.00,false,1.00,79.90,0.00,true,0,
8017331055427,false,וויט שוק White Shock ערכת טיפול להלבנת שיניים,בלנקס Blanx,IT,WHITE SHOCK ערכת טיפול להלבנת שיניים,,0.00,0.00,false,1.00,99.90,0.00,true,0,
8017331057643,false,פילה דאודורנט ספריי אקסטרא דליקייט עדין,General,DE,דאודורנט ספריי אקסטרא דליקייט עדין,,0.00,100.00,false,1.00,17.90,0.00,true,0,
8017331058329,false,ביוריפייר קיסם מברשת לרווחים צרים 40 יח,זר הייטק,IT,קיסם מברשת לרווחים צרים,,0.00,0.00,false,1.00,27.90,0.69,true,0,
8017331060070,false,ביוריפייר קיסם מברשת לרווחים רגילים 40יח,זר הייטק,IT,קיסם מברשת לרווחים רגילים,,0.00,0.00,false,1.00,27.90,0.69,true,0,
8017331073490,false,בלנקס מי פה פחם להסרת כתמים 500 מל,זר הייטק,IT,מי פה פחם להסרת כתמים,,0.00,100.00,false,1.00,29.90,0.00,true,0,
8017331074039,false,בלנקס משחת שיניים פחם שחורה להלבנה 75 מל,זר הייטק,IT,משחת שיניים פחם שחורה להלבנה,,0.00,100.00,false,1.00,29.90,0.00,true,0,
8020141247005,false,לייף וולנס מים מינרלים שישייה 250 מל,לייף,IT,מים מינרלים דיסני,,0.00,1.00,false,1.00,12.90,8.60,true,0,
8058776640939,false,מערכת התראה למניעת שכחת ילדים ברכב,Unknown,CN,מערכת התראה למניעת שכחת ילדים ברכב,,0.00,0.00,false,1.00,179.00,0.00,true,0,
8076800195057,false,ברילה - צ.א ספגטי מס5 חדש 500 גרם,ברילה גי.אי.אר פרטלי ס.פ,IT,ספגטי מס' 5,,0.00,100.00,false,1.00,5.00,0.00,true,0,
<<<<<<< HEAD
8121300206946,false,ממתיק סיטיביה טרוביה 80 שקיות אישיות,הרתסייד פוד,US,סטיביה ממתיק אישי,,0.00,100.00,false,1.00,29.90,0.00,true,0,
=======
8121300206946,false,ממתיק סיטיביה טרוביה 80 שקיות אישיות,גורי ע.ע.ע. בע`מ,US,סטיביה ממתיק אישי,,0.00,100.00,false,1.00,29.90,0.00,true,0,
>>>>>>> d048ac2f4f281c9d788043ab4e81b61b0dbe3743
8410076610379,false,"חטיף בוטנים, חלבון סויה ושוקולד מריר עם ציפוי בטעם שוקולד",סריילטו ספיין פודס,ES,חטיף פרוטאין בוטנים ושבבי שוקולד,,0.00,100.00,false,1.00,24.90,0.00,true,0,
8410076610508,false,"חטיף שיבולת שועל מלאה עם בוטנים, שקדים ושוקולד מריר בציפוי בטעם שוקולד",נייצ'ר ואלי Nature Valley,ES,חטיף שיבולת שועל מלאה עם בוטנים שקדים שוקולד מריר בציפוי בטעם שוקולד,,0.00,100.00,false,1.00,19.90,0.00,true,0,
8410076621009,false,עוגות אישיות בטעם קרמל עם חתיכות בטעם קרמל מלוח,ליימן שליסל בע`מ,PT,עוגות אישיות בטעם קרמל עם חתיכות בטעם קרמל מלוח,,0.00,100.00,false,1.00,19.90,0.00,true,0,
8410076621047,false,עוגות אישיות בטעם שוקולד עם חתיכות בטעם שוקולד,ליימן שליסל בע`מ,ES,עוגיות אישיות בטעם שוקולד עם חתיכות בטעם שוקולד,,0.00,100.00,false,1.00,19.90,0.00,true,0,
8410076800633,false,נייטשר וואלי קראנצי שבבי שוקולד בודד,ליימן שליסל,ES,קראנצ'י חטיף שיבולת שועל מלאה עם שבבי שוקולד מריר,,0.00,100.00,false,1.00,4.90,0.00,true,0,
8410104039134,false,"מנקה ומחדש מדיח כלים פיניש 250 מ""ל",רקיט בנקיזר (ניר איסט) בעמ,,מנקה מדיח כלים,"מ""ל",250.00,100.00,false,1.00,20.90,0.00,true,0,
8410104045111,false,"פיניש מלח למדיח כלים 2ק""ג",רקיט בנקיזר (ניר איסט) בעמ,,מלח למדיח להגנה מפני האבנית,"ק""ג",2.00,1.00,false,1.00,20.90,10.45,true,0,
8410104511340,false,ויט רצועות שעווה מוכנות לעור יבש 12 יחידות,רקיט בנקיזר (ניר איסט) בעמ,,רצועות שעווה מוכנות לשימוש לעור יבש,,0.00,0.00,false,1.00,39.90,3.32,true,0,
8410436218054,false,סאיוס אולאו אינטנס 3-82 מהגוני עדין,סאיוס syoss,,אינטנס מהגוני עדין 3-82,,0.00,0.00,false,1.00,44.90,0.00,true,0,
8410436218092,false,צבע שיער סאיוס אולאו אינטנס 4-18,סאיוס syoss,,אינטנס חום מוקה 4-18,,0.00,0.00,false,1.00,44.90,0.00,true,0,
8410436218139,false,צבע שיער סאיוס אולאו אינטנס 2-10,סאיוס syoss,,אינטנס שחור חום 2-10,,0.00,0.00,false,1.00,44.90,0.00,true,0,
8410436218177,false,צבע שיער סאיוס אולאו אינטנס 5-86,סאיוס syoss,,אינטנס 5-86 חום מתוק,,0.00,0.00,false,1.00,44.90,0.00,true,0,
8410436218214,false,סאיוס אולאו אינטנס 7-10 בלונד טבעי,סאיוס syoss,,אינטנס בלונד טבעי 7-10,,0.00,0.00,false,1.00,44.90,0.00,true,0,
8410436218252,false,סאיוס אולאו אינטנס 6-10 בלונד כהה,סאיוס syoss,,אינטנס בלונד כהה 6-10,,0.00,0.00,false,1.00,44.90,0.00,true,0,
8410436218290,false,צבע שיער סאיוס אולאו אינטנס 1-10,סאיוס syoss,,אינטנס 1-10 שחור עז,,0.00,0.00,false,1.00,44.90,0.00,true,0,
8410436218337,false,סאיוס אולאו אינטנס 9-10 בלונד בהיר,סאיוס syoss,,אינטנס בלונד בהיר 9-10,,0.00,0.00,false,1.00,44.90,0.00,true,0,
8410436227698,false,סאיוס אולאו אינטנס 3-10 חום עמוק,סאיוס syoss,,אינטנס חום עמוק 3-10,,0.00,0.00,false,1.00,44.90,0.00,true,0,
8412300801072,false,"קרם רב שימושי ניוואה 400 מ""ל",אלפא- ב.ד.ף בעמ,DE,קרם רב שימושי,,0.00,100.00,false,1.00,44.90,0.00,true,0,
8423207206488,false,סלים דליס חטיף דגנים מצופה שוקולד חלב מרבה 6*20 גרם,אף.סי תבליני בגליל ב,,חטיף דגנים מלאים מצופה שוקולד חלב,,0.00,0.00,false,1.00,15.90,2.65,true,0,
8423207206495,false,סלים דליס חטיף דגנים מצופה שוקולד מריר מרבה 6*20 גרם,אף.סי תבליני בגליל ב,,חטיף דגנים מלאים מצופה שוקולד מריר,,0.00,0.00,false,1.00,15.90,2.65,true,0,
8423207207362,false,חטיפי סלים דליס שוקולד לבן מרבה 6 יחידות,ביסנצ'ורי אס.אל.יו,,סלים דליס חטיף דגנים מלאים מצופה שוקולד לבן,,0.00,100.00,false,1.00,15.90,0.00,true,0,
8423207208680,false,חטיף דגנים שוקולד סלים דליס לילדים מרבה 6 יחידות,ביסנצ'ורי אס.אל.יו,ES,קידס חטיף דגנים מצופה שוקולד חלב,,0.00,100.00,false,1.00,15.90,0.00,true,0,
8423207208697,false,חטיפי סלים דליס לילדים שוקולד לבן מרבה 6 יחידות,ביסנצ'ורי אס.אל.יו,ES,קידס חטיף דגנים מצופה שוקולד לבן,,0.00,100.00,false,1.00,15.90,0.00,true,0,
8423207210928,false,חטיף דגנים מצופה שוקולד חלב ואגוזי לוז - 5 במארז,נוטרישן אנד סנטה קוב,ES,טופינג - חטיף רב דגנים מצופה שוקולד חלב ואגוזי לוז,,0.00,100.00,false,1.00,15.90,0.00,true,0,
8423207210942,false,חטיף דגנים מצופה שוקולד לבן ופירות יער,נוטרישן אנד סנטה קוב,ES,טופינג - חטיף רב דגנים מצופה שוקולד לבן ופירות יער,,0.00,100.00,false,1.00,15.90,0.00,true,0,
8423371000653,false,סאליסול- בוטנים מלוחים בדבש 50 גרם,גלוברנדס,ES,בוטנים מלוחים בדבש,,0.00,100.00,false,1.00,6.50,0.00,true,0,
8423371005078,false,סאליסול- מיקס פיקנטי 50 גרם,גלוברנדס,ES,מיקס פיקנטי,,0.00,100.00,false,1.00,6.50,0.00,true,0,
8423371007089,false,סאליסול- בוטנים מלוחים בדבש 150 גרם,גלוברנדס,ES,בוטנים מלוחים בדבש,,0.00,100.00,false,1.00,13.00,0.00,true,0,
8426420062350,false,בקבוק ZERO ZERO 180 מל,General,ES,בקבוק ZERO ZERO,,0.00,0.00,false,1.00,79.90,0.00,true,0,
8426420071956,false,זוג מוצצים זוהר בחושך 2-4 חודשים ארנב ור,General,ES,מוצצים זוהרים בחושך 2-4 חודשים - ארנב ורוד,,0.00,0.00,false,1.00,39.90,19.95,true,0,
8426420071970,false,זוג מוצצים זוהר בחושך 2-4 חודשים דובי י,General,ES,מוצצים זוהרים בחושך 2-4 חודשים - דובי ירוק,,0.00,0.00,false,1.00,39.90,19.95,true,0,
8426420071987,false,זוג מוצצים זוהר בחושך 4-18 חודשים ארנב ו,General,ES,מוצצים זוהרים בחושך 4-18 חודשים - ארנב ורוד,,0.00,0.00,false,1.00,39.90,19.95,true,0,
8426420072007,false,זוג מוצצים זוהר בחושך 4-18 חודשים דובי י,General,ES,מוצצים זוהרים בחושך 4-18 חודשים - דובי ירוק,,0.00,0.00,false,1.00,39.90,19.95,true,0,
8426420072762,false,בקבוק 360 מל SPREAD JOY - לב זהב,General,ES,בקבוק SPREAD JOY - לב זהב,,0.00,0.00,false,1.00,49.90,0.00,true,0,
8426420072786,false,בקבוק 360 מל SPREAD JOY - כתר כסף,General,ES,בקבוק SPREAD JOY - כתר כסף,,0.00,0.00,false,1.00,49.90,0.00,true,0,
8426420074711,false,זוג מוצצים SPREAD JOY 0-6 -זהב,General,ES,מוצצים SPREAD JOY 0-6 -זהב,,0.00,0.00,false,1.00,39.90,19.95,true,0,
8426420074728,false,זוג מוצצים SPREAD JOY 0-6 -כסף,General,ES,מוצצים SPREAD JOY 0-6 -כסף,,0.00,0.00,false,1.00,39.90,19.95,true,0,
8426420074827,false,זוג מוצצים SPREAD JOY 6-18 -זהב,General,ES,מוצצים SPREAD JOY 6-18 -זהב,,0.00,0.00,false,1.00,39.90,19.95,true,0,
8426420074834,false,זוג מוצצים SPREAD JOY 6-18 -כסף,General,ES,מוצצים SPREAD JOY 6-18 -כסף,,0.00,0.00,false,1.00,39.90,19.95,true,0,
8427030005010,false,תרכובת מזון על בסיס חלב A.R מלידה ואילך,אבוט מעבדות רפואיות,,סימילאק A.R,,0.00,100.00,false,1.00,44.90,0.00,true,0,
8427030007274,false,סימילאק גולד קומפורט 1 תרכובת מזון על בסיס חלב,אבוט לבורטוריס ס.א.,ES,סימילאק גולד קומפורט עם HMO שלב 1,,0.00,100.00,false,1.00,51.90,0.00,true,0,
8427030007281,false,סימילאק גולד קומפורט 1 תרכובת מזון על בסיס חלב,שקד תבל בעמ-סימילק,ES,סימילאק גולד קומפורט עם HMO שלב 1,,0.00,100.00,false,1.00,106.90,0.00,true,0,
8427030007298,false,סימילאק גולד קומפורט 2 תרכובת מזון על בסיס חלב,אבוט לבורטוריס ס.א.,ES,סימילאק גולד קומפורט עם HMO שלב 2,,0.00,100.00,false,1.00,106.90,0.00,true,0,
8427030007861,false,סימילאק גולד נאושור עם HMO,אבוט,ES,גולד נאושור עם HMO,,0.00,100.00,false,1.00,39.90,0.00,true,0,
8435495805168,false,"תינוקלין לכביסה לעור רגיש אולימפיק 1.25ק""ג",מולינו ניקולי s.p.a,PL,אבקת כביסה לבעלי עור רגיש,,0.00,1.00,false,1.00,24.90,19.92,true,0,
8435495807636,false,תינוקלין ג`ל כביסה בייבי סנסטיב היפואל,ליימן שליסל בע`מ,PL,ג'ל כביסה מרוכז היפואלרגני,,0.00,1.00,false,1.00,34.90,17.45,true,0,
8470002573376,false,ג'ינג'י - משחת שיניים להגנת החניכיים,לאסר LACER,,משחת שיניים מקצועית לשימוש יום-יומי להגנה על החניכיים,,0.00,100.00,false,1.00,26.90,0.00,true,0,
8470002636651,false,ג'ינג'י - שטיפת פה להגנת החניכיים (ללא אלכוהול),לאסר LACER,,שטיפת פה מקצועית לשימוש יומיומי להגנה על החניכיים,,0.00,100.00,false,1.00,48.90,0.00,true,0,
8681248449510,false,ארה מסכת פנים היגיינית N95 מארז עשירייה,סופר-פארם,TR,ERA מסכת פנים היגיינית N95,,0.00,0.00,false,1.00,29.90,2.99,true,0,
8683130025574,false,"מרכך כביסה מרוכז אקסטרה לבנדר בדין 960 מ""ל",יוניליוור ישראל שיווק בע`מ,TR,מרכך כביסה מרוכז בדין אקסטרה לבנדר,,0.00,100.00,false,1.00,19.90,0.00,true,0,
8683130025581,false,"מרכך כביסה מרוכז אקסטרה ענבר בדין 960 מ""ל",יוניליוור ישראל שיווק בע`מ,TR,מרכך כביסה מרוכז בדין אקסטרה ענבר,,0.00,100.00,false,1.00,19.90,0.00,true,0,
8690572775288,false,"גליס מרכך סרום שיקום עמוק 400 מ""ל",שוורצקוף Schwarzkopf,TR,מרכך סרום שיקום עמוק,,0.00,100.00,false,1.00,19.90,0.00,true,0,
8690572778326,false,פה ד.ספרי אנטיפרספינט 200 מל 1/12,שוורצקופף והנקל,DE,דאודורנט ספריי כותנה,,0.00,100.00,false,1.00,14.90,0.00,true,0,
8690572783931,false,"פה - דאודורנט ספריי לגבר אינוויזיבל פאוואר 200 מ""ל",שוורצקופף והנקל,DE,דאודורנט ספריי לגבר אינוויזיבל פאוואר,,0.00,100.00,false,1.00,14.90,0.00,true,0,
8690572788912,false,"גליס - ביו טק מרכך 400 מ""ל",שוורצקופף והנקל,TR,ביו-טק מרכך עשיר,,0.00,100.00,false,1.00,18.90,0.00,true,0,
8690572794579,false,גליס שמפו סרום שיקום עמוק 500 מל,הנקל סוד,TR,שמפו סרום שיקום עמוק,,0.00,100.00,false,1.00,18.90,0.00,true,0,
8690572794593,false,גליס שמפו תמצית שמן אולטימטיבי 500 מל,הנקל סוד,TR,שמפו תמצית שמן אולטימטיבי,,0.00,100.00,false,1.00,18.90,0.00,true,0,
8690572794609,false,גליס שמפו ביו-טק משקם 500 מל,הנקל סוד,TR,שמפו ביו-טק משקם,,0.00,100.00,false,1.00,18.90,0.00,true,0,
8690572794715,false,"גליס - מרכך לאיזון והזנת הקרקפת 400 מ""ל","הובי קוסמטיק, חברת ייצור",TR,מרכך לאיזון והזנת הקרקפת,,0.00,100.00,false,1.00,18.90,0.00,true,0,
8690572795408,false,גליס שמפו לאיזון והזנת הקרקרפת 500 מל,הנקל סוד,TR,שמפו עדין לאיזון והזנת הקרקפת,,0.00,100.00,false,1.00,18.90,0.00,true,0,
8690572799482,false,"סאיוס מרכך לשיער גלי ומתולתל 500 מ""ל","הובי קוסמטיק, אנקרה, תור",TR,מרכך קרטין,,0.00,100.00,false,1.00,12.90,0.00,true,0,
<<<<<<< HEAD
8690572799499,false,"סאיוס - מרכך אולאו 500 מ""ל",הובי קוסמטיק,TR,מרכך אולאו,,0.00,100.00,false,1.00,12.90,0.00,true,0,
=======
8690572799499,false,"סאיוס - מרכך אולאו 500 מ""ל",הנקל סוד בע`מ,TR,מרכך אולאו,,0.00,100.00,false,1.00,12.90,0.00,true,0,
>>>>>>> d048ac2f4f281c9d788043ab4e81b61b0dbe3743
8690572799505,false,סאיוס מרכך לחיזוק שורשי סיב השערה 500 מל,"הובי קוסמטיק, אנקרה, תור",TR,מרכך לחיזוק שורשי סיב השערה,,0.00,100.00,false,1.00,12.90,0.00,true,0,
8690572799512,false,"מרכך לחיזוק שורשי סיב השערה סאיוס 500מ""ל","הובי קוסמטיק, אנקרה, תור",TR,מרכך תלתלים,,0.00,100.00,false,1.00,12.90,0.00,true,0,
8690572799529,false,"סאיוס - שמפו קרטין 500 מ""ל","הובי קוסמטיק, אנקרה, תור",TR,שמפו קרטין,,0.00,100.00,false,1.00,12.90,0.00,true,0,
8690572799536,false,"סאיוס שמפו שמני הזנה 500 מ""ל","הובי קוסמטיק, אנקרה, תור",TR,שמפו אולאו,,0.00,100.00,false,1.00,12.90,0.00,true,0,
8690572799543,false,סאיוס שמפו לחיזוק שורשי סיב השערה 500 מל,"הובי קוסמטיק, אנקרה, תור",TR,שמפו לחיזוק שורשי סיב השערה,,0.00,100.00,false,1.00,12.90,0.00,true,0,
<<<<<<< HEAD
8690572799550,false,"סאיוס שמפו לשיער גלי ומתולתל 500 מ""ל",הובי קוסמטיק,TR,שמפו תלתלים,,0.00,100.00,false,1.00,12.90,0.00,true,0,
8690637505607,false,מרכך כביסה מרוכז בדין אקסטרה בניחוח פינוק כחול,יוניליוור סנאיי וי טיקאר,TR,מרכך כביסה מרוכז בדין אקסטרה בניחוח פינוק כחול,,0.00,100.00,false,1.00,19.90,0.00,true,0,
8690637505959,false,דאב סבון ידיים הזנה לוטוס 500 מל,General,TR,אל סבון ידיים פרח הלוטוס ומי אורז,,0.00,100.00,false,1.00,5.00,0.00,true,0,
8690637506956,false,"דאב שמפו נגד קשקשים אלוורה 600 מ""ל",יוניליוור סנאי ווי טיקאר,TR,שמפו למניעת קשקשים,,0.00,100.00,false,1.00,22.90,0.00,true,0,
8690637555084,false,"מרכך כביסה מרוכז אקסטרה פריחת התפוז בדין 960 מ""ל",יוניליוור סנאיי וי טיקאר,,מרכך כביסה מרוכז בדין אקסטרה פריחת התפוז,,0.00,100.00,false,1.00,19.90,0.00,true,0,
=======
8690572799550,false,"סאיוס שמפו לשיער גלי ומתולתל 500 מ""ל","הנקל סוד בע""מ",TR,שמפו תלתלים,,0.00,100.00,false,1.00,12.90,0.00,true,0,
8690637505607,false,מרכך כביסה מרוכז בדין אקסטרה בניחוח פינוק כחול,יוניליוור ישראל שיווק בע`מ,TR,מרכך כביסה מרוכז בדין אקסטרה בניחוח פינוק כחול,,0.00,100.00,false,1.00,19.90,0.00,true,0,
8690637505959,false,דאב סבון ידיים הזנה לוטוס 500 מל,יוניליוור ישראל שיווק בעמ,TR,אל סבון ידיים פרח הלוטוס ומי אורז,,0.00,100.00,false,1.00,5.00,0.00,true,0,
8690637506956,false,"דאב שמפו נגד קשקשים אלוורה 600 מ""ל",יוניליוור ישראל שיווק בע`מ,TR,שמפו למניעת קשקשים,,0.00,100.00,false,1.00,22.90,0.00,true,0,
8690637555084,false,"מרכך כביסה מרוכז אקסטרה פריחת התפוז בדין 960 מ""ל",יוניליוור ישראל שיווק בע`מ,,מרכך כביסה מרוכז בדין אקסטרה פריחת התפוז,,0.00,100.00,false,1.00,19.90,0.00,true,0,
>>>>>>> d048ac2f4f281c9d788043ab4e81b61b0dbe3743
8690637561061,false,דאב - דאודורנט סטיק לאישה ללא סימן אינביזיבל 50 גרם,יוניליוור,,דאודורנט סטיק אינביזיבל דריי,,0.00,100.00,false,1.00,24.90,0.00,true,0,
8690637704277,false,"שמפו ומרכך לשיער רגיל 600 מ""ל דאב","יוניליוור ישראל שיווק בע""מ",TR,שמפו ומרכך 2 ב-1 טיפוח יום יומי,,0.00,100.00,false,1.00,22.90,0.00,true,0,
8690637704291,false,שמפו לשיקום אינטנסיבי לשיער פגום,"יוניליוור ישראל שיווק בע""מ",TR,שמפו משקם לשיער פגום,,0.00,100.00,false,1.00,22.90,0.00,true,0,
8690637704376,false,"שמפו לטיפוח יום יומי דאב 600 מ""ל","יוניליוור ישראל שיווק בע""מ",TR,שמפו טיפוח יום יומי,,0.00,100.00,false,1.00,22.90,0.00,true,0,
8690637704390,false,"מרכך שיער לטיפוח יום יומי דאב 600 מ""ל","יוניליוור ישראל שיווק בע""מ",TR,מרכך שיער לטיפוח יום יומי,,0.00,100.00,false,1.00,22.90,0.00,true,0,
8690637704413,false,מרכך לשיקום אינטנסיבי לשיער פגום,"יוניליוור ישראל שיווק בע""מ",TR,מרכך לשיער שיקום אינטנסיבי,,0.00,100.00,false,1.00,22.90,0.00,true,0,
8690637704437,false,שמפו עם שמני הזנה לטיפוח לשיער יבש,יוניליוור ישראל שיווק בע`מ,TR,שמפו עם שמני הזנה לשיער יבש ומקורזל,,0.00,100.00,false,1.00,22.90,0.00,true,0,
8690637704451,false,מרכך עם שמני הזנה לטיפוח לשיער יבש,"יוניליוור ישראל שיווק בע""מ",TR,מרכך שיער בתוספת שמני הזנה,,0.00,100.00,false,1.00,22.90,0.00,true,0,
8690637858734,false,ג'ל לניקוי כללי בתוספת אקונומיקה בניחוח לימון,יוניליוור ישראל שיווק בע`מ,IL,ג'ל לניקוי כללי בתוספת אקונומיקה מרוכזת בניחוח לימון,,0.00,100.00,false,1.00,13.90,0.00,true,0,
8690637858741,false,ג'ל לניקוי כללי בתוספת אקונומיקה בניחוח רוח ים,יוניליוור ישראל שיווק בע`מ,IL,ג'ל אקונומיקה מרוכזת בניחוח רוח ים,,0.00,100.00,false,1.00,13.90,0.00,true,0,
8690637858758,false,ג'ל לניקוי כללי בתוספת אקונומיקה בניחוח אורנים,יוניליוור ישראל שיווק בע`מ,IL,ג'ל אקונומיקה מרוכזת בניחוח אורנים,,0.00,100.00,false,1.00,13.90,0.00,true,0,
8690637865589,false,"דאב תרחיץ ידיים בניחוח מלפפונים ותה ירוק 500 מ""ל",יוניליוור ישראל שיווק בעמ,TR,תחליב רחצה לידיים מלפפונים ותה ירוק,,0.00,100.00,false,1.00,16.90,0.00,true,0,
8690637865596,false,תחליב רחצה לניקוי וטיפוח עור היד 750 מ,"יוניליוור ישראלשיווק בע""מ",TR,תחליב רחצה לידיים מזין,,0.00,100.00,false,1.00,16.90,0.00,true,0,
8690637866753,false,"בדין מרכך כביסה מרוכז אקסטרה סגול 960 מ""ל","יוניליוור ישראלשיווק בע""מ",TR,מרכך כביסה מרוכז בדין אקסטרה סגול,,0.00,100.00,false,1.00,19.90,0.00,true,0,
8690637871047,false,דאב שמפו בתוספת שמן קוקוס וכורכום 600 מל,"יוניליוור ישראל שיווק בע""מ",TR,שמפו עם שמן קוקוס וכורכום,,0.00,100.00,false,1.00,22.90,0.00,true,0,
8690637916977,false,מרכך עם שמן קוקוס וכורכום למראה שיער משוקם,יוניליוור ישראל שיווק בעמ,TR,מרכך עם שמן קוקוס וכורכום,,0.00,100.00,false,1.00,22.90,0.00,true,0,
8690637919381,false,"שמפו דאב מים מיסלרים 600 מ""ל",יוניליוור סנאיי וי טיקאר,TR,שמפו מים מיסלרים,,0.00,100.00,false,1.00,22.90,0.00,true,0,
8690637919398,false,דאב מרכך עם מים מיסלרים 600 מל,יוניליוור ישראל שיווק בעמ,TR,מרכך עם מים מיסלרים,,0.00,100.00,false,1.00,22.90,0.00,true,0,
8690637935701,false,"מרכך כביסה אקסטרה פריחת הדובדבן ושקדים 960 מ""ל בדין",יוניליוור ישראל שיווק בעמ,TR,מרכך כביסה מרוכז בדין אקסטרה דובדבן ושקדים,,0.00,100.00,false,1.00,19.90,0.00,true,0,
8690637946301,false,"בדין - מרכך כביסה אקסטרא בייביי כחול 960 מ""ל",יוניליוור ישראל שיווק בע`מ,,מרכך כביסה מרוכז בדין אקסטרה בייבי כחול,,0.00,100.00,false,1.00,19.90,0.00,true,0,
8690637946318,false,"מרכך כביסה בדין מרוכז אקסטרה בייבי טלק 960 מ""ל",יוניליוור ישראל שיווק בע`מ,IL,מרכך כביסה מרוכז בדין אקסטרה בייבי צהוב,,0.00,100.00,false,1.00,19.90,0.00,true,0,
8690637971310,false,"מרכך כביסה מרוכז אקסטרה בניחוח יערת הדבש בדין 960 מ""ל",יוניליוור ישראל שיווק בע`מ,TR,מרכך כביסה מרוכז בדין אקסטרה יערת הדבש,,0.00,100.00,false,1.00,19.90,0.00,true,0,
8690637976995,false,"מרכך כביסה מרוכז אקסטרה ורוד סחלבים פראי בדין 960 מ""ל",יוניליוור ישראל שיווק בע`מ,TR,מרכך כביסה מרוכז בדין אקסטרה ורוד,,0.00,100.00,false,1.00,19.90,0.00,true,0,
8690637977794,false,תחליב רחצה לידיים בניחוח חמאת שיאה ווניל,קוסטר אירוסול ולף סנ,TR,אל סבון ידיים חמאת שיאה ווניל,,0.00,100.00,false,1.00,16.90,0.00,true,0,
<<<<<<< HEAD
8690637994029,false,מרכך כביסה אקסטרה בניחוח סחלבים פראי,יוניליוור סנאיי וי טיקאר,TR,מרכך כביסה מרוכז בדין אקסטרה ורוד,,0.00,1.00,false,1.00,24.90,17.29,true,0,
8690637994036,false,מרכך כביסה אקסטרה בניחוח יסמין מרענן,יוניליוור סנאיי וי טיקאר,TR,מרכך כביסה מרוכז בדין אקסטרה כחול,,0.00,1.00,false,1.00,24.90,17.29,true,0,
8690784516662,false,"דאק נוזל ג'ל לניקוי עם אקונומיקה מקציפה בניחות לבנדר 750 מ""ל",אס.סי.גונסון,IT,ג'ל לניקוי עם אקונומיקה מקציפה בניחוח לבנדר,,0.00,100.00,false,1.00,11.90,0.00,true,0,
=======
8690637994029,false,מרכך כביסה אקסטרה בניחוח סחלבים פראי,"יוניליוור ישראל שיווק בע""מ",TR,מרכך כביסה מרוכז בדין אקסטרה ורוד,,0.00,1.00,false,1.00,24.90,17.29,true,0,
8690637994036,false,מרכך כביסה אקסטרה בניחוח יסמין מרענן,"יוניליוור ישראל שיווק בע""מ",TR,מרכך כביסה מרוכז בדין אקסטרה כחול,,0.00,1.00,false,1.00,24.90,17.29,true,0,
8690784516662,false,"דאק נוזל ג'ל לניקוי עם אקונומיקה מקציפה בניחות לבנדר 750 מ""ל",דנשר (1963) בעמ,IT,ג'ל לניקוי עם אקונומיקה מקציפה בניחוח לבנדר,,0.00,100.00,false,1.00,11.90,0.00,true,0,
>>>>>>> d048ac2f4f281c9d788043ab4e81b61b0dbe3743
8693495041461,false,קולגייט זוג מברשות שיניים סלים סופט פחם,הנסיך- מפעל לייצור ט,,מברשת שיניים פחם,,0.00,0.00,false,1.00,31.90,15.95,true,0,
8693495052177,false,פלמוליב נטורלס תחליב רחצה זיתים 750 מל,קולגייט פלמוליב,TR,סבון נוזלי זיתים משאבה,,0.00,100.00,false,1.00,21.90,0.00,true,0,
8693495052191,false,פלמוליב ס.נוזלי אפרסק 750 מל משאבה,קולגייט פלמוליב,TR,תחליב רחצה מועשר בתמציות אפרסק,,0.00,100.00,false,1.00,21.90,0.00,true,0,
8693495052931,false,זוג מברשות שיניים אדוונסט 360 לניקוי כל חלל הפה,קולגייט פלמוליב,CN,מברשת שיניים 360 ADVANCED לניקוי כל חלל הפה,,0.00,0.00,false,1.00,41.90,20.95,true,0,
8693495054034,false,פלמוליב ס.נוזלי לומינוס אבוקדו 750 משאבה,קולגייט פלמוליב,TR,לומינוס ג'ל רחצה בניחוח שמן אבוקדו,,0.00,100.00,false,1.00,21.90,0.00,true,0,
8693495054058,false,סבון נוזלי פלמוליב לומינוס עם תמציות שמן מקדמיה,קולגייט פלמוליב,TR,לומינוס ג'ל רחצה בניחוח שמן מקדמיה,,0.00,100.00,false,1.00,21.90,0.00,true,0,
8697040109323,false,אסותא סבון מוצק להיגיינה,עיסא ערטול בעמ-סוכן הנקל סוד,TR,סבון תמרוקים להיגיינה אישית,,0.00,0.00,false,1.00,5.90,0.05,true,0,
8699568548905,false,קולסטון קיט 77/44 אדום נחושת עוצמתי,דיפלומט,DE,קרם לצביעה לשיער 77/44 אדום נחושת עוצמתי,,0.00,0.00,false,1.00,39.90,0.00,true,0,
8699568548950,false,צבע לשיער קולסטון קיט 55/46 - אדום אקזוטי,וולה Wella,DE,קרם לצביעה לשיער 55/46 אדום אקזוטי,,0.00,0.00,false,1.00,39.90,0.00,true,0,
8699568549001,false,צבע לשיער קולסטון קיט 66/46 - אדום דובדבן,וולה Wella,DE,קרם לצביעה לשיער 66/46 אדום דובדבן,,0.00,0.00,false,1.00,39.90,0.00,true,0,
8710103534457,false,אוונט פטמה לדייסה לגילאי 6+ חודשים,כמיפל,,פטמה לבקבוק קלאסיק+ למזון סמיך ביותר,,0.00,0.00,false,1.00,43.90,21.95,true,0,
8710103556879,false,אוונט רפידות הנקה 60 יחידות,כמיפל,CN,רפידות הנקה,,0.00,0.00,false,1.00,49.90,0.00,true,0,
8710103633075,false,סוניקר 2 ראשים להחלפה למברשת חשמלית,כמיפל,US,ראשים למברשת שיניים חשמלית סוניקר HX6012/07,,0.00,0.00,false,1.00,89.90,0.00,true,0,
8710103633266,false,סוניקר 2 ראשים להחלפה לשיניים רגישות וחנ,כמיפל,US,ראשים לשיניים רגישות למברשת שיניים חשמלית סוניקר HX6052/07,,0.00,0.00,false,1.00,99.90,49.95,true,0,
8710103673149,false,סוניקר מברשת שיניים Plaque Removal,כמיפל,CN,מברשת שיניים חשמלית סוניקר מסירה פי 6 פלאק Plaque Removal HX6231/01,,0.00,0.00,false,1.00,349.90,0.00,true,0,
8710103779469,false,סוניקר מברשת שיניים Daily Clean,כמיפל,RO,מברשת שיניים חשמלית סוניקר Daily Clean HX3212/11,,0.00,0.00,false,1.00,179.90,0.00,true,0,
8710103779803,false,אוונט כוס שתיה פיה גמישה 6+ 200 מל בנות,כמיפל,ID,כוס שתיה פיה רכה וגמישה גיל 6+,,0.00,0.00,false,1.00,49.90,0.00,true,0,
8710103779810,false,אוונט כוס שתיה פיה גמישה 6+ 200 מל בנים,כמיפל,ID,כוס שתיה פיה רכה וגמישה גיל 6+,,0.00,0.00,false,1.00,49.90,0.00,true,0,
8710103786665,false,אוונט כוס עם קש לגיל 9+ 200 מל בנות,כמיפל,ID,כוס עם קש לגיל 9+,,0.00,0.00,false,1.00,49.90,0.00,true,0,
8710103786672,false,אוונט כוס עם קש לגיל 9+ 200 מל בנים,כמיפל,ID,כוס עם קש לגיל 9+,,0.00,0.00,false,1.00,49.90,0.00,true,0,
8710103786689,false,אוונט כוס עם קש לגיל 12+ 300 מל בנים,כמיפל,ID,כוס עם קש לגיל 12+,,0.00,0.00,false,1.00,49.90,0.00,true,0,
8710103786696,false,אוונט כוס עם קש לגיל 12+ 300 מל בנות,כמיפל,ID,כוס עם קש לגיל 12+,,0.00,0.00,false,1.00,49.90,0.00,true,0,
8710103797951,false,פיליפס ONE BLADE 3 מכשיר לעיצוב זיפים 45,פילפס,ID,"ONE BLADE, מכשיר לעיצוב זיפים 45 דקות פעולה",,0.00,0.00,false,1.00,189.90,0.00,true,0,
8710103803874,false,אוונט מוצץ 6-18 ULTRA SOFT חלל,פיליפס אוונט,GB,ULTRA SOFT מוצצים 6-18 חודשים,,0.00,0.00,false,1.00,54.90,27.45,true,0,
8710103803973,false,אוונט מוצץ 6-18 ULTRA SOFT פרפרים ולבבות,פיליפס אוונט,GB,ULTRA SOFT מוצצים 6-18 חודשים,,0.00,0.00,false,1.00,54.90,27.45,true,0,
8710103804000,false,אוונט מוצץ 0-6 ULTRA SOFT מצולות ים,פיליפס אוונט,GB,ULTRA SOFT מוצצים 0-6 חודשים,,0.00,0.00,false,1.00,54.90,27.45,true,0,
8710103804086,false,אוונט מוצץ 0-6 ULTRA SOFT ינשופים,כמיפל,GB,ULTRA SOFT מוצצים 0-6 חודשים,,0.00,0.00,false,1.00,54.90,27.45,true,0,
8710103811220,false,אוונט זוג מוצצים קלאסי 0-6 ורוד ירקרק,פיליפס אוונט,GB,מוצץ קלאסי סיליקון 0-6,,0.00,0.00,false,1.00,49.90,24.95,true,0,
8710103811299,false,אוונט זוג מוצצים קלאסי 6-18 ורוד ורוד,פיליפס אוונט,GB,מוצץ קלאסי סיליקון 6-18,,0.00,0.00,false,1.00,49.90,24.95,true,0,
8710103826279,false,אוונט כוס שתיה פיה רכה גיל 9+ 300מל בנים,כמיפל,ID,כוס שתיה פיה רכה גיל 9+,,0.00,0.00,false,1.00,49.90,0.00,true,0,
8710103831624,false,פיליפס זוג סכינים ONE BLADE לפנים ולגוף,פיליפס-גילוח,ID,סכיני גילוח למכשיר ONE BLADE לפנים ולגוף,,0.00,0.00,false,1.00,199.90,99.95,true,0,
8710103831662,false,פיליפס ONE BLADE מכשיר פנים וגוף 45,פיליפס-גילוח,ID,"ONE BLADE, מכשיר לעיצוב זיפים וגילוח פנים וגוף 45 דקות פעולה",,0.00,0.00,false,1.00,289.90,0.00,true,0,
8710103845423,false,אוונט מוצץ 0-6 ULTRA AIR כחול,פיליפס אוונט,GB,ULTRA AIR מוצצים 0-6 חודשים,,0.00,0.00,false,1.00,54.90,27.45,true,0,
8710103845485,false,אוונט מוצץ 6-18 ULTRA AIR כחול,כמיפל,GB,ULTRA AIR מוצצים 6-18 חודשים,,0.00,0.00,false,1.00,54.90,27.45,true,0,
8710103845546,false,אוונט מוצץ 0-6 ULTRA AIR ורוד-טורקיז,פיליפס אוונט,GB,ULTRA AIR מוצצים 0-6 חודשים,,0.00,0.00,false,1.00,54.90,27.45,true,0,
8710103845560,false,אוונט מוצץ 6-18 ULTRA AIR ורוד,כמיפל,GB,ULTRA AIR מוצצים 6-18 חודשים,,0.00,0.00,false,1.00,54.90,27.45,true,0,
8710103845836,false,פיליפס זוג סכינים ONE BLADE,פילפס,ID,סכיני גילוח למכשיר ONE BLADE,,0.00,0.00,false,1.00,159.90,79.95,true,0,
8710103847151,false,סוניקר מברשת שיניים להלבנה צבע שחור,כמיפל,CN,מברשת שיניים חשמלית להלבנה פיליפס סוניקר - צבע שחור HX6830/44,,0.00,0.00,false,1.00,599.90,0.00,true,0,
8710103851806,false,חדש ! מוצץ קלאסיק פיטר פן 0-6,פיליפס אוונט,GB,מוצץ קלאסי סיליקון 0-6 פיטר פן ואפרוח,,0.00,0.00,false,1.00,49.90,24.95,true,0,
8710103855514,false,אוונט כוס שתיה פיה קשיחה 12+ 300 מל בנים,כמיפל,ID,כוס שתיה פיה קשיחה גיל 12+,,0.00,0.00,false,1.00,49.90,0.00,true,0,
8710103860204,false,פיליפס שלישיית סכינים ONE BLADE,פיליפס-גילוח,ID,מחסנית סכיני גילוח למכשיר ONE BLADE,,0.00,0.00,false,1.00,199.00,66.33,true,0,
8710103863205,false,סוניקר מברשת שיניים Plaque Removal+סנסור,כמיפל,CN,מברשת שיניים חשמלית סוניקר מסירה פי 7 פלאק + סנסור עוצמה Plaque Removal HX6807/24,,0.00,0.00,false,1.00,449.90,0.00,true,0,
8710103868170,false,אוונט בקבוק פוליפרופילן חלב קלאסי 125 מל,פיליפס אוונט,GB,בקבוק פוליפרופילן חלבי קלאסיק+ עם פטמה מס' 1,,0.00,0.00,false,1.00,39.90,0.00,true,0,
8710103868309,false,אוונט בקבוק פוליפרופילן ורוד קלאסי 125 מ,כמיפל,GB,בקבוק פוליפרופילן ורוד קלאסיק+ עם פטמה מס' 1,,0.00,0.00,false,1.00,39.90,0.00,true,0,
8710103868316,false,אוונט בקבוק פוליפרופילן תכלת קלאסי 125מל,כמיפל,GB,בקבוק פוליפרופילן תכלת קלאסיק+ עם פטמה מס' 1,,0.00,0.00,false,1.00,39.90,0.00,true,0,
8710103868347,false,אוונט בקבוק פוליפרופילן חלבי קלאסי 260 מ,פיליפס אוונט,GB,בקבוק פוליפרופילן חלבי קלאסיק+ עם פטמה מס' 2,,0.00,0.00,false,1.00,39.90,0.00,true,0,
8710103868637,false,אוונט בקבוק פוליפרופילן תכלת קלאסי 260מל,פיליפס אוונט,GB,בקבוק פוליפרופילן תכלת קלאסיק+ עם פטמה מס' 2,,0.00,0.00,false,1.00,39.90,0.00,true,0,
8710103868699,false,אוונט בקבוק פוליפרופילן חלבי קלאסי 330 מ,פיליפס אוונט,GB,בקבוק פוליפרופילן חלבי קלאסיק+ עם פטמה מס' 3,,0.00,0.00,false,1.00,39.90,0.00,true,0,
8710103868781,false,אוונט בקבוק פוליפרופילן קלאסי קופיף,כמיפל,GB,בקבוק פוליפרופילן קלאסיק אנטי קוליק קופיף,,0.00,0.00,false,1.00,39.90,0.00,true,0,
8710103868811,false,אוונט בקבוק פוליפרופילן קלאסי גירף,כמיפל,GB,בקבוק פוליפרופילן קלאסיק אנטי קוליק ג'ירף,,0.00,0.00,false,1.00,39.90,0.00,true,0,
8710103868842,false,אוונט בקבוק פוליפרופילן קלאסי פינגווין,פיליפס אוונט,GB,בקבוק פוליפרופילן קלאסיק אנטי קוליק פינגווין,,0.00,0.00,false,1.00,39.90,0.00,true,0,
8710103870067,false,אוונט בקבוק נטורל 2 לויתן 260 מל,פיליפס אוונט,GB,בקבוק נטורל לויתן,,0.00,0.00,false,1.00,54.90,0.00,true,0,
8710103873877,false,אוונט זוג פטמות נטורל מעבר איטי,פיליפס אוונט,,פטמה לבקבוק נטורל זרימה איטית שלב 2,,0.00,0.00,false,1.00,43.90,21.95,true,0,
8710103874058,false,אוונט פטמה נטורל רב שלבית,פיליפס אוונט,,"פטמה רב שלבית לבקבוק נטורל, מתאימה גם למזון סמיך",,0.00,0.00,false,1.00,43.90,21.95,true,0,
8710103875666,false,אוונט בקבוק נטורל 2 125 מל,פיליפס אוונט,GB,בקבוק נטורל חלבי עם פטמה מס' 1,,0.00,0.00,false,1.00,54.90,0.00,true,0,
8710103875734,false,אוונט בקבוק נטורל 2 ורוד 125 מל,כמיפל,GB,בקבוק נטורל ורוד עם פטמה מס' 1,,0.00,0.00,false,1.00,54.90,0.00,true,0,
8710103875857,false,אוונט בקבוק נטורל 2 סגול 260 מל,כמיפל,GB,בקבוק נטורל סגול,,0.00,0.00,false,1.00,54.90,0.00,true,0,
8710103875871,false,אוונט בקבוק נטורל 2 טורקיז 260 מל,כמיפל,GB,בקבוק נטורל טורקיז,,0.00,0.00,false,1.00,54.90,0.00,true,0,
8710103875888,false,אוונט בקבוק נטורל 2 260 מל,פיליפס אוונט,GB,בקבוק נטורל חלבי עם פטמה מס' 2,,0.00,0.00,false,1.00,54.90,0.00,true,0,
8710103875918,false,אוונט מארז זוג בקבוק נטורל 2 260 מל,כמיפל,GB,מארז בקבוקי נטורל 2 260 מל,,0.00,0.00,false,1.00,69.90,0.00,true,0,
8710103875956,false,אוונט בקבוק נטורל 2 ורוד 260 מל,פיליפס אוונט,GB,בקבוק נטורל ורוד עם פטמה מס' 2,,0.00,0.00,false,1.00,54.90,0.00,true,0,
8710103876014,false,אוונט בקבוק נטורל 2 תכלת 260 מל,כמיפל,GB,בקבוק נטורל תכלת עם פטמה מס' 2,,0.00,0.00,false,1.00,54.90,0.00,true,0,
8710103876076,false,אוונט מארז זוג בקבוקי נטורל 330 מל,כמיפל,NL,מארז בקבוקי נטורל 330 מל,,0.00,0.00,false,1.00,79.90,0.00,true,0,
8710103876168,false,אוונט בקבוק נטורל 2 60 מל,כמיפל,GB,בקבוק נטורל 0M,,0.00,0.00,false,1.00,19.90,0.00,true,0,
8710103876342,false,אוונט בקבוק נטורל 2 330 מל,פיליפס אוונט,GB,בקבוק נטורל חלבי עם פטמה מס' 4,,0.00,0.00,false,1.00,54.90,0.00,true,0,
8710103876472,false,אוונט בקבוק נטורל 2 טייגר 260 מל,כמיפל,GB,בקבוק נטורל טייגר,,0.00,0.00,false,1.00,54.90,0.00,true,0,
8710103876526,false,אוונט בקבוק נטורל 2 דרקון 260 מל,פיליפס אוונט,GB,בקבוק נטורל דרקון,,0.00,0.00,false,1.00,54.90,0.00,true,0,
8710103876540,false,אוונט בקבוק נטורל 2 חד קרן 260 מל,פיליפס אוונט,GB,בקבוק נטורל חד קרן,,0.00,0.00,false,1.00,54.90,0.00,true,0,
8710103878995,false,פיליפס ONE BLADE 3 מכשיר לעיצוב 45+ 1סכי,פיליפס-גילוח,ID,"ONE BLADE, מכשיר לעיצוב זיפים 45 דקות פעולה + ראש סכין נוסף",,0.00,0.00,false,1.00,269.90,0.00,true,0,
8710103882848,false,סוניקר מברשת שיניים להלבנה צבע ורוד,כמיפל,CN,מברשת שיניים חשמלית להלבנה פיליפס סוניקר - צבע ורוד HX6836/24,,0.00,0.00,false,1.00,599.90,0.00,true,0,
8710103896135,false,אוונט מוצץ +18 אולטרה אייר בנים,כמיפל,GB,אולטרה אייר מוצץ קל ונושם +18,,0.00,0.00,false,1.00,54.90,0.00,true,0,
8710103896166,false,אוונט מוצץ +18 אולטרה אייר לילה בנות,כמיפל,GB,אולטרה אייר מוצץ קל ונושם +18,,0.00,0.00,false,1.00,54.90,0.00,true,0,
8710103896227,false,אוונט מוצץ 18+ אולטרה אייר בנים אריה,כמיפל,NL,אולטרה אייר מוצץ קל ונושם 18M+,,0.00,0.00,false,1.00,54.90,0.00,true,0,
8710103896241,false,אוונט מוצץ 18+ אולטרה אייר בנות 18+ ארנב,כמיפל,NL,אולטרה אייר מוצץ קל ונושם 18M+,,0.00,0.00,false,1.00,54.90,0.00,true,0,
8710103901716,false,אוונט מוצץ 0-6 אולטרה אייר לילה בנים,פיליפס אוונט,GB,אולטרה אייר לילה מוצץ קל ונושם 0-6,,0.00,0.00,false,1.00,54.90,0.00,true,0,
8710103901754,false,אוונט מוצץ 0-6 אולטרה אייר לילה בנות,פיליפס אוונט,GB,אולטרה אייר לילה מוצץ קל ונושם 0-6,,0.00,0.00,false,1.00,54.90,0.00,true,0,
8710103901792,false,אוונט מוצץ 6-18 אולטרה אייר לילה בנים,פיליפס אוונט,GB,אולטרה אייר לילה מוצץ קל ונושם 6-18,,0.00,0.00,false,1.00,54.90,0.00,true,0,
8710103901822,false,אוונט מוצץ 6-18 אולטרה אייר לילה בנות,פיליפס אוונט,GB,אולטרה אייר לילה מוצץ קל ונושם 6-18,,0.00,0.00,false,1.00,54.90,0.00,true,0,
8710103907152,false,אוונט נטורל משאבה חלב חשמלית PLUS,כמיפל,NL,נטורל משאבה חלב חשמלית PLUS,,0.00,0.00,false,1.00,899.00,899.00,true,0,
8710103907701,false,אוונט מגן פטמה פרפר גדול,כמיפל,,מגן פטמה פרפר גדול,,0.00,0.00,false,1.00,62.90,31.45,true,0,
8710103922582,false,"פיליפס ONE BLADE, מכשיר לעיצוב וגילוח 30 דקות פעולה",פיליפס-גילוח,ID,"ONE BLADE, מכשיר לעיצוב וגילוח 30 דקות פעולה",,0.00,0.00,false,1.00,159.90,0.00,true,0,
8710103938422,false,אוונט מוצץ 0-6 ULTRA SOFT בנים הלו,פיליפס אוונט,NL,ULTRA SOFT מוצצים 0-6 חודשים,,0.00,0.00,false,1.00,54.90,0.00,true,0,
8710103938484,false,אוונט מוצץ 0-6 ULTRA SOFT בנות באני,פיליפס אוונט,NL,ULTRA SOFT מוצצים 0-6 חודשים,,0.00,0.00,false,1.00,54.90,0.00,true,0,
8710103938538,false,אוונט מוצץ 6-18 ULTRA SOFT בנים ים,פיליפס אוונט,NL,ULTRA SOFT מוצצים 6-18 חודשים,,0.00,0.00,false,1.00,54.90,0.00,true,0,
8710103938583,false,אוונט מוצץ 6-18 ULTRA SOFT בנות פאוור,פיליפס אוונט,NL,ULTRA SOFT מוצצים 6-18 חודשים,,0.00,0.00,false,1.00,54.90,0.00,true,0,
8710103942542,false,אוונט מוצץ 0-6 אולטרה אייר תכלת-צהוב,כמיפל,NL,אולטרה אייר מוצץ קל ונושם 0-6,,0.00,0.00,false,1.00,54.90,0.00,true,0,
8710103942702,false,אוונט מוצץ 0-6 אולטרה אייר ורוד-ורוד,פיליפס אוונט,NL,אולטרה אייר מוצץ 0-6,,0.00,0.00,false,1.00,54.90,0.00,true,0,
8710103942740,false,אוונט מוצץ 6-18 ULTRA AIR חיות בנים,כמיפל,NL,ULTRA AIR מוצצים 6-18 חודשים חיות,,0.00,0.00,false,1.00,54.90,27.45,true,0,
8710103942788,false,אוונט מוצץ 6-18 ULTRA AIR בנות ים,כמיפל,NL,ULTRA AIR מוצצים 6-18 חודשים ים,,0.00,0.00,false,1.00,54.90,27.45,true,0,
8710103943969,false,אוונט נטורל משאבה חלב ידנית,כמיפל,NL,נטורל משאבה חלב ידנית,,0.00,0.00,false,1.00,299.00,299.00,true,0,
8710103949176,false,אוונט מוצץ 0-6 ULTRA AIR כחול צהוב HAPPY,פיליפס אוונט,NL,ULTRA AIR מוצצים 0-6 חודשים HAPPY,,0.00,0.00,false,1.00,54.90,27.45,true,0,
8710103949206,false,אוונט מוצץ 0-6 אולטרה אייר בנות הפי,כמיפל,NL,אולטרה אייר מוצץ קל ונושם 0-6M,,0.00,0.00,false,1.00,54.90,0.00,true,0,
8710103949237,false,אוונט זוג מוצצי אייר קול 6-18 בנים,כמיפל,NL,ULTRA AIR מוצצים 6-18 חודשים HAPPY,,0.00,0.00,false,1.00,54.90,27.45,true,0,
8710103949275,false,אוונט זוג מוצצי אייר קול 6-18 בנות,כמיפל,NL,ULTRA AIR מוצצים 6-18 חודשים HAPPY,,0.00,0.00,false,1.00,54.90,27.45,true,0,
8710103949312,false,אוונט מוצץ 0-6 ULTRA AIR כחול צהובANIMAL,כמיפל,NL,ULTRA AIR מוצצים 0-6 חודשים ANIMALS,,0.00,0.00,false,1.00,54.90,27.45,true,0,
8710103949350,false,אוונט מוצץ 0-6 ULTRA AIR ורוד סגולANIMAL,כמיפל,NL,ULTRA AIR מוצצים 0-6 חודשים ANIMALS,,0.00,0.00,false,1.00,54.90,27.45,true,0,
8710103949398,false,אוונט זוג מוצצי אייר קול 6-18 בנים,פיליפס אוונט,NL,ULTRA AIR מוצצים 6-18 חודשים ANIMALS,,0.00,0.00,false,1.00,54.90,27.45,true,0,
8710103949435,false,אוונט זוג מוצצי אייר קול 6-18 בנות,פיליפס אוונט,NL,ULTRA AIR מוצצים 6-18 חודשים חיות,,0.00,0.00,false,1.00,54.90,27.45,true,0,
8710103963882,false,אוונט זוג מוצצי ניו בורן 0-6 תכלת סיליקו,כמיפל,NL,מוצצי סיליקון ניו בורן 0-6 תכלת,,0.00,0.00,false,1.00,59.90,29.95,true,0,
8710103963905,false,אוונט זוג מוצצי ניו בורן 0-6 ורוד סיליקו,כמיפל,NL,מוצצי סיליקון ניו בורן 0-6 ורוד,,0.00,0.00,false,1.00,59.90,29.95,true,0,
8710103982371,false,אוונט מוצץ 0-6 ULTRA AIR ירוק צהוב Happy,כמיפל,NL,ULTRA AIR מוצצים 0-6 חודשים Happy,,0.00,0.00,false,1.00,54.90,27.45,true,0,
8710103982401,false,אוונט מוצץ 6-18 ULTRA AIR לבן צהוב Happy,כמיפל,NL,ULTRA AIR מוצצים 6-18 חודשים Happy,,0.00,0.00,false,1.00,54.90,27.45,true,0,
8710103982692,false,אוונט מוצץ +18 ULTRA AIR ללילה,כמיפל,NL,ULTRA AIR מוצצים +18 חודשים ללילה,,0.00,0.00,false,1.00,54.90,27.45,true,0,
8710103992998,false,אוונט מוצץ 0-6 ULTRA AIR אננס ינשוף,כמיפל,NL,ULTRA AIR מוצצים 0-6 חודשים,,0.00,0.00,false,1.00,54.90,27.45,true,0,
8710103993018,false,אוונט מוצץ 0-6 ULTRA AIR ציפור דובדבן,כמיפל,NL,ULTRA AIR מוצצים 0-6 חודשים,,0.00,0.00,false,1.00,54.90,27.45,true,0,
8710103993056,false,אוונט מוצץ 0-6 ULTRA AIR נטורל,כמיפל,NL,ULTRA AIR מוצצים 0-6 חודשים,,0.00,0.00,false,1.00,54.90,27.45,true,0,
8710103993094,false,אוונט מוצץ 6-18 ULTRA AIR אריה היפו,כמיפל,NL,ULTRA AIR מוצצים 6-18 חודשים,,0.00,0.00,false,1.00,54.90,27.45,true,0,
8710103993117,false,אוונט מוצץ 6-18 ULTRA AIR חתול קוואלה,כמיפל,NL,ULTRA AIR מוצצים 6-18 חודשים,,0.00,0.00,false,1.00,54.90,27.45,true,0,
8710103993155,false,אוונט מוצץ 6-18 ULTRA AIR נטורל,כמיפל,NL,ULTRA AIR מוצצים 6-18 חודשים,,0.00,0.00,false,1.00,54.90,27.45,true,0,
8710103993179,false,אוונט מוצץ 0-6 ULTRA SOFT לעור רגיש,כמיפל,NL,ULTRA SOFT מוצצים 0-6 חודשים לעור רגיש,,0.00,0.00,false,1.00,54.90,27.45,true,0,
8710103993193,false,אוונט מוצץ 6-18 ULTRA SOFT לעור רגיש,כמיפל,NL,ULTRA SOFT מוצצים 6-18 חודשים לעור רגיש,,0.00,0.00,false,1.00,54.90,27.45,true,0,
8710103997122,false,פיליפס סכין גילוח 360 למכשיר ONE BLADE,כמיפל,ID,ראש סכין גילוח 360 להחלפה עבור מכשיר ONE BLADE,,0.00,0.00,false,1.00,119.90,119.90,true,0,
8710428005755,false,תרכובת מזון לתינוקות על בסיס חלבון סויה איזומיל שלב 1,"אבוט מעבדות רפואיות בע""מ",,סימילאק צמחי שלב 1,,0.00,100.00,false,1.00,45.90,0.00,true,0,
8710428005762,false,תרכובת מזון לתינוקות על בסיס חלבון סויה איזומיל טף שלב 2,"אבוט מעבדות רפואיות בע""מ",,סימילאק צמחי שלב 2,,0.00,100.00,false,1.00,45.90,0.00,true,0,
8710428016348,false,אבקת משקה להשלמה תזונתית וניל 400 ג' פדיאשור,אבוט מעבדות רפואיות,NL,משקה להשלמה תזונתית היכול לסייע לילדים בגדילה מגיל 3-13 בטעם וניל,,0.00,100.00,false,1.00,29.90,0.00,true,0,
8710428016355,false,פדיאשור השלמה תזונתית בטעם שוקולד 400 גר,אבוט מעבדות רפואיות,NL,משקה להשלמה תזונתית היכול לסייע לילדים בגדילה מגיל 3-13 בטעם שוקולד,,0.00,100.00,false,1.00,39.90,0.00,true,0,
<<<<<<< HEAD
8710428017000,false,פדיאשור השלמה תזונתית בטעם וניל 850 גרם,General,NL,משקה להשלמה תזונתית היכול לסייע לילדים בגדילה מגיל 3-13 בטעם וניל,,0.00,100.00,false,1.00,79.90,0.00,true,0,
8710428017024,false,פדיאשור השלמה תזונתית בטעם שוקולד 850 גר,General,NL,משקה להשלמה תזונתית היכול לסייע לילדים בגדילה מגיל 3-13 בטעם שוקולד,,0.00,100.00,false,1.00,79.90,0.00,true,0,
8710447211052,false,טרזמה בוטניק שמפו להזנה ושיקום 400 מל,יוניליוור פולין,PL,שמפו בוטניק,,0.00,100.00,false,1.00,18.90,0.00,true,0,
8710447224205,false,"מרכך טרזמה משקם בתוספת ביוטין 400 מ""ל",יוניליוור פולין,PL,מרכך משקם בתוספת ביוטין,,0.00,100.00,false,1.00,18.90,0.00,true,0,
8710447224311,false,מרכך בוטניק בתוספת שמן קוקוס ואלוורה,יוניליוור פולין,PL,מרכך בוטניק,,0.00,100.00,false,1.00,18.90,0.00,true,0,
8710447224366,false,טרזמה מרכך קרטין לשיער 400 מל,"יוניליוור פולין, רחוב קר",PL,מרכך עם קרטין,,0.00,100.00,false,1.00,18.90,0.00,true,0,
=======
8710428017000,false,פדיאשור השלמה תזונתית בטעם וניל 850 גרם,שקד תבל בעמ-סימילק,NL,משקה להשלמה תזונתית היכול לסייע לילדים בגדילה מגיל 3-13 בטעם וניל,,0.00,100.00,false,1.00,79.90,0.00,true,0,
8710428017024,false,פדיאשור השלמה תזונתית בטעם שוקולד 850 גר,שקד תבל בעמ-סימילק,NL,משקה להשלמה תזונתית היכול לסייע לילדים בגדילה מגיל 3-13 בטעם שוקולד,,0.00,100.00,false,1.00,79.90,0.00,true,0,
8710447211052,false,טרזמה בוטניק שמפו להזנה ושיקום 400 מל,"יוניליוור ישראל שיווק בע""מ",PL,שמפו בוטניק,,0.00,100.00,false,1.00,18.90,0.00,true,0,
8710447224205,false,"מרכך טרזמה משקם בתוספת ביוטין 400 מ""ל",יוניליוור ישראל שיווק בעמ,PL,מרכך משקם בתוספת ביוטין,,0.00,100.00,false,1.00,18.90,0.00,true,0,
8710447224311,false,מרכך בוטניק בתוספת שמן קוקוס ואלוורה,"יוניליוור ישראל שיווק בע""מ",PL,מרכך בוטניק,,0.00,100.00,false,1.00,18.90,0.00,true,0,
8710447224366,false,טרזמה מרכך קרטין לשיער 400 מל,יוניליוור ישראל שיווק בע`מ,PL,מרכך עם קרטין,,0.00,100.00,false,1.00,18.90,0.00,true,0,
>>>>>>> d048ac2f4f281c9d788043ab4e81b61b0dbe3743
8710447240915,false,טרזמה מסכה משקמת בתוספת ביוטין 300 מל,"יוניליוור פולין, רחוב קר",PL,מסכה משקמת בתוספת ביוטין,,0.00,100.00,false,1.00,34.90,0.00,true,0,
8710447275306,false,דאב קרם ידיים שמן אבוקדו ותמצית קלנדולה,יוניליוור ישראל שיווק בעמ,PL,קרם ידיים אבוקדו ותמצית קלנדולה,,0.00,100.00,false,1.00,13.90,0.00,true,0,
8710447275313,false,דאב קרם ידיים שמן קוקוס וחלב שקדים,יוניליוור ישראל שיווק בעמ,PL,קרם ידיים לעור יבש מועשר בשמן קוקוס וחלב שקדים,,0.00,100.00,false,1.00,13.90,0.00,true,0,
8710447320662,false,דאודורנט ספריי בניחוח אפרסק ולימון ללא אלומיניום,יוניליוור ישראל שיווק בע`מ,GB,דאודורנט ספריי לאשה עם 0% מלחי אלומיניום בניחוח אפרסק,,0.00,100.00,false,1.00,13.90,0.00,true,0,
8710447473832,false,סימפל סרום לטיפול בפצעונים 25 מל,יוניליוור,HU,DAILY SKIN DETOX סרום לטיפול בפצעונים,,0.00,100.00,false,1.00,39.90,0.01,true,0,
8710447474419,false,סימפל תרחיץ פנים מטהר 150 מל,יוניליוור,PL,DAILY SKIN DETOX תרחיץ פנים מטהר,,0.00,100.00,false,1.00,35.90,0.00,true,0,
8710447474426,false,סימפל תרחיץ פילינג עדין 150 מל,יוניליוור,PL,DAILY SKIN DETOX תרחיץ פילינג עדין לניקוי יסודי,,0.00,100.00,false,1.00,35.90,0.00,true,0,
8710502231018,false,מרבה עוגיות מיני שוקולד צ'יפס 175 גרם,ש. שסטוביץ בע`מ,NL,עוגיות שוקולד צ'יפס מיני,,0.00,100.00,false,1.00,11.90,0.00,true,0,
8710522584200,false,דאב תחליב רחצה אלוורה ומי ורדים 500 מל,"יוניליוור ישראל שיווק בע""מ",DE,תחליב רחצה אלוורה ומי ורדים,,0.00,100.00,false,1.00,17.90,0.00,true,0,
8710847860829,false,"רקסונה - דאודורנט רול און לאישה כותנה 50 מ""ל",יוניליוור פארם,GB,דאודורנט רול און כותנה לאישה,,0.00,100.00,false,1.00,17.90,0.00,true,0,
8710847860843,false,"רקסונה - דאודורנט רולאון לאישה אינביזיבל 50 מ""ל",יוניליוור אנגליה,GB,דאודורנט רול און אינביזיבל לאשה,,0.00,100.00,false,1.00,17.90,0.00,true,0,
8710847942679,false,טרזמה שמפו לשיער יבש בתוספת שמן המפ,"יוניליוור ישראלשיווק בע""מ",PL,שמפו לשיער יבש בתוספת שמן המפ ותמצית פרח ההיביסקוס,,0.00,100.00,false,1.00,18.90,0.00,true,0,
8710847942693,false,טרזמה מרכך לשיער יבש שמן המפ 400 מל,"יוניליוור ישראל שיווק בע""מ",PL,מרכך לשיער יבש בתוספת שמן המפ ותמצית פרח ההיביסקוס,,0.00,100.00,false,1.00,18.90,0.00,true,0,
8710847962608,false,"אקס דאודורנט ספריי מוחיטו 150 מ""ל","יוניליוור אנגליה, דרך קו",GB,דאודורנט ספריי גוף מוחיטו,,0.00,100.00,false,1.00,12.90,0.00,true,0,
8710847973970,false,"תחליב רחצה דאב אלוורה מי עץ שדר, 750 מ""ל",יוניליוור ישראל שיווק בע`מ,DE,תחליב רחצה אלוורה ומי עץ שדר,,0.00,100.00,false,1.00,24.90,0.00,true,0,
8710847974427,false,טרזמה שמפו חומצה היאלורונית וחימר לבן,יוניליוור,PL,שמפו בתוספת חומצה היאלורונית וחימר לבן,,0.00,100.00,false,1.00,18.90,0.00,true,0,
8710847974441,false,טרזמה מרכך חומצה היאלורונית וחימר לבן,יוניליוור,PL,מרכך בתוספת חומצה היאלורונית וחימר לבן,,0.00,100.00,false,1.00,18.90,0.00,true,0,
8710908131769,false,סימפל מסיר איפור עיניים דו פאזי 125 מל,יוניליוור,HU,SENSITIVE SKIN EXPERTS מסיר איפור עיניים דו פאזי,,0.00,100.00,false,1.00,19.90,0.00,true,0,
8710908277795,false,אקס ווקס גמיש למראה שיער טבעי אורבן 75 מ,יוניליוור,IT,ווקס גמיש למראה שיער טבעי אורבן,,0.00,100.00,false,1.00,34.90,0.00,true,0,
8710908326691,false,"תחליב רחצה פרח האדמונית דאב 750 מ""ל",יוניליוור ישראל שיווק בע`מ,DE,תחליב רחצה פרח האדמונית,,0.00,100.00,false,1.00,24.90,0.00,true,0,
8710908404184,false,דאודורנט ספריי 0% אלומיניום אורגינל דאב,יוניליוור ישראל שיווק בע`מ,GB,דאודורנט ספריי לאשה עם 0% מלחי אלומיניום - אוריגינל,,0.00,100.00,false,1.00,13.90,0.00,true,0,
8710908435812,false,סימפל קרם לחות עם מקדם הגנה SPF 15,יוניליוור,HU,SENSITIVE SKIN EXPERTS קרם לחות SPF 15,,0.00,100.00,false,1.00,49.90,0.00,true,0,
8710908693809,false,"TRESSEMME מסיכה טיפולית עם קרטין 300מ""ל","יוניליוור ישראלשיווק בע""מ",PL,מסכה עם קרטין,,0.00,100.00,false,1.00,34.90,0.00,true,0,
8710908708787,false,סימפל סרום לחות 25 מל,יוניליוור,HU,SENSITIVE SKIN EXPERTS סרום לחות,,0.00,100.00,false,1.00,39.90,0.01,true,0,
8710908710773,false,סימפל תרחיץ פנים גל מיסלרי 150 מל,יוניליוור,PL,תרחיץ ג'ל ניקוי לפנים מיסלרי,,0.00,100.00,false,1.00,29.90,0.00,true,0,
8710908711619,false,סימפל מי פנים מיסלר 400 מל,יוניליוור,IT,מים מיסלרים,,0.00,100.00,false,1.00,35.90,0.00,true,0,
8710908810015,false,סימפל מגבוני עיניים להסרת איפור 30 יחידו,יוניליוור,GB,מגבונים מיסלרים לעיניים,,0.00,0.00,false,1.00,14.90,0.49,true,0,
8710908810510,false,סימפל קרם לחות במרקם גל 50 מל,יוניליוור,HU,קרם לחות ג'ל,,0.00,100.00,false,1.00,45.90,0.00,true,0,
8710908810664,false,סימפל קרם לילה לעור יבש 50 מל,יוניליוור,HU,קרם לחות ללילה,,0.00,100.00,false,1.00,45.90,0.00,true,0,
8710908882463,false,תחליב רחצה Invigorating Ritual עם שמן אבוקדו וקלנדולה,"יוניליוור ישראל שיווק בע""מ",DE,תחליב רחצה אבוקדו,,0.00,100.00,false,1.00,17.90,0.00,true,0,
8711600453975,false,דאב תחליב גוף לעור יבש במיוחד 400 מל,יוניליוור גרמניה (בו,DE,תחליב גוף לעור יבש במיוחד,,0.00,100.00,false,1.00,25.90,0.00,true,0,
8712400714105,false,נוטרילון ללא לקטוז 400 גרם מזון לתינוקות,טבע,,תרכובת מזון לתינוקות ללא לקטוז,,0.00,100.00,false,1.00,45.90,0.00,true,0,
8712400717984,false,נוטרילון קומפורט תרכובת מזון מגיל לידה,דיפלומט מפיצים (1968) בעמ**,,קומפורט - תרכובת מזון לתינוקות על בסיס חלב,,0.00,100.00,false,1.00,47.90,0.00,true,0,
8712400718073,false,נוטרילון A.R תרכובת מזון מגיל לידה,דיפלומט מפיצים (1968) בעמ**,,A.R תרכובת מזון לתינוקות על בסיס מוצקי חלב,,0.00,100.00,false,1.00,52.20,0.00,true,0,
8712400802482,false,נוטרילון מזון לתינוקות שלב 1 400 גרם,טבע,,תרכובת מזון לתינוקות שלב 1,,0.00,100.00,false,1.00,46.90,0.00,true,0,
8712400802499,false,תרכובת מזון המשך לפעוטות על בסיס חלב שלב 1,דיפלומט מפיצים (1968) בעמ**,,תרכובת מזון לתינוקות שלב1,,0.00,100.00,false,1.00,69.90,0.00,true,0,
8712400802505,false,נוטרילון מזון לתינוקות שלב 2 400 גרם,טבע,,תרכובת מזון לתינוקות שלב 2,,0.00,100.00,false,1.00,46.90,0.00,true,0,
<<<<<<< HEAD
8712400802512,false,תרכובת מזון המשך לפעוטות על בסיס חלב שלב 2,נוטרישיה קאלק ב. ו.,,תרכובת מזון לתינוקות שלב 2,,0.00,100.00,false,1.00,69.90,0.00,true,0,
8712400802536,false,תרכובת מזון המשך לפעוטות על בסיס חלב שלב 3,נוטרישיה קאלק ב. ו.,,תרכובת מזון לתינוקות שלב 3,,0.00,100.00,false,1.00,69.90,0.00,true,0,
8712561594240,false,"דאב תחליב רחצה להזנה עמוקה500 מ""ל-מרכז","יוניליוור גרמניה, Gmbh &",,תחליב רחצה להזנה עמוקה,,0.00,100.00,false,1.00,17.90,0.00,true,0,
8712561594608,false,"דאב תחליב רחיצה להזנה עמוקה 750 מ""ל","יוניליוור גרמניה, Gmbh &",DE,תחליב רחצה להזנה עמוקה,,0.00,100.00,false,1.00,24.90,0.00,true,0,
8712561611183,false,דאב סבון נוזלי 500 תמציות מלפפונים ותה,"יוניליוור גרמניה, Gmbh &",,תחליב רחצה מלפפון ותה ירוק,"מ""ל",500.00,100.00,false,1.00,17.90,0.00,true,0,
8712561611411,false,"תחליב רחצה בניחוח מלפפון ותה ירוק דאב 750 מ""ל","יוניליוור גרמניה, Gmbh &",DE,תחליב רחצה בניחוח מלפפון ותה ירוק,"מ""ל",750.00,100.00,false,1.00,24.90,0.00,true,0,
8712561626286,false,"תחליב רחצה דאב זוהר כמשי 750 מ""ל",יוניליוור גרמניה (בו,DE,תחליב רחצה משי עדין,,0.00,100.00,false,1.00,24.90,0.00,true,0,
8712561631570,false,"תחליב רחצה קוקוס ויסמין דאב 750 מ""ל",יוניליוור גרמניה (בו,DE,תחליב רחצה יסמין וחלב קוקוס,,0.00,100.00,false,1.00,24.90,0.00,true,0,
8712561646024,false,"תחליב רחצה קרם פיסטוק ומגנוליה דאב 750 מ""ל","יוניליוור גרמניה, Gmbh &",DE,תחליב רחצה קרם פיסטוק ומגנוליה,,0.00,100.00,false,1.00,24.90,0.00,true,0,
=======
8712400802512,false,תרכובת מזון המשך לפעוטות על בסיס חלב שלב 2,דיפלומט מפיצים (1968) בעמ**,,תרכובת מזון לתינוקות שלב 2,,0.00,100.00,false,1.00,69.90,0.00,true,0,
8712400802536,false,תרכובת מזון המשך לפעוטות על בסיס חלב שלב 3,דיפלומט מפיצים (1968) בעמ**,,תרכובת מזון לתינוקות שלב 3,,0.00,100.00,false,1.00,69.90,0.00,true,0,
8712561594240,false,"דאב תחליב רחצה להזנה עמוקה500 מ""ל-מרכז",יוניליוור ישראל שיווק בע`מ,,תחליב רחצה להזנה עמוקה,,0.00,100.00,false,1.00,17.90,0.00,true,0,
8712561594608,false,"דאב תחליב רחיצה להזנה עמוקה 750 מ""ל",יוניליוור ישראל שיווק בע`מ,DE,תחליב רחצה להזנה עמוקה,,0.00,100.00,false,1.00,24.90,0.00,true,0,
8712561611183,false,דאב סבון נוזלי 500 תמציות מלפפונים ותה,יוניליוור ישראל שיווק בע`מ,,תחליב רחצה מלפפון ותה ירוק,"מ""ל",500.00,100.00,false,1.00,17.90,0.00,true,0,
8712561611411,false,"תחליב רחצה בניחוח מלפפון ותה ירוק דאב 750 מ""ל",יוניליוור ישראל שיווק בע`מ,DE,תחליב רחצה בניחוח מלפפון ותה ירוק,"מ""ל",750.00,100.00,false,1.00,24.90,0.00,true,0,
8712561626286,false,תחליב רחצה זוהר כמשי דאב (750 מל),יוניליוור ישראל שיווק בע`מ,DE,תחליב רחצה משי עדין,,0.00,100.00,false,1.00,24.90,0.00,true,0,
8712561631570,false,"תחליב רחצה קוקוס ויסמין דאב 750 מ""ל",יוניליוור ישראל שיווק בע`מ,DE,תחליב רחצה יסמין וחלב קוקוס,,0.00,100.00,false,1.00,24.90,0.00,true,0,
8712561646024,false,"תחליב רחצה קרם פיסטוק ומגנוליה דאב 750 מ""ל","יוניליוור ישראל שיווק בע""מ",DE,תחליב רחצה קרם פיסטוק ומגנוליה,,0.00,100.00,false,1.00,24.90,0.00,true,0,
>>>>>>> d048ac2f4f281c9d788043ab4e81b61b0dbe3743
8712713883888,false,סטימודנט קיסם מבריש 40 יח,נורוליס,CN,קיסם מבריש גמיש ורך,,0.00,0.00,false,1.00,49.90,1.24,true,0,
8714100818879,false,לאב ביוטי א.פלנט גל ניקוי פנים עץ התה,יוניליוור,RU,ג'ל ניקוי פנים לעור נקי ורענן עץ התה,,0.00,100.00,false,1.00,16.90,0.00,true,0,
8714207410501,false,מולטי גין אקטיגל גל לטיפול בזיהום נרתיקי,מדיצי,,אקטיג'ל ג'ל מונע ומטפל זיהום בנרתיק,,0.00,100.00,false,1.00,69.90,0.01,true,0,
8714207420302,false,מולטי גין ליקוויגל מטפל מונע יובש בנרתיק,מדיצי,,ג'ל נוזלי מטפל ומקל ביובש נרתיקי,,0.00,100.00,false,1.00,59.90,0.01,true,0,
8714207430103,false,מולטי גין טבליות לשטיפה וגינלית 10 יח,מדיצי,,,,0.00,0.00,false,1.00,49.90,0.00,true,0,
8714207430820,false,מולטי גין דוש+טבליות לשטיפה וגינלית,מדיצי,,דוש+טבליות לשטיפה וגינאלית אינטימית,,0.00,0.00,false,1.00,79.90,0.00,true,0,
8714207441000,false,פאמיוואש - תחליב שטיפה אינטימית,מולטי-ג׳ין Multi-Gyn,,,,0.00,0.00,false,1.00,49.90,0.49,true,0,
8714207452501,false,פלורה פלוס - לטיפול ומניעה של פטרת הנרתיק,מולטי-ג׳ין Multi-Gyn,,פלורה פלוס לטיפול ומניעה של פטרת הנרתיק,,0.00,0.00,false,1.00,69.90,13.98,true,0,
8714207821208,false,מולטי מאם קומפרסים לפטמות,מדיצי,NL,קומפרסים לפטמות לאמהות מניקות,,0.00,0.00,false,1.00,59.90,4.99,true,0,
8714789177229,false,רבעיית מברשות שיניים קולגייט אקסטרה קלין 1 יחידה,הנסיך- מפעל לייצור ט,,אקסטרה קלין מברשות שיניים מארז,,0.00,0.00,false,1.00,15.90,0.00,true,0,
8714789218465,false,מברשת שיניים 360 סופט קולגייט 2 יחידות,הנסיך- מפעל לייצור ט,,360 מברשות שיניים עם סיבים רכים,,0.00,0.00,false,1.00,39.90,0.00,true,0,
8714789303925,false,מברשת שיניים 360 סנסטיב רכה במיוחד קולגייט 2 יחידות,קולגייט- פלמוליב,,מברשת שיניים,,0.00,0.00,false,1.00,24.90,12.45,true,0,
8714789402918,false,נוזל לניקוי כללי ורצפות בניחוח פרחי בר אג'קס 1.5 ליטר,הנסיך- מפעל לייצור ט,GR,נוזל לניקוי רצפות בניחוח פרחים אדומים,,0.00,1.00,false,1.00,19.90,13.26,true,0,
8714789529561,false,"משחת שיניים סנסטיב פרו ריליף להלבנה קולגייט 75 מ""ל",קולגייט-פלמוליב,,משחה לשיניים רגישות,,0.00,100.00,false,1.00,25.90,0.00,true,0,
8714789582764,false,אג'קס ספריי לניקוי חלונות ומשטחים,הנסיך- מפעל לייצור ט,,פעולה משולשת לניקוי חלונות ומשטחים,,0.00,100.00,false,1.00,16.90,0.00,true,0,
8714789754451,false,אלמקס משחת שיניים פרופשיונל סנסטיב 75 מל,שסטוביץ,PL,משחת שיניים פרופשיונל סנסיטיב לשיניים רגישות,,0.00,100.00,false,1.00,29.90,0.00,true,0,
8714789831275,false,מברשת שיניים 360 אופטיק ווייט קולגייט 2 יחידות,קולגייט-פלמוליב,,מברשת שיניים,,0.00,0.00,false,1.00,39.90,19.95,true,0,
8714789835112,false,קולגייט מברשת360 אופטיק וייט סופט חשמלית,ש.שסטוביץ בעמ,,מברשת שיניים חשמלית 360 אופטיק ווייט,,0.00,0.00,false,1.00,69.90,69.90,true,0,
8714789930848,false,"משחת שיניים אופטיק וייט הלבנה מיידית קולגייט 75 מ""ל",איינשטיין-צור יבוא-יצוא וסחר ב,,משחת שיניים אופטיק ווייט אינסטנט מסייעת בשמירה על שיניים לבנות,,0.00,100.00,false,1.00,21.90,0.00,true,0,
8714789966403,false,ליידי ספיד סטיק פרו 5 ג`ל 65 גרם,קולגייט פלמוליב,US,דאודורנט ג'ל פרו 5,,0.00,100.00,false,1.00,14.90,0.00,true,0,
8717163607305,false,דאב סבון מוצק גרגירים לעיסוי עדין *4,יוניליוור ישראל שיווק בע`מ,,סבון מוצק עם גרגרים,גרם,400.00,100.00,false,1.00,18.90,0.00,true,0,
8717163628355,false,"מרכך טרזמה להחלקה וצביעה 400 מ""ל","יוניליוור ישראלשיווק בע""מ",PL,מרכך ללא סולפטים לשיער שעבר החלקה או צביעה,,0.00,100.00,false,1.00,23.90,0.00,true,0,
8717163628812,false,מסכה טרזמה ללא סולפטים להחלקה ולצביעה300,"יוניליוור ישראלשיווק בע""מ",PL,מסכה להחלקה ולצביעה,,0.00,100.00,false,1.00,34.90,0.00,true,0,
8717163647226,false,"אקס דאודורנט ספריי גוף בלאק 150 מ""ל",יוניליוור ישראל שיווק בע`מ,GB,דאודורנט ספריי גוף בלאק,,0.00,100.00,false,1.00,12.90,0.00,true,0,
8717163647240,false,"אקס דאודורנט ספריי גוף לגבר שוקולד 150 מ""ל",יוניליוור ישראל שיווק בע`מ,GB,דאודורנט ספריי גוף שוקולד,,0.00,100.00,false,1.00,12.90,0.00,true,0,
8717163647301,false,אקס דאודורנט ספריי גולד לגבר 150 מל,"יוניליוור ישראל שיווק בע""מ",GB,דאודורנט ספריי 48H גולד,,0.00,100.00,false,1.00,12.90,0.00,true,0,
8717163655764,false,"רקסונה - דאודורנט ספריי לאישה שוואר פרש 150 מ""ל","יוניליוור ישראל שיווק בע""מ",GB,דאודורנט ספריי שאוור פרש לאשה,,0.00,100.00,false,1.00,17.90,0.00,true,0,
8717163655825,false,"רקסונה דאו' ספריי לנשים בניחוח כותנה, 150 מ""ל","יוניליוור ישראל שיווק בע""מ",GB,דאודורנט ספריי כותנה לאישה,,0.00,100.00,false,1.00,17.90,0.00,true,0,
8717163658314,false,תחליב רחצה מים מיסלריים היפואלרגני לעור רגיש,יוניליוור ישראל שיווק בעמ,DE,תחליב רחצה עם מים מיסלריים מתאים לעור רגיש היפואלרגני,,0.00,100.00,false,1.00,17.90,0.00,true,0,
8717163687819,false,דאב תחליב רחצה שיבולת שועל ודבש 500 מל,יוניליוור גרמניה (מנ,DE,תחליב רחצה שיבולת שועל ודבש,,0.00,100.00,false,1.00,8.00,0.00,true,0,
8717163714850,false,דאודורנט ספריי קוקוס ויסמין( 150 מל),"יוניליוור ישראל שיווק בע""מ",GB,דאודורנט ספריי קוקוס ויסמין,,0.00,100.00,false,1.00,13.90,0.00,true,0,
8717163719954,false,סימפל קרם לחות נוזלי קליל 50 מל,יוניליוור,HU,קרם לחות נוזלי קליל,,0.00,100.00,false,1.00,45.90,0.00,true,0,
8717163842669,false,"תחליב רחצה דאב חימר ירוק 500 מ""ל purifying",יוניליוור ישראל שיווק בעמ,DE,תחליב רחצה חימר ירוק,,0.00,100.00,false,1.00,17.90,0.00,true,0,
8717163842676,false,"תחליב רחצה חימר ורוד renewing glow דאב 500 מ""ל",יוניליוור ישראל שיווק בעמ,DE,תחליב רחצה חימר ורוד,,0.00,100.00,false,1.00,17.90,0.00,true,0,
8717163866870,false,סימפל סרום למראה זוהר 50 מל,יוניליוור,HU,סרום למראה זוהר,,0.00,100.00,false,1.00,39.90,0.00,true,0,
8717163866900,false,סימפל קרם לחות למראה זוהר 40 מל,יוניליוור,HU,קרם לחות לעור זוהר,,0.00,100.00,false,1.00,45.90,0.01,true,0,
8717163866924,false,סימפל תרחיץ חימר למראה זוהר 150 מל,יוניליוור,PL,SENSITIVE SKIN EXPERTS תרחיץ חימר לעור עייף וחסר חיוניות,,0.00,100.00,false,1.00,35.90,0.00,true,0,
8717163866931,false,סימפל מסכת חימר מטהרת למראה זוהר 50 מל,יוניליוור,HU,מסיכת חימר מטהרת,,0.00,100.00,false,1.00,35.90,0.00,true,0,
8717163891735,false,"רקסונה ספריי וורקאאוט גברים 150 מ""ל",יוניליוור ישראל שיווק בעמ,GB,דאודורנט ספריי וורקאאוט לגבר,,0.00,100.00,false,1.00,17.90,0.00,true,0,
8717163934913,false,סימפל קרם לחות שמן המפ 50 מל,יוניליוור,PL,קרם לחות לפנים קרם לחות מרגיע,,0.00,100.00,false,1.00,45.90,0.00,true,0,
<<<<<<< HEAD
8717644390566,false,סבון מוצר רביעיה תמצית מלפפון ותה ירוק,יוניליוור גרמניה (מנ,,סבון מוצק מלפפון ותה ירוק,גרם,400.00,100.00,false,1.00,18.90,0.00,true,0,
8717677336593,false,טוניס שוקולד חלב 180 גרם רבנות - נוכרי,טוניס/שוקולונלי,NL,שוקולונלי שוקולד חלב,,0.00,100.00,false,1.00,18.90,0.00,true,0,
8717677338436,false,שוקולד חלב עם אגוזי לוז טוניס' שוקולונלי 180 גרם,טוניס/שוקולונלי,NL,שוקולונלי שוקולד חלב עם אגוזי לוז,,0.00,100.00,false,1.00,18.90,0.00,true,0,
8718117607662,false,נוטרילון A.R תרכובת מזון מגיל לידה,נוטרישה-נוטרילון,NL,AR תרכובת מזון לתינוקות על בסיס מוצקי חלב,,0.00,100.00,false,1.00,114.20,0.00,true,0,
8718117608904,false,נוטרילון פגים 900 גרם,נוטרישיה קאלק,NL,תרכובת מזון לפגים ותינוקות משקל לידה נמוך על בסיס חלב,,0.00,100.00,false,1.00,89.90,0.00,true,0,
8718951030169,false,"קולגייט סנסיטיב הלבנה המסייעת בהגנה לשיניים רגישות 75 מ""ל",קולגייט Colgate,PL,סנסיטיב משחת שיניים רגישות להלבנה,,0.00,100.00,false,1.00,19.90,0.00,true,0,
8718951030206,false,"קולגייט סנסיטיב פרוטקשן משחת שיניים לשיניים רגישות 75 מ""ל",קולגייט-פלמוליב,PL,משחת שיניים רגישות מולטי פרוטקשן,,0.00,100.00,false,1.00,19.90,0.00,true,0,
8718951031241,false,אלמקס משחת שיניים פרופשיונל 75 מל,שסטוביץ,PL,משחת שיניים פרופשיונל להגנה מפני עששת,,0.00,100.00,false,1.00,10.00,0.00,true,0,
8718951044913,false,מרידול משחת שיניים להלבנה 75 מל,קולגייט פלמוליב,PL,משחת שיניים הלבנה להגנה על החניכיים,,0.00,100.00,false,1.00,21.90,0.00,true,0,
=======
8717644390566,false,דאב סבון מוצק רביעייה- מלפפונים ותה ירו,יוניליוור ישראל שיווק בע`מ,,סבון מוצק מלפפון ותה ירוק,גרם,400.00,100.00,false,1.00,18.90,0.00,true,0,
8717677336593,false,טוניס שוקולד חלב 180 גרם רבנות - נוכרי,ליימן שליסל בע`מ,NL,שוקולונלי שוקולד חלב,,0.00,100.00,false,1.00,18.90,0.00,true,0,
8717677338436,false,שוקולד חלב עם אגוזי לוז טוניס' שוקולונלי 180 גרם,ליימן שליסל בע`מ,NL,שוקולונלי שוקולד חלב עם אגוזי לוז,,0.00,100.00,false,1.00,18.90,0.00,true,0,
8718117607662,false,נוטרילון A.R תרכובת מזון מגיל לידה,דיפלומט מפיצים (1968) בעמ**,NL,AR תרכובת מזון לתינוקות על בסיס מוצקי חלב,,0.00,100.00,false,1.00,114.20,0.00,true,0,
8718117608904,false,נוטרילון פגים 900 גרם,נוטרישיה קאלק,NL,תרכובת מזון לפגים ותינוקות משקל לידה נמוך על בסיס חלב,,0.00,100.00,false,1.00,89.90,0.00,true,0,
8718951030169,false,"קולגייט סנסיטיב הלבנה המסייעת בהגנה לשיניים רגישות 75 מ""ל",ש. שסטוביץ בע`מ,PL,סנסיטיב משחת שיניים רגישות להלבנה,,0.00,100.00,false,1.00,19.90,0.00,true,0,
8718951030206,false,"קולגייט סנסיטיב פרוטקשן משחת שיניים לשיניים רגישות 75 מ""ל",קולגייט-פלמוליב,PL,משחת שיניים רגישות מולטי פרוטקשן,,0.00,100.00,false,1.00,19.90,0.00,true,0,
8718951031241,false,אלמקס משחת שיניים פרופשיונל 75 מל,ש.שסטוביץ בעמ,PL,משחת שיניים פרופשיונל להגנה מפני עששת,,0.00,100.00,false,1.00,10.00,0.00,true,0,
8718951044913,false,משחת שיניים הלבנה מרידול (75 מל),קולגייט פלמוליב,PL,משחת שיניים הלבנה להגנה על החניכיים,,0.00,100.00,false,1.00,21.90,0.00,true,0,
>>>>>>> d048ac2f4f281c9d788043ab4e81b61b0dbe3743
8718951079205,false,"קולגייט סנסיטיב פרו רליף רפיר אנד פריוונט 75 מ""ל",קולגייט-פלמוליב,PL,משחת שיניים רגישות,,0.00,100.00,false,1.00,25.90,0.00,true,0,
8718951093331,false,מרידול זוג מברשות שיניים אקסטרה סופט,קולגייט פלמוליב,CH,מברשות שיניים רכות במיוחד לחניכיים רגישות,,0.00,0.00,false,1.00,39.90,19.95,true,0,
8718951144064,false,מרידול מברשת שיניים פרודונט אקספרט זוג,"ש. שסטוביץ בע""\מ",CH,מברשת שיניים לחניכים רגישות פרודונט אקספרט,,0.00,0.00,false,1.00,39.90,0.00,true,0,
8718951166288,false,"משחת שיניים קולגייט מקס וייט 125 מ""ל",הנסיך- מפעל לייצור ט,PL,משחת שיניים מקס ווייט עם קריסטלים לבנים לנשימה רעננה,,0.00,100.00,false,1.00,22.90,0.00,true,0,
8718951166561,false,משחת שיניים לרעננות מוגברת max fresh cooling crystals,הנסיך- מפעל לייצור ט,PL,משחת שיניים מקס פרש,,0.00,100.00,false,1.00,22.90,0.00,true,0,
8718951170445,false,"קולגייט סמיילס משחת שיניים ילדים גילאי 2-5 50 מ""ל",קולגייט פלמוליב,PL,משחת שיניים ילדים סמיילס גיל 2-5 בטעם שילדים אוהבים לשיני חלב,,0.00,100.00,false,1.00,14.90,0.00,true,0,
8718951175280,false,"קולגייט טוטאל משחת שיניים פרו ויזבל אקשן עם קצף פעיל 75 מ""ל",ש.שסטוביץ בעמ,PL,משחת שיניים טוטאל פרו ויזיבל אקשן קצף פעיל,,0.00,100.00,false,1.00,21.90,0.00,true,0,
8718951175600,false,"משחת שיניים קולגייט אוטאל קליין מינט 75 מ""ל",ש.שסטוביץ בעמ,PL,משחת שיניים טוטאל קלין מינט מסייע לשיניים רגישות,,0.00,100.00,false,1.00,9.90,0.00,true,0,
8718951175631,false,מש.שיניים קולגייט טוטל פרו גאם אקשן 75מל,ש. שסטוביץ בע`מ,PL,משחת שיניים לחניכיים טוטאל פרו גאם מסייעת בבעיות חניכיים ושיניים רגישות,,0.00,0.00,false,1.00,21.90,0.21,true,0,
8718951176874,false,קולגייט שטיפת פה לילדים מיניונים 250 מל,קולגייט-פלמוליב,PL,שטיפת פה לילדים מיניונים לגילאי 6-12 בטעם מנטה עדין,,0.00,100.00,false,1.00,17.90,0.00,true,0,
8718951187122,false,זוג מברשות שיניים אלמקס לילדים גילאי 0-3,ש.שסטוביץ בעמ,CN,מברשות שיניים לילדים בגילאי 0-3 ניקוי לשיניים ראשונות,,0.00,0.00,false,1.00,27.90,13.95,true,0,
8718951236790,false,"קולגייט טוטאל משחת שיניים קלין מינט לפה בריא 100 מ""ל",קולגייט פלמוליב,PL,משחת שיניים טוטאל קלין מינט מסייע לשיניים רגישות,,0.00,0.00,false,1.00,21.90,0.21,true,0,
8718951236806,false,"קולגייט טוטאל הלבנה משחת שיניים המסייעת בהסרת כתמים 100 מ""ל",ש. שסטוביץ בע`מ,PL,משחת שיניים טוטאל הלבנה לפה בריא יותר 12 שעות הגנה,,0.00,0.00,false,1.00,21.90,0.21,true,0,
8718951236813,false,"קולגייט טוטאל משחת שיניים ניקוי מתקדם לפה בריא יותר 100 מ""ל",קולגייט פלמוליב,PL,משחת שיניים טוטאל ניקוי מתקדם מסייע לשיניים רגישות,,0.00,0.00,false,1.00,21.90,0.21,true,0,
<<<<<<< HEAD
8718951240742,false,"קולגייט טוטאל משחת שיניים פסים מרעננים 100 מ""ל",קולגייט פלמוליב,PL,משחת שיניים,,0.00,0.00,false,1.00,21.90,0.21,true,0,
8718951248656,false,"פלמוליב תחליב רחצה פרוטאין 500 מ'""ל",שסטוביץ,TR,תחליב רחצה חלב פרוטאין,,0.00,100.00,false,1.00,8.00,0.00,true,0,
8718951253995,false,ליידי ספיד סטיק פיטנס דאו גל 65 גרם,שסטוביץ,US,דאודורנט ג'ל פיטנס,,0.00,100.00,false,1.00,29.90,0.00,true,0,
8718951254527,false,קולגייט משחה סנסיטיב פרו רליף חוזק מוגבר,קולגייט פלמוליב,PL,משחת שיניים רגישות,,0.00,100.00,false,1.00,27.90,0.00,true,0,
8718951259409,false,"פלמוליב תחליב רחצה נטורלס לעור עדין 750 מ""ל",קולגייט פלמוליב,IT,תחליב רחצה לעור עדין עם לחות מוגברת,,0.00,100.00,false,1.00,25.90,0.00,true,0,
8718951264618,false,"קולגייט אופטיק וייט פחם צ'רקול משחת שיניים, 75 מ""ל",קולגייט-פלמוליב,PL,משחת שיניים אופטיק וויט פחם,,0.00,100.00,false,1.00,31.90,0.00,true,0,
=======
8718951240742,false,"קולגייט טוטאל משחת שיניים פסים מרעננים 100 מ""ל",איינשטיין-צור יבוא-יצוא וסחר ב,PL,משחת שיניים,,0.00,0.00,false,1.00,21.90,0.21,true,0,
8718951248656,false,"פלמוליב תחליב רחצה פרוטאין 500 מ'""ל",ש.שסטוביץ בעמ,TR,תחליב רחצה חלב פרוטאין,,0.00,100.00,false,1.00,8.00,0.00,true,0,
8718951253995,false,ליידי ספיד סטיק פיטנס דאו גל 65 גרם,שסטוביץ,US,דאודורנט ג'ל פיטנס,,0.00,100.00,false,1.00,29.90,0.00,true,0,
8718951254527,false,קולגייט משחה סנסיטיב פרו רליף חוזק מוגבר,קולגייט פלמוליב,PL,משחת שיניים רגישות,,0.00,100.00,false,1.00,27.90,0.00,true,0,
8718951259409,false,"פלמוליב תחליב רחצה נטורלס לעור עדין 750 מ""ל",קולגייט פלמוליב,IT,תחליב רחצה לעור עדין עם לחות מוגברת,,0.00,100.00,false,1.00,25.90,0.00,true,0,
8718951264618,false,"קולגייט אופטיק וייט פחם צ'רקול משחת שיניים, 75 מ""ל",איינשטיין-צור יבוא-יצוא וסחר ב,PL,משחת שיניים אופטיק וויט פחם,,0.00,100.00,false,1.00,31.90,0.00,true,0,
>>>>>>> d048ac2f4f281c9d788043ab4e81b61b0dbe3743
8718951265103,false,קולגייט זוג מברשת שיניים אולטרה סופט,קולגייט פלמוליב,CN,מברשת שיניים אולטרה סופט לניקוי עדין ויעיל,,0.00,0.00,false,1.00,41.90,20.95,true,0,
8718951273610,false,פלאקס מי פה 100 מל כחול מנטה לרעננות מוג,שסטוביץ,,מי פה פלאקס כחול מנטה נשימה רעננה ללא אלכוהול,,0.00,0.00,false,1.00,6.90,0.06,true,0,
8718951281738,false,אלמקס סנסיטיב משחה לשיניים רגישות,ש.שסטוביץ בעמ,PL,סנסיטיב משחת שיניים לשיניים רגישות,,0.00,100.00,false,1.00,19.90,0.00,true,0,
8718951286672,false,קולגייט משחת שיניים Gum Invigorate,שסטוביץ,PL,משחת שיניים לחניכיים Gum Invigorate,,0.00,100.00,false,1.00,31.90,0.00,true,0,
8718951286733,false,"קולגייט אופטיק וייט לסטינג וייט משחת שיניים 75 מ""ל",ש. שסטוביץ בע`מ,PL,משחת שיניים אופטיק וויט לסטינג וויט,,0.00,100.00,false,1.00,31.90,0.00,true,0,
8718951289833,false,פלמוליב סבון מוצק רביעייה לומינוס 360 ג,קולגייט פלמוליב,TR,סבון מוצק שמני לומינוס שקדים וקמיליה,,0.00,100.00,false,1.00,6.00,0.00,true,0,
8718951290150,false,קולגייט שטיפת פה Gum Invigorate,ש.שסטוביץ בעמ,PL,מי פה לחניכיים Gum Invigorate רעננות וטיהור החניכיים,,0.00,100.00,false,1.00,36.90,0.00,true,0,
8718951302068,false,"קולגייט במבוק מברשת עם סיבי פחם, 750 מ""ל",שסטוביץ,,מברשת שיניים במבוק ופחם עץ,,0.00,0.00,false,1.00,29.90,0.00,true,0,
8718951313927,false,"סבון ידיים משאבה פלמוליב חימר טונוס 300 מ""ל",ש.שסטוביץ בעמ,TR,סבון ידיים חימר טונוס,,0.00,100.00,false,1.00,9.90,0.00,true,0,
8718951314023,false,פלמוליב נטורלס תחליב רחצה אפרסק 750 מל,קולגייט פלמוליב,TR,נטורלס תחליב רחצה מועשר בתמציות אפרסק,,0.00,100.00,false,1.00,25.90,0.00,true,0,
8718951315303,false,"קולגייט אדומה משחת שיניים להגנה מפני עששת 2*100 מ""ל",קולגייט-פלמוליב,PL,משחת שיניים אדומה להגנה מקסימלית מפני עששת מארז,,0.00,100.00,false,1.00,18.90,0.00,true,0,
8718951319059,false,קולגייט מקס וויט אולטימייט 75 מל,שסטוביץ,US,משחת שיניים להלבנה אולטימטיבית וויט אולטימט,,0.00,100.00,false,1.00,89.90,0.01,true,0,
<<<<<<< HEAD
8718951319806,false,פלמוליב לגבר גל רחצה ושמפו מרענן 750 משא,פלמוליב Palmolive,TR,ג'ל רחצה ושמפו מרענן לגבר 2ב1 עם משאבה,,0.00,100.00,false,1.00,21.90,0.00,true,0,
=======
8718951319806,false,פלמוליב לגבר גל רחצה ושמפו מרענן 750 משא,ש. שסטוביץ בע`מ,TR,ג'ל רחצה ושמפו מרענן לגבר 2ב1 עם משאבה,,0.00,100.00,false,1.00,21.90,0.00,true,0,
>>>>>>> d048ac2f4f281c9d788043ab4e81b61b0dbe3743
8718951320093,false,זוג מברשות 360 אדוונס וויט שיניים קולגייט,קולגייט-פלמוליב,CN,מברשת שיניים אדוונס,,0.00,0.00,false,1.00,41.90,20.95,true,0,
8718951350137,false,"פלמוליב תחליב רחצה מקדמיה וקקאו עם חמאת שיאה 750 מ""ל",קולגייט פלמוליב,IT,תחליב רחצה מקדמיה וקקאו עם חמאת שיאה,,0.00,100.00,false,1.00,25.90,0.00,true,0,
8718951365865,false,קולגייט זוג מברשות עם סיבי פחם בצפיפות ג,קולגייט פלמוליב,PL,מברשות עם סיבי פחם בצפיפות גבוהה עדינים לחניכיים,,0.00,0.00,false,1.00,41.90,20.95,true,0,
8718951366015,false,"קולגייט - משחת שיניים אופטיק וויט אקס קומפ 75 מ""ל",ש.שסטוביץ בעמ,PL,משחת שיניים אופטיק ווייט אקספרט קומפליט,,0.00,100.00,false,1.00,54.90,0.00,true,0,
8718951369092,false,פלמוליב נטורלס ס.נוזלי 500 מועשר בלחות,שסטוביץ,TR,נטורלס סבון מועשר בלחות,,0.00,100.00,false,1.00,8.00,0.00,true,0,
8718951370135,false,"סבון נוזלי ארומה סנסיישן גלואו 750 מ""ל פלמוליב",קולגייט פלמוליב,TR,ג'ל רחצה ארומה סנסיישן גלואו משאבה,,0.00,100.00,false,1.00,21.90,0.00,true,0,
8718951377998,false,קולגייט סופט פואם זוג מברשות שיניים לניק,קולגייט פלמוליב,CN,סופט פואם מברשות שיניים לניקוי יסודי,,0.00,0.00,false,1.00,41.90,20.95,true,0,
8718951381292,false,"משחת שיניים מקס דיטוקס פואם קולגייט 125 מ""ל",ש. שסטוביץ בע`מ,PL,משחת שיניים מקס פרש דיטוקס פואם לתחושת רעננות,,0.00,100.00,false,1.00,22.90,0.00,true,0,
8718951382640,false,פלמוליב גל רחצה חימר דיטוקס משאבה 750,קולגייט פלמוליב,TR,ג'ל רחצה חימר - דיטוקס,,0.00,100.00,false,1.00,23.90,0.00,true,0,
8718951382718,false,"פלמוליב ג`ל רחצה חימר התחדשות 750 מ""ל",קולגייט פלמוליב,TR,ג'ל רחצה חימר - התחדשות,,0.00,100.00,false,1.00,23.90,0.00,true,0,
8718951382787,false,"משחת שיניים אופטיק וויט חימר ומינרלים 75 מ""ל קולגייט",ש.שסטוביץ בעמ,PL,משחת שיניים אופטיק וויט חימר ומינרלים,,0.00,100.00,false,1.00,31.90,0.00,true,0,
8718951400474,false,"תחליב רחצה קמליה ושקדים ללא משאבה750 מ""ל פלמולי",קולגייט פלמוליב,TR,תחליב רחצה קמליה ושקדים,,0.00,100.00,false,1.00,25.90,0.00,true,0,
8718951400597,false,"תחליב רחצה קוקוס וחלב ללא משאבה750 מ""ל פלמוליב",קולגייט פלמוליב,TR,תחליב רחצה קוקוס וחלב,,0.00,100.00,false,1.00,25.90,0.00,true,0,
8718951409798,false,זוג מברשות שיניים מקס וויט פחם קולגייט,הנסיך- מפעל לייצור ט,PL,מברשות שיניים מקס הלבנה עם פחם,,0.00,0.00,false,1.00,27.90,0.00,true,0,
8718951412378,false,משחת שיניים לחניכיים רגישות ולנשימה רעננה,קולגייט פלמוליב,PL,משחת שיניים הגנה לחניכיים ונשימה רעננה,,0.00,100.00,false,1.00,27.90,0.00,true,0,
<<<<<<< HEAD
8718951415836,false,קולגייט מי פה פלאקס פחם לחיוך לבן 500 מל,קולגייט Colgate,PL,מי פה פלאקס פחם לחיוך לבן,,0.00,100.00,false,1.00,36.90,0.00,true,0,
8718951423558,false,"פלמוליב סבון רחצה גוף ונשמה קמומיל 750 מ""ל",שסטוביץ,TR,BODY & MIND ג'ל רחצה מרגיע מועשר בתמציות קמומיל ושמנים,,0.00,100.00,false,1.00,25.90,0.00,true,0,
8718951423572,false,"פלמוליב סבון רחצה גוף ונשמה קוקוס 750 מ""ל",שסטוביץ,TR,BODY & MIND ג'ל רחצה מועשר בשמן קוקוס ושמן חוחובה,,0.00,100.00,false,1.00,25.90,0.00,true,0,
8718951428522,false,"פלמוליב סבון רחצה לגבר 4 ב-1 המפ 750 מ""ל",שסטוביץ,TR,ג'ל רחצה לגבר באלנס 4ב1 משאבה,,0.00,100.00,false,1.00,21.90,0.00,true,0,
=======
8718951415836,false,קולגייט מי פה פלאקס פחם לחיוך לבן 500 מל,ש.שסטוביץ בעמ,PL,מי פה פלאקס פחם לחיוך לבן,,0.00,100.00,false,1.00,36.90,0.00,true,0,
8718951423558,false,"פלמוליב סבון רחצה גוף ונשמה קמומיל 750 מ""ל",שסטוביץ,TR,BODY & MIND ג'ל רחצה מרגיע מועשר בתמציות קמומיל ושמנים,,0.00,100.00,false,1.00,25.90,0.00,true,0,
8718951423572,false,"פלמוליב סבון רחצה גוף ונשמה קוקוס 750 מ""ל",שסטוביץ,TR,BODY & MIND ג'ל רחצה מועשר בשמן קוקוס ושמן חוחובה,,0.00,100.00,false,1.00,25.90,0.00,true,0,
8718951428522,false,"פלמוליב סבון רחצה לגבר 4 ב-1 המפ 750 מ""ל",ש.שסטוביץ בעמ,TR,ג'ל רחצה לגבר באלנס 4ב1 משאבה,,0.00,100.00,false,1.00,21.90,0.00,true,0,
>>>>>>> d048ac2f4f281c9d788043ab4e81b61b0dbe3743
8718951431614,false,"סבון רחצה פלמוליב סו פירם מינרלים משאבה 750 מ""ל",קולגייט פלמוליב,TR,ג'ל רחצה סו פירמינג,,0.00,100.00,false,1.00,21.90,0.00,true,0,
8718951433120,false,קולגייט טוטאל משחת שיניים לילדים לגילאי,קולגייט פלמוליב,PL,משחת שיניים ילדים טוטאל לגילאי 7-12 שנים,,0.00,100.00,false,1.00,17.90,0.00,true,0,
8718951466371,false,מרידול משחת לחניכיים רגישות 75 מל,קולגייט פלמוליב,PL,משחת שיניים מסייעת בטיפול ומניעה של בעיות חניכיים,,0.00,100.00,false,1.00,19.90,0.00,true,0,
8718951470323,false,קולגייט סופט פואם פחם זוג מברשות שיניים,קולגייט פלמוליב,CN,סופט פואם פחם זוג מברשות שיניים לניקוי יסודי,,0.00,0.00,false,1.00,41.90,20.95,true,0,
8718951471061,false,ליידי ספיד סטיק זירו קוקוס ספריי 150 מל,General,RU,דאודורנט ספריי בניחוח זירו קוקוס מרענן,,0.00,100.00,false,1.00,26.90,0.00,true,0,
8718951471085,false,ליידי ספיד סטיק זירו ורד ספריי 150 מל,General,RU,דאודורנט ספריי זירו בניחוח עלי כותרת של ורדים,,0.00,100.00,false,1.00,26.90,0.00,true,0,
8718951477384,false,"קולגייט משחת שיניים טוטאל ג'ל מתקדם פיור 75 מ""ל",קולגייט פלמוליב,PL,משחת שיניים טוטאל ג'ל ניקוי מרענן עם 12 שעות הגנה,,0.00,100.00,false,1.00,21.90,0.00,true,0,
8718951503816,false,קולגייט מברשת סלים סופט זוג מלח הימלאיה,שסטוביץ,CN,מברשת שיניים סלים סופט - מלח הימלאיה,,0.00,0.00,false,1.00,31.90,15.95,true,0,
8718951503830,false,קולגייט מברשת סלים סופט זוג זרעי המפ,שסטוביץ,CN,מברשת שיניים סלים סופט - שמן זרעי המפ,,0.00,0.00,false,1.00,31.90,15.95,true,0,
8718951509627,false,"קולגייט אופטיק וייט לאוהבי קפה ותה משחת שיניים 75 מ""ל",קולגייט פלמוליב,PL,"משחת שיניים אופטיק וויט לאוהבי קפה, תה וטבק",,0.00,100.00,false,1.00,31.90,0.00,true,0,
8718951512047,false,פלמוליב סופר פוד ס.נוזלי 500 אסאי ושיבול,שסטוביץ,TR,סופר פוד- ג'ל רחצה תמציות אסאי ושיבולת שועל,,0.00,100.00,false,1.00,21.90,0.00,true,0,
8718951512153,false,פלמוליב סופר פוד ס.נוזלי 500 אשכולית וגי,שסטוביץ,TR,סופר פוד- ג'ל רחצה תמציות אשכולית וג'ינגר,,0.00,100.00,false,1.00,21.90,0.00,true,0,
<<<<<<< HEAD
8720181043093,false,"דאו אקס ספריי גוף לגבר אפולו 150 מ""ל","יוניליוור אנגליה, דרך קו",GB,דאודורנט ספריי גוף אפולו,,0.00,100.00,false,1.00,12.90,0.00,true,0,
8720181045912,false,"אקס דאודורנט ספריי גוף אפריקה 150 מ""ל","יוניליוור אנגליה, דרך קו",GB,דאודורנט ספריי גוף אפריקה,,0.00,100.00,false,1.00,12.90,0.00,true,0,
8720181046605,false,דאב - דאודורנט ספריי לאישה אורגינל כחול 150מל,"יוניליוור אנגליה, דרך קו",GB,דאודורנט ספריי אוריגינל,,0.00,100.00,false,1.00,13.90,0.00,true,0,
8720181046612,false,"דאב - דאודורנט רול און לאישה אורגינל 50 מ""ל","יוניליוור אנגליה, דרך קו",GB,דאודורנט רול און כחול אורגינל,,0.00,100.00,false,1.00,12.90,0.00,true,0,
8720181090202,false,"תחליב רחצה דאב עם שמן זית, 750 מ""ל","יוניליוור גרמניה, Gmbh &",DE,תחליב רחצה עם שמן זית,,0.00,100.00,false,1.00,24.90,0.00,true,0,
8720181090219,false,תחליב רחצה רימונים ותמצית פרח היביסקוס,"יוניליוור גרמניה, Gmbh &",DE,תחליב רחצה רימונים ותמצית פרח היביסקוס,,0.00,100.00,false,1.00,24.90,0.00,true,0,
8720181123955,false,"אקס - ג'ל רחצה ריצארג קריד 400 מ""ל",יוניליוור גרמניה Gmbh &,GB,RECHARGE ג'ל רחצה לגבר 3 ב-1,,0.00,100.00,false,1.00,16.90,0.00,true,0,
=======
8720181043093,false,"דאו אקס ספריי גוף לגבר אפולו 150 מ""ל",יוניליוור ישראל שיווק בע`מ,GB,דאודורנט ספריי גוף אפולו,,0.00,100.00,false,1.00,12.90,0.00,true,0,
8720181045912,false,"אקס דאודורנט ספריי גוף אפריקה 150 מ""ל",יוניליוור ישראל שיווק בע`מ,GB,דאודורנט ספריי גוף אפריקה,,0.00,100.00,false,1.00,12.90,0.00,true,0,
8720181046605,false,דאב - דאודורנט ספריי לאישה אורגינל כחול 150מל,יוניליוור ישראל שיווק בע`מ,GB,דאודורנט ספריי אוריגינל,,0.00,100.00,false,1.00,13.90,0.00,true,0,
8720181046612,false,"דאב - דאודורנט רול און לאישה אורגינל 50 מ""ל",יוניליוור ישראל שיווק בע`מ,GB,דאודורנט רול און כחול אורגינל,,0.00,100.00,false,1.00,12.90,0.00,true,0,
8720181090202,false,"תחליב רחצה דאב עם שמן זית, 750 מ""ל",יוניליוור ישראל שיווק בע`מ,DE,תחליב רחצה עם שמן זית,,0.00,100.00,false,1.00,24.90,0.00,true,0,
8720181090219,false,תחליב רחצה רימונים ותמצית פרח היביסקוס,יוניליוור ישראל שיווק בע`מ,DE,תחליב רחצה רימונים ותמצית פרח היביסקוס,,0.00,100.00,false,1.00,24.90,0.00,true,0,
8720181123955,false,"אקס - ג'ל רחצה ריצארג קריד 400 מ""ל","יוניליוור ישראלשיווק בע""מ",GB,RECHARGE ג'ל רחצה לגבר 3 ב-1,,0.00,100.00,false,1.00,16.90,0.00,true,0,
>>>>>>> d048ac2f4f281c9d788043ab4e81b61b0dbe3743
8720181201332,false,דאב אל סבון מוצק גרגרים 90 גרם רביעייה,יוניליוור ישראל טיפוח אי,,סבון מוצק גרגרים,,0.00,100.00,false,1.00,16.90,0.00,true,0,
8720181204111,false,"אקס תחליב רחצה אפיק פרש 400 מ""ל",יוניליוור ישראל שיווק בע`מ,DE,ג'ל רחצה אפיק פרש לגבר,,0.00,100.00,false,1.00,16.90,0.00,true,0,
8720181222672,false,דאב קר&נייטצר תחליב רחצה 750 שמן קוקוס ו,יוניליוור,DE,CARE BY NATURE תחליב רחצה עם שמן קוקוס ותמצית שקדים,,0.00,100.00,false,1.00,26.90,0.00,true,0,
8720181222733,false,דאב קר&נייטצר תחליב רחצה 750 חמאת מנגו ו,יוניליוור,DE,CARE BY NATURE תחליב רחצה חמאת מנגו ותמצית שקדים,,0.00,100.00,false,1.00,26.90,0.00,true,0,
8720182253156,false,דאב אל סבון מוצק מלפפונים 90 גרם רביעייה,יוניליוור ישראל טיפוח אי,,סבון מוצק מלפפונים,,0.00,100.00,false,1.00,16.90,0.00,true,0,
8720182256850,false,דאב אל סבון מוצק קלאסי 90 גרם רביעייה,יוניליוור ישראל שיווק בע`מ,,סבון מוצק קלאסי,,0.00,100.00,false,1.00,16.90,0.00,true,0,
8720689001175,false,ONE BLADE מכשיר לעיצוב זיפים להב 360,כמיפל,ID,"ONE BLADE, מכשיר לעיצוב זיפים 60 דקות פעולה - להב 360 חדשני מתכוונן",,0.00,0.00,false,1.00,279.90,0.00,true,0,
8801055709465,false,אבקה להכנת משקה קפה בטעם קפוצ'ינו וניל,קבוצת אוסם סחר שותפות מוגבלת,,קפוצ'ינו בטעם וניל,,0.00,100.00,false,1.00,21.90,0.00,true,0,
8801055709472,false,נסטלה - נסקפה קפוצ'ינו קלאסי 12.50 גרם * 10,קבוצת אוסם סחר שותפות מוגבלת,,קפה בטעם קפוצ'ינו קלאסי,,0.00,100.00,false,1.00,21.90,0.00,true,0,
8801055709489,false,אבקה להכנת משקה קפה בטעם קפוצ'ינו אגוזים,קבוצת אוסם סחר שותפות מוגבלת,IL,קפוצ'ינו בטעם אגוזים,,0.00,100.00,false,1.00,21.90,0.00,true,0,
8806194019697,false,טוני מולי מסכת עגבנייה להבהרה,שסטוביץ,KR,מסכת עגבנייה להבהרה,,0.00,0.00,false,1.00,69.90,69.90,true,0,
8806194019826,false,טוני מולי I'M מסיכת בד- עגבנייה,שסטוביץ,KR,I AM מסיכת בד - עגבנייה,,0.00,0.00,false,1.00,14.90,14.90,true,0,
8806194020280,false,טוני מולי מאסטר לאב מסכת בד  חומצה היא,שסטוביץ,KR,MASTER LAB מסכת בד  חומצה היאלורונית,,0.00,0.00,false,1.00,19.90,19.90,true,0,
8806194020303,false,טוני מולי מאסטר לאב מסכת בד  סרמיד,שסטוביץ,KR,MASTER LAB מסכת בד - סרמיד,,0.00,0.00,false,1.00,19.90,19.90,true,0,
8806194020365,false,טוני מולי מאסטר לאבמסכת בד - ריר חילזון,שסטוביץ,KR,MASTER LAB מסכת בד  ריר חלזונות,,0.00,0.00,false,1.00,19.90,19.90,true,0,
8806194050287,false,טוני מולי פיורנס 100 מסכת כותנה - פנינים,שסטוביץ,KR,PURENESS 100 מסכת כותנה - פנינים,,0.00,100.00,false,1.00,14.90,0.00,true,0,
8806194050294,false,טוני מולי פיורנס 100 מסכת כותנה-חמאת שיא,שסטוביץ,KR,PURENESS 100 מסכת כותנה - חמאת שיאה,,0.00,100.00,false,1.00,14.90,0.00,true,0,
8806194050300,false,טוני מולי פיורנס 100 מסכת כותנה-חומצה הי,שסטוביץ,KR,PURENESS 100 מסכת כותנה - חומצה היאלורונית,,0.00,100.00,false,1.00,14.90,0.00,true,0,
8806194050331,false,טוני מולי פיורנס 100 מסכת כותנה - קולגן,שסטוביץ,KR,PURENESS 100 מסכת כותנה - קולגן,,0.00,100.00,false,1.00,14.90,0.00,true,0,
8806358545062,false,טוני מולי מסכת הידרו גל אנטי אייגינג ריר,שסטוביץ,KR,HYDRO-GEL MASK מסכת אנטי אייג'ינג ריר חלזונות,,0.00,100.00,false,1.00,29.90,0.01,true,0,
8809033594232,false,סיטואה מסיכת פנים אנטי אייג'ינג,זר הייטק,KR,מסיכת פנים אנטי אייג'ינג,,0.00,0.00,false,1.00,14.90,0.00,true,0,
8809033594249,false,סיטואה מסיכת פנים לשליטה בעור שמנוני,זר הייטק,KR,מסיכת פנים לשליטה בעור שמנוני,,0.00,0.00,false,1.00,9.90,0.00,true,0,
8809033594256,false,סיטואה מסיכת פנים לנקבוביות העור,זר הייטק,IL,מסיכת פנים לנקבוביות העור,,0.00,0.00,false,1.00,12.90,0.00,true,0,
8809033594317,false,סיטואה מסכת רגליים,זר הייטק,KR,מסכת רגליים,,0.00,0.00,false,1.00,14.90,0.00,true,0,
8809033594324,false,סיטואה מסיכת לחות לפנים,זר הייטק,KR,מסיכת לחות לפנים,,0.00,0.00,false,1.00,12.90,0.00,true,0,
8809033594331,false,סיטואה מסיכת פנים להפחתת אדמומיות,זר הייטק,KR,מסיכת פנים להפחתת אדמומיות,,0.00,0.00,false,1.00,7.90,0.00,true,0,
8809389033669,false,סו.קו גואו קרם לחות עשיר לפנים 50 מל,General,KR,גלואו קרם לחות עשיר לפנים 50 מל,,0.00,100.00,false,1.00,39.90,0.00,true,0,
8809389033676,false,סו.קו סרום גלואו זהב 24 קאראט,General,KR,סרום זוהר מועשר בחלקיקי זהב 24 קראט,,0.00,100.00,false,1.00,49.90,0.01,true,0,
8809389033683,false,סו.קו מסכת גלואו זהב 24 קאראט,General,KR,גלואו מסכת לחות וזוהר מתקלפת זהב 24 קראט,,0.00,100.00,false,1.00,29.90,0.00,true,0,
8809389033690,false,סו.קו רטיות הידרוגל לעיניים זהב 24 קאראט,General,KR,רטיות הידרוג'ל לעיניים,,0.00,0.00,false,1.00,39.90,0.00,true,0,
8809389037490,false,סו.קו רטיות הידרוגל ורודות לעיניים ויטמי,General,KR,HYDROGEL רטיות ורודות לעיניים ויטמין E,,0.00,0.00,false,1.00,39.90,0.00,true,0,
8809389037551,false,סו.קו תרסיס שמן יבש לגוף,General,KR,תרסיס שמן יבש לגוף,,0.00,0.00,false,1.00,39.90,0.39,true,0,
8809389037629,false,סו.קו שמן קיק להזנה ולטיפוח הגבות,General,KR,EYBROW CSTOR שמן קיק להזנה ולטיפוח הגבות,,0.00,0.00,false,1.00,24.90,0.00,true,0,
8809389037636,false,סו.קו 15 רולר קפאין לעיניים,General,KR,PINK JADE רולר קפאין לעיניים,,0.00,100.00,false,1.00,34.90,0.02,true,0,
8809485980003,false,אוזו מסיכת מזרק הידרו ליפט,זר הייטק,KR,מסיכת מזרק הידרו ליפט,,0.00,0.00,false,1.00,29.90,0.00,true,0,
8809485980010,false,אוזו מסכת מזרק אילומיניישן לפנים,זר הייטק,KR,מסכת מזרק אילומיניישן לפנים,,0.00,0.00,false,1.00,29.90,0.00,true,0,
8809485980027,false,אוזו מסיכת מזרק נוטריאנט,זר הייטק,KR,מסיכת מזרק נוטריאנט,,0.00,0.00,false,1.00,29.90,0.00,true,0,
8809485980942,false,אוזו מסיכת קפסולה טריה-משי,זר הייטק,GB,מסיכת קפסולה טריה - משי,,0.00,0.00,false,1.00,14.90,0.00,true,0,
8809496770716,false,סיטואה מסיכה שחורה לניקוי,זר הייטק,IL,מסיכה שחורה לניקוי,,0.00,0.00,false,1.00,9.90,0.00,true,0,
8809541192784,false,סו.קו מארז 15 מסכות גלואו,General,KR,מסכות לחות וזוהר לשימוש יומיומי,,0.00,0.00,false,1.00,34.90,0.00,true,0,
8809541196942,false,סו.קו מסכת חימר אבוקדו ושיבולת שועל לניק,General,KR,מסכת חימר אבוקדו ושיבולת שועל לניקוי,,0.00,100.00,false,1.00,14.90,0.00,true,0,
8809541196959,false,סו.קו מסכת אשכולית לעור חיוני ומלא אנרגי,General,KR,מסכת אשכולית לעור חיוני ומלא אנרגיה,,0.00,100.00,false,1.00,14.90,0.00,true,0,
8809541196966,false,סו.קו מסכת חימר ורוד ואפרסק,General,KR,מסכת חימר ורוד ואפרסק,,0.00,100.00,false,1.00,14.90,0.00,true,0,
8809541196973,false,סו.קו מסכת סקראב סוכר לניקוי העור,General,KR,"מסכת סקראב סוכר, מלפפון ותה ירוק לניקוי העור",,0.00,100.00,false,1.00,14.90,0.00,true,0,
8809541196980,false,סו.קו מסכת קוקוס לעור רך ומלא לחות,General,KR,מסכת קוקוס לעור רך ומלא לחות,,0.00,100.00,false,1.00,14.90,0.00,true,0,
8809541197901,false,סו.קו מסכת אבטיח ללילה,General,KR,מסכת אבטיח וחומצה היאלורונית ללילה,,0.00,100.00,false,1.00,14.90,0.00,true,0,
8809738320891,false,סו.קו מסכת חימר לימון ומנטה,General,KR,מסכת חימר לימון ומנטה,,0.00,100.00,false,1.00,14.90,0.00,true,0,
8809738320983,false,סו.קו סקוויז - מסכת סקראב פחם פעיל וסוכר,General,KR,סו.קו סקוויז - מסכת סקראב פחם פעיל וסוכר שחור לפילינג ולסיוע לעידון עור הפנים,,0.00,100.00,false,1.00,14.90,0.00,true,0,
8809738320990,false,סו.קו - אמפולות 7 ימים- טיפול קולגן ממרי,General,KR,אמפולות 7 ימים- טיפול קולגן ממריץ לעור הפנים,,0.00,0.00,false,1.00,29.90,0.00,true,0,
8809738321003,false,סו.קו - אמפולות 7 ימים- טיפול חומצה היאל,General,KR,אמפולות 7 ימים- טיפול חומצה היאלרונית לעור הפנים והצאוור,,0.00,0.00,false,1.00,29.90,0.00,true,0,
8809738321041,false,סו.קו רפידות לניקוי עור הפנים,General,KR,CICA רפידות לניקוי עור הפנים,,0.00,0.00,false,1.00,39.90,0.00,true,0,
8809738321492,false,סו.קו 15 מסכות שחורות מועשרות בפחם,General,KR,CHARCOAL PARTY מסיכות שחורות מועשרות בפחם ובקולוגן,,0.00,0.00,false,1.00,34.90,0.00,true,0,
8809738322215,false,סו.קו מסכת לילה לשפתיים,General,KR,NIGHT KISS מסכת לילה לשפתיים,,0.00,0.00,false,1.00,19.90,0.00,true,0,
8809738322222,false,סו.קו סקראב גוף מטהר 200 גרם,General,KR,סקראב גוף מטהר,,0.00,100.00,false,1.00,39.90,0.00,true,0,
8849496773362,false,סו.קו מסכת הידרוגל לשפתיים,General,CN,מסכת הידרוג'ל לשפתיים,,0.00,0.00,false,1.00,9.90,0.00,true,0,
8901138500306,false,משחת שיניים איורודית עם פלואוריד מן הטבע,הימלאיה Himalaya,,משחת שיניים איורודית,,0.00,0.00,false,1.00,24.90,0.24,true,0,
8901138509231,false,הימלאיה שפתון מרגיע,ניאופארם,IN,שפתון מזין מרגיע,,0.00,100.00,false,1.00,15.90,0.03,true,0,
8901138511784,false,"הימלאיה - תרחיץ פנים ללא סבון 150 מ""ל",ניאולייף,IN,תרחיץ פנים,,0.00,100.00,false,1.00,29.90,0.00,true,0,
8901138711900,false,הימלאיה פילינג יומי פנים ללא סבון 150 מל,ניאולייף,IN,פילינג יומי עדין לפנים,,0.00,100.00,false,1.00,29.90,0.00,true,0,
8901138823344,false,הימלאיה שפתון חמאת קקאו,ניאופארם,IN,שפתון מרגיע חמאת קקאו,,0.00,0.00,false,1.00,10.00,0.00,true,0,
8901138825577,false,"משחת שיניים הימלאיה להגנה מושלמת 75 מ""ל",הימלאיה Himalaya,IN,משחת שיניים להגנה מושלמת,,0.00,100.00,false,1.00,25.90,0.00,true,0,
8901138825591,false,"משחת שיניים הימלאיה מלבינה 75 מ""ל",הימלאיה Himalaya,IN,משחת שיניים מלבינה,,0.00,100.00,false,1.00,25.90,0.00,true,0,
<<<<<<< HEAD
9000100590693,false,"סאיוס - מוס לשיער לייצוב מקסימלי 250 מ""ל",שוורצקופ,,מוס לשיער לייצוב מקסימלי,,0.00,100.00,false,1.00,35.90,0.00,true,0,
=======
9000100590693,false,"סאיוס - מוס לשיער לייצוב מקסימלי 250 מ""ל",הנקל סוד בעמ,,מוס לשיער לייצוב מקסימלי,,0.00,100.00,false,1.00,35.90,0.00,true,0,
>>>>>>> d048ac2f4f281c9d788043ab4e81b61b0dbe3743
9000100591058,false,"סאיוס - ג'ל לשיער לייצוב מקסימלי 250 מ""ל",הנקל סוד,,ג'ל לשיער ליצוב מקסימלי,,0.00,100.00,false,1.00,31.90,0.00,true,0,
9000100760591,false,"פה - דאודורנט רול און לגבר אינוויזיבל פאוואר 50 מ""ל",שוורצקופף והנקל,TR,דאודורנט רול און לגבר אינוויזיבל פאוואר,,0.00,100.00,false,1.00,14.90,0.00,true,0,
9000100806657,false,"פה - דאודורנט רול און לאישה בלתי נראה 50 מ""ל",שוורצקופף והנקל,,דאודורנט רול און ספורט אינויזיבל פאוור,,0.00,100.00,false,1.00,14.90,0.00,true,0,
9000100843256,false,"גליס תמציות שמן 6 פעולות משקמות 75 מ""ל",שוורצקוף Schwarzkopf,,שמן 6 פעולות משקמות,,0.00,100.00,false,1.00,35.90,0.00,true,0,
<<<<<<< HEAD
9000101380255,false,פרסיל דיסקס לכביסה ניקיון היגייני 22 יחידות,פרסיל Persil,HU,פרסיל דיסקס קפסולות ג'ל לכביסה ניקיון היגייני,,0.00,0.00,false,1.00,39.90,1.81,true,0,
9000101417050,false,סבון אסלה ברף דלקס מונפלאוור 50 גרם,הנקל,RS,דלקס סבון אסלה מונפלאוור,,0.00,100.00,false,1.00,11.90,0.00,true,0,
9000101417081,false,סבון אסלה ברף דלקס מגנוליה 50 גרם,גורי,RS,דלקס סבון אסלה מגנוליה,,0.00,100.00,false,1.00,11.90,0.00,true,0,
9000101418163,false,שלישיית סבון אסלה בניחוח מתחלף תפוח ירוק ברף,ברף Bref,RS,כדוריות סבון אסלה בניחוח מתחלף תפוח-נופר,,0.00,100.00,false,1.00,19.90,0.00,true,0,
9000101511635,false,קפסולות ג'ל לכביסה פרסיל דיסקס לעור רגיש,פרסיל Persil,HU,פרסיל דיסקס קפסולות ג'ל לכביסה סנסיטיב לעור רגיש,,0.00,0.00,false,1.00,39.90,1.81,true,0,
9000101515817,false,קפסולות ג'ל כביסה לבנה וצבעונית 56 יח' פרסיל,הנקל סוד,IL,קפסולות ג'ל לכביסה לבנה וצבעונית,,0.00,0.00,false,1.00,49.90,0.89,true,0,
9000101520965,false,"סבון אסלה בניחוח מתחלף לוטוס עדין במבוק, 3 יחידות",ברף Bref,RS,כדוריות סבון אסלה בניחוח מתחלף לוטוס-במבוק,,0.00,100.00,false,1.00,19.90,0.00,true,0,
9000101537550,false,פרסיל קאפסולות לכביסה לבנה וצבעונית 52 יח',הנקל סוד,HU,פאוור קאפס לכביסה לבנה וצבעונית,,0.00,0.00,false,1.00,69.90,1.34,true,0,
=======
9000101380255,false,פרסיל דיסקס לכביסה ניקיון היגייני 22 יחידות,גורי שיווק בעמ,HU,פרסיל דיסקס קפסולות ג'ל לכביסה ניקיון היגייני,,0.00,0.00,false,1.00,39.90,1.81,true,0,
9000101417050,false,סבון אסלה ברף דלקס מונפלאוור 50 גרם,גורי שיווק בעמ,RS,דלקס סבון אסלה מונפלאוור,,0.00,100.00,false,1.00,11.90,0.00,true,0,
9000101417081,false,סבון אסלה ברף דלקס מגנוליה 50 גרם,גורי שיווק בעמ,RS,דלקס סבון אסלה מגנוליה,,0.00,100.00,false,1.00,11.90,0.00,true,0,
9000101418163,false,שלישיית סבון אסלה בניחוח מתחלף תפוח ירוק ברף,גורי שיווק בעמ,RS,כדוריות סבון אסלה בניחוח מתחלף תפוח-נופר,,0.00,100.00,false,1.00,19.90,0.00,true,0,
9000101511635,false,קפסולות ג'ל לכביסה פרסיל דיסקס לעור רגיש,גורי שיווק בעמ,HU,פרסיל דיסקס קפסולות ג'ל לכביסה סנסיטיב לעור רגיש,,0.00,0.00,false,1.00,39.90,1.81,true,0,
9000101515817,false,קפסולות ג'ל כביסה לבנה וצבעונית 56 יח' פרסיל,גורי שיווק בעמ,IL,קפסולות ג'ל לכביסה לבנה וצבעונית,,0.00,0.00,false,1.00,49.90,0.89,true,0,
9000101520965,false,"סבון אסלה בניחוח מתחלף לוטוס עדין במבוק, 3 יחידות",גורי שיווק בעמ,RS,כדוריות סבון אסלה בניחוח מתחלף לוטוס-במבוק,,0.00,100.00,false,1.00,19.90,0.00,true,0,
9000101537550,false,פרסיל קאפסולות לכביסה לבנה וצבעונית 52 יח',גורי שיווק בעמ,HU,פאוור קאפס לכביסה לבנה וצבעונית,,0.00,0.00,false,1.00,69.90,1.34,true,0,
>>>>>>> d048ac2f4f281c9d788043ab4e81b61b0dbe3743
9000101610215,false,גליס טיפול משקם אקספרס לשיער צבוע,הנקל סוד,HU,טיפול משקם אקספרס לשיער צבוע או בעל גוונים,,0.00,100.00,false,1.00,39.90,0.00,true,0,
9001616201950,false,מאם מוצצים לטקס 6+ אורגינל תכלת,אלפא,,אורגינל מוצץ לטקס 6+ תכלת,,0.00,0.00,false,1.00,39.90,19.95,true,0,
9001616202100,false,מוצץ לתינוק ללא ביספנול 6+ מאם 2 יחידות,אלפא קוסמטיקה בעמ,,מוצצי סיליקון 6+,,0.00,0.00,false,1.00,39.90,19.95,true,0,
9001616202117,false,מוצץ סיליקון מיני 0-6 מאם) (2 זמן לאהבה,טרופיקל דגיל תעשיות,,זמן לאהבה מוצץ סיליקון 0-6 אפור,,0.00,0.00,false,1.00,39.90,19.95,true,0,
9001616202131,false,זוג מוצצי מיניבנים 0-6 עיגולים סיליקון,אלפא קוסמטיקה בעמ,,מוצצי סיליקון 0-6,,0.00,0.00,false,1.00,39.90,19.95,true,0,
9001616202148,false,מאם מוצצים לטקס 16+ כחול,General,,מוצץ לטקס 16+ כחול,,0.00,0.00,false,1.00,39.90,19.95,true,0,
9001616202155,false,מוצץ לתינוק אולטי סיליקון ללא ביספנול 16+ מאם,אלפא קוסמטיקה בעמ,,מוצץ סיליקון 16+ חודשים כחול,,0.00,0.00,false,1.00,39.90,19.95,true,0,
9001616202186,false,"בקבוק לתינוק 330 מ""ל 4+ חודשים Easy Active",טרופיקל דגיל תעשיות,,בקבוק הזנה לתינוק 4+ תכלת,,0.00,0.00,false,1.00,39.90,0.00,true,0,
9001616202193,false,מאם מוצצים לטקס 0-2 תכלת,אלפא קוסמטיקה,,מוצץ לטקס 0-2 חודשים תכלת,,0.00,0.00,false,1.00,39.90,19.95,true,0,
9001616202360,false,זוג מוצצי סיליקון זוהר בחושך 6+ חודשים Original Night,אלפא קוסמטיקה בעמ,,לילה מוצצי סיליקון זוהרים בחושך 6+ תכלת,,0.00,0.00,false,1.00,39.90,19.95,true,0,
9001616202377,false,מאם מוצצים סיליקון 0-6 לילה זוהרים תכלת,אלפא קוסמטיקה בעמ,,לילה מוצצי סיליקון זוהרים בחושך 0-6 תכלת,,0.00,0.00,false,1.00,39.90,19.95,true,0,
9001616202445,false,מוצץ לתינוק מיני אולטי סיליקון עיגולים מאם 2 יחידות,אלפא קוסמטיקה בעמ,,I LOVE MUMMY מוצצי סיליקון 0-6 תכלת,,0.00,0.00,false,1.00,39.90,19.95,true,0,
9001616202452,false,מאם מוצצים סיליקון 6+ פרל תכלת,אלפא,,פרל מוצצי סיליקון 6+ תכלת,,0.00,0.00,false,1.00,39.90,19.95,true,0,
9001616202988,false,מוצץ לתינוק סיליקון 6 Air מאם 2 יחידות,מאם Mam,,אייר מוצץ סיליקון 6+ כחול,,0.00,0.00,false,1.00,39.90,19.95,true,0,
9001616203305,false,זוג פטמות X לבקבוק 6+ חודשים,אלפא קוסמטיקה בעמ,,פטמות סיליקון X למזון מהיר,,0.00,0.00,false,1.00,29.90,14.95,true,0,
9001616203343,false,מאם כוס נגד נזילות 270 מל תכלת,אלפא,,כוס נגד נזילות תכלת,,0.00,0.00,false,1.00,49.90,0.00,true,0,
9001616203350,false,מאם זוג פטמות מס 1 זרימה איטית,אלפא קוסמטיקה בעמ,,פטמות לבקבוק זרימה איטית,,0.00,0.00,false,1.00,29.90,14.95,true,0,
9001616203367,false,מאם זוג פטמות מס 2 זרימה בינונית,אלפא קוסמטיקה,,פטמה מס' 2 זרימה בינונית,,0.00,0.00,false,1.00,29.90,14.95,true,0,
9001616203626,false,מאם זוג פטמות מס 3 זרימה מהירה,אלפא קוסמטיקה בעמ,,פטמות לבקבוק זרימה מהירה,,0.00,0.00,false,1.00,29.90,14.95,true,0,
9001616205514,false,מאם מוצצים לטקס 0-6 תכלת,אלפא,,מוצץ לטקס 0-6 חודשים תכלת,,0.00,0.00,false,1.00,39.90,19.95,true,0,
9001616205774,false,מאם אנימלס מוצצי סיליקון 0-6 תכלת,אלפא קוסמטיקה,,מוצצי סיליקון 0-6,,0.00,0.00,false,1.00,39.90,19.95,true,0,
9001616205781,false,מוצצים 6+ סיליקון קלירליין-בנים (כחול),אלפא קוסמטיקה בעמ,,אנימלס מוצצי סיליקון 6+ כחול,,0.00,0.00,false,1.00,39.90,19.95,true,0,
9001616205828,false,מאם מברשת לניקוי בקבוקים ירוק,אלפא,,מאם מברשת לניקוי בקבוקים ירוק,,0.00,0.00,false,1.00,51.90,51.90,true,0,
9001616205835,false,מאם כוס ספורט 330 מל כחול,אלפא,,כוס ספורט 12+ כחול,,0.00,0.00,false,1.00,51.90,0.00,true,0,
9001616620065,false,זוג מוצצי סיליקון 6+חודשים Hebrew Sayings,אלפא קוסמטיקה,,עברית מוצץ סיליקון 6+ תכלת,,0.00,0.00,false,1.00,39.90,19.95,true,0,
9001616639050,false,מאם מברשת השיניים הראשונה שלי תכלת,אלפא,,מברשת שיניים לתינוקות 6+ חודשים תכלת,,0.00,0.00,false,1.00,26.90,0.00,true,0,
9001616639418,false,מאמ מחלק מנות תכלת,אלפא,,מאמ מחלק מנות תכלת,,0.00,0.00,false,1.00,44.90,44.90,true,0,
<<<<<<< HEAD
9001616661099,false,"בקבוק לתינוק 270 מ""ל 2+ חודשים Easy Active",מאם Mam,,בקבוק הזנה לתינוק 2+ לתינוק,,0.00,0.00,false,1.00,39.90,0.00,true,0,
9001616669903,false,"בקבוק לתינוק ללא ביספנול 0+ מאם 160 מ""ל",מאם Mam,,בקבוק אנטי קוליק 0+ לבן,,0.00,0.00,false,1.00,39.90,0.00,true,0,
9001616669927,false,מאם בקבוק אנטי קוליק 260 מל אפור,מאם Mam,,בקבוק הזנה לתינוק 2+ אנטי קוליק,,0.00,0.00,false,1.00,39.90,0.00,true,0,
9001616671579,false,מאם מוצצים סיליקון 0-6 אייר תכלת,מאם Mam,AT,אייר מוצץ סיליקון 0-6 תכלת,,0.00,0.00,false,1.00,39.90,19.95,true,0,
=======
9001616661099,false,"בקבוק לתינוק 270 מ""ל 2+ חודשים Easy Active",אלפא קוסמטיקה בעמ,,בקבוק הזנה לתינוק 2+ לתינוק,,0.00,0.00,false,1.00,39.90,0.00,true,0,
9001616669903,false,"בקבוק לתינוק ללא ביספנול 0+ מאם 160 מ""ל",אלפא קוסמטיקה,,בקבוק אנטי קוליק 0+ לבן,,0.00,0.00,false,1.00,39.90,0.00,true,0,
9001616669927,false,מאם בקבוק אנטי קוליק 260 מל אפור,אלפא קוסמטיקה,,בקבוק הזנה לתינוק 2+ אנטי קוליק,,0.00,0.00,false,1.00,39.90,0.00,true,0,
9001616671579,false,מאם מוצצים סיליקון 0-6 אייר תכלת,אלפא קוסמטיקה בעמ,AT,אייר מוצץ סיליקון 0-6 תכלת,,0.00,0.00,false,1.00,39.90,19.95,true,0,
>>>>>>> d048ac2f4f281c9d788043ab4e81b61b0dbe3743
9001616671715,false,מאם בקבוק 130 מל+מוצץ 0-2 ערכת התנסות,General,HU,בקבוק+מוצץ 0-2,,0.00,0.00,false,1.00,34.90,0.00,true,0,
9001616672606,false,מאם זוג פטמות לבקבוק אימון,אלפא,AT,פטמות סיליקון רכות לבקבוק אימון,,0.00,0.00,false,1.00,34.90,17.45,true,0,
9001616672675,false,מאם זוג מגיני פטמה,אלפא,AT,מאם זוג מגיני פטמה,,0.00,0.00,false,1.00,49.90,24.95,true,0,
9001616676406,false,מאם בקבוק אנטי קוליק 320 מל תכלת,אלפא,AT,בקבוק הזנה לתינוק 4+ אנטי קוליק,,0.00,0.00,false,1.00,39.90,0.00,true,0,
9001616680991,false,"בקבוק לתינוק אנטי קוליק מאמ 260 מ""ל",אלפא קוסמטיקה בעמ,,בקבוק אנטי קוליק 2+ תכלת,,0.00,0.00,false,1.00,39.90,0.00,true,0,
9001616681363,false,"בקבוק לתינוק אנטי קוליק מאמ 260 מ""ל",אלפא קוסמטיקה בעמ,,בקבוק אנטי קוליק 2+ ורוד,,0.00,0.00,false,1.00,39.90,0.00,true,0,
9001616682216,false,מאם בקבוק אנטי קוליק 160 מל תכלת,אלפא קוסמטיקה בעמ,,בקבוק אנטי קוליק 0+ תכלת,,0.00,0.00,false,1.00,39.90,0.00,true,0,
9001616682223,false,מאם בקבוק אנטי קוליק 160 מל ורוד,אלפא קוסמטיקה בעמ,,בקבוק אנטי קוליק 0+ ורוד,,0.00,0.00,false,1.00,39.90,0.00,true,0,
9001616692857,false,בקבוק אימון 220 מ``ל מאמ בנים,אלפא קוסמטיקה,AT,בקבוק אימון עם ידיות תכלת,,0.00,0.00,false,1.00,54.90,0.00,true,0,
9001616700446,false,מאם הכוס הראשונה שלי כוס אימון 150 -תכלת,אלפא,AT,הכוס הראשונה שלי כוס אימון - תכלת,,0.00,0.00,false,1.00,49.90,0.00,true,0,
9001616700491,false,מאם מיני נשכן מרגיע שלב 2 - כחול,אלפא,AT,מיני נשכן מרגיע שלב 2 - כחול,,0.00,0.00,false,1.00,29.90,0.00,true,0,
9001616702600,false,זוג מוצצים סיליקון מאמ 0-2 ורוד,אלפא קוסמטיקה,,מוצץ סיליקון 0-2 חודשים ורוד,,0.00,0.00,false,1.00,39.90,19.95,true,0,
9001616702617,false,"מוצצים סיליקון 0-2 ירוק, זוג",General,,מוצץ סיליקון 0-2 חודשים ירוק,,0.00,0.00,false,1.00,39.90,19.95,true,0,
9001616702624,false,מאם מוצצים לטקס 0-2 ורוד קרם,General,,מוצץ לטקס 0-2 חודשים,,0.00,0.00,false,1.00,39.90,19.95,true,0,
9001616702631,false,מאם מוצצים לטקס 0-2 אפור קרם,General,,מוצץ לטקס 0-2 חודשים,,0.00,0.00,false,1.00,39.90,19.95,true,0,
9001616702648,false,מאם מוצצים לטקס 0-6 ורוד,אלפא,,מוצץ לטקס 0-6 חודשים ורוד,,0.00,0.00,false,1.00,39.90,19.95,true,0,
9001616702655,false,זוג מוצצים בנות מיני אולטי מאמ סיליקון,אלפא קוסמטיקה בעמ,,לילה מוצצי סיליקון זוהרים בחושך 0-6 ורוד,,0.00,0.00,false,1.00,39.90,19.95,true,0,
9001616702662,false,זוג מוצצים סיליקון פרל מאמ 0-6 ורוד,General,,פרל מוצצי סיליקון 0-6 ורוד,,0.00,0.00,false,1.00,39.90,19.95,true,0,
9001616702679,false,זוג מוצצי סיליקון לאב אנד אפקשן 0-6 ורוד,אלפא קוסמטיקה,,זמן לאהבה מוצץ סיליקון 0-6 ורוד,,0.00,0.00,false,1.00,39.90,19.95,true,0,
9001616702686,false,זוג מוצצים סיליקון אי לאב מאמי מאמ 0-6 ורוד,אלפא קוסמטיקה,,I LOVE MUMMY מוצצי סיליקון 0-6 ורוד,,0.00,0.00,false,1.00,39.90,19.95,true,0,
9001616702693,false,מוצצים 0-6 סיליקון בעלי חיים בת(ורוד),אלפא קוסמטיקה בעמ,,מוצצי סיליקון 0-6,,0.00,0.00,false,1.00,39.90,19.95,true,0,
9001616702709,false,מאם מוצצים לטקס 6+ אורגינל ורוד,אלפא,,אורגינל מוצץ לטקס 6+ ורוד,,0.00,0.00,false,1.00,39.90,19.95,true,0,
9001616702716,false,זוג מוצצים סיליקון זוהרים בלילה מאמ +6 ורוד,אלפא קוסמטיקה בעמ,,לילה מוצצי סיליקון זוהרים בחושך 6+ ורוד,,0.00,0.00,false,1.00,39.90,19.95,true,0,
9001616702723,false,זוג מוצצים סיליקון 6+ לילה זוהרים בחושך,אלפא קוסמטיקה בעמ,,לילה מוצצי סיליקון זוהרים בחושך 6+ ירוק,,0.00,0.00,false,1.00,39.90,19.95,true,0,
9001616702730,false,זוג מוצצי סיליקון לאב אנד אפקשן 6+ ו רוד,אלפא קוסמטיקה בעמ,,זמן לאהבה מוצצי סיליקון 6+ ורוד,,0.00,0.00,false,1.00,39.90,19.95,true,0,
9001616702747,false,מאם מוצצים סיליקון 6+ זמן לאהבה ירוק,General,,זמן לאהבה מוצצי סיליקון 6+ ירוק,,0.00,0.00,false,1.00,39.90,19.95,true,0,
9001616702761,false,מאם מוצצים סיליקון 6+ פרל ורוד,אלפא,,פרל מוצצי סיליקון 6+ ורוד,,0.00,0.00,false,1.00,39.90,19.95,true,0,
9001616702785,false,זוג מוצצי סיליקון כיתובים בעברית 6+ בנות,אלפא קוסמטיקה,,עברית מוצץ סיליקון 6+ ורוד,,0.00,0.00,false,1.00,39.90,19.95,true,0,
9001616702808,false,מוצצים 6+ סיליקון קלירליין-בנות (ורוד),אלפא קוסמטיקה בעמ,,מוצצים 6+ עם פטמת סיליקון דגם קלירליין,,0.00,0.00,false,1.00,39.90,19.95,true,0,
9001616702815,false,מוצצים 6+ סיליקון קלירליין-יוניסקס (צהו,אלפא קוסמטיקה בעמ,,אנימלס מוצצי סיליקון 6+ צהוב,,0.00,0.00,false,1.00,39.90,19.95,true,0,
9001616702822,false,זוג מוצצים סיליקון קריסטל מאמ +6 ורוד,General,,מוצצי סיליקון 6+,,0.00,0.00,false,1.00,39.90,19.95,true,0,
9001616702839,false,מאם מוצצים סיליקון 6+ ירוק קרם,General,,מוצצי סיליקון 6+,,0.00,0.00,false,1.00,39.90,19.95,true,0,
9001616702846,false,מאם מוצצים סיליקון 0-6 אייר ורוד,General,AT,אייר מוצץ סיליקון 0-6 ורוד,,0.00,0.00,false,1.00,39.90,19.95,true,0,
9001616702853,false,מאם מוצצים סיליקון 6+ אייר ורוד,General,,אייר מוצץ סיליקון 6+ ורוד,,0.00,0.00,false,1.00,39.90,19.95,true,0,
9001616702860,false,מאם מוצצים סיליקון 6+ אייר צהוב,General,,אייר מוצץ סיליקון 6+ צהוב,,0.00,0.00,false,1.00,39.90,19.95,true,0,
9001616702877,false,זוג מוצצים סיליקון מאמ +16 ורוד,אלפא קוסמטיקה בעמ,,מוצץ סיליקון 16+ חודשים ורוד,,0.00,0.00,false,1.00,39.90,19.95,true,0,
9001616702891,false,מאם מוצצים לטקס 16+ ורוד,General,,מוצץ לטקס 16+ ורוד,,0.00,0.00,false,1.00,39.90,19.95,true,0,
9001616702921,false,מאם בקבוק אנטי קוליק 260 מל לבן,General,,בקבוק הזנה לתינוק 2+ אנטי קוליק,,0.00,0.00,false,1.00,39.90,0.00,true,0,
9001616702938,false,מאם בקבוק אנטי קוליק 320 מל ורוד,אלפא,AT,בקבוק הזנה לתינוק התחלה קלה בלי גזים 4+ ורוד,,0.00,0.00,false,1.00,39.90,0.00,true,0,
9001616702952,false,מאם בקבוק אנטי קוליק 320 מל ירוק,אלפא,AT,בקבוק הזנה לתינוק התחלה קלה בלי גזים 4+ ירוק,,0.00,0.00,false,1.00,39.90,0.00,true,0,
<<<<<<< HEAD
9001616702969,false,"בקבוק תינוק 270 מ""ל סגול",General,,בקבוק הזנה לתינוק 2+,,0.00,0.00,false,1.00,39.90,0.00,true,0,
9001616702976,false,"בקבוק לתינוק מאם 270 מ""ל",General,,בקבוק הזנה לתינוק 2+ לתינוק לבן,,0.00,0.00,false,1.00,39.90,0.00,true,0,
9001616702983,false,"בקבוק לתינוק מאמ 330 מ""ל",General,,בקבוק הזנה לתינוק 4+ סגול,,0.00,0.00,false,1.00,39.90,0.00,true,0,
9001616702990,false,"בקבוק לתינוק מאמ 330 מ""ל",General,,בקבוק הזנה לתינוק 4+ ירוק,,0.00,0.00,false,1.00,39.90,0.00,true,0,
9001616703010,false,"בקבוק תינוק 330 מ""ל ורוד",General,,בקבוק הזנה לתינוק 4+ ורוד,,0.00,0.00,false,1.00,39.90,0.00,true,0,
9001616703027,false,בקבוק האכלה לתינוק מ,General,,בקבוק הזנה לתינוק 4+,,0.00,0.00,false,1.00,39.90,0.00,true,0,
=======
9001616702969,false,"בקבוק 270מ""ל ללא חלקים מתפרקים ורוד",אלפא קוסמטיקה בעמ,,בקבוק הזנה לתינוק 2+,,0.00,0.00,false,1.00,39.90,0.00,true,0,
9001616702976,false,"בקבוק 270מ""ל ללא חלקים מתפרקים לבן",אלפא קוסמטיקה,,בקבוק הזנה לתינוק 2+ לתינוק לבן,,0.00,0.00,false,1.00,39.90,0.00,true,0,
9001616702983,false,בקבוק תינוק 330 מל -סגול,אלפא קוסמטיקה בעמ,,בקבוק הזנה לתינוק 4+ סגול,,0.00,0.00,false,1.00,39.90,0.00,true,0,
9001616702990,false,"בקבוק 270מ""ל ללא חלקים מתפרקים ירוק",אלפא קוסמטיקה בעמ,,בקבוק הזנה לתינוק 4+ ירוק,,0.00,0.00,false,1.00,39.90,0.00,true,0,
9001616703010,false,"בקבוק 330מ""ל ללא חלקים מתפרקים",אלפא קוסמטיקה בעמ,,בקבוק הזנה לתינוק 4+ ורוד,,0.00,0.00,false,1.00,39.90,0.00,true,0,
9001616703027,false,בקבוק תינוק 330 מל -אפור,אלפא קוסמטיקה בעמ,,בקבוק הזנה לתינוק 4+,,0.00,0.00,false,1.00,39.90,0.00,true,0,
>>>>>>> d048ac2f4f281c9d788043ab4e81b61b0dbe3743
9001616703058,false,מאם הכוס הראשונה שלי כוס אימון 150 -ורוד,אלפא,AT,הכוס הראשונה שלי כוס אימון - ורוד,,0.00,0.00,false,1.00,49.90,0.00,true,0,
9001616703072,false,"מאם כוס נגד נזילות-סגול 270 מ""ל",אלפא,,כוס נגד נזילות סגול,,0.00,0.00,false,1.00,49.90,0.00,true,0,
9001616703089,false,מאם כוס ספורט 330 מל ורוד,אלפא,,כוס ספורט 12+ ורוד,,0.00,0.00,false,1.00,51.90,0.00,true,0,
9001616703096,false,מאם בקבוק אימון 220 מל ורוד,General,AT,בקבוק אימון עם ידיות ורוד,,0.00,0.00,false,1.00,54.90,0.00,true,0,
9001616703140,false,מחלק מנות ורוד יחידה,אלפא,,מאמ מחלק מנות ורוד,,0.00,0.00,false,1.00,44.90,44.90,true,0,
9001616703171,false,מאם מברשת השיניים הראשונה שלי ורוד,אלפא,,מברשת שיניים לתינוקות 6+ חודשים ורוד,,0.00,0.00,false,1.00,26.90,0.00,true,0,
9001616703225,false,מחזיק מוצץ בת יחידה,טרופיקל דגיל תעשיות,,מאם מחזיק מוצץ ורוד,,0.00,0.00,false,1.00,29.90,29.90,true,0,
9001616703256,false,נשכן בת יחידה,General,,נשכן לתינוק סגול,,0.00,0.00,false,1.00,34.90,0.00,true,0,
9001616703317,false,מאם מברשת לניקוי בקבוקים צהוב,אלפא,,מאם מברשת לניקוי בקבוקים צהוב,,0.00,0.00,false,1.00,51.90,51.90,true,0,
9001616703409,false,"בקבוק לתינוק אנטי קוליק מאמ 160 מ""ל",אלפא,,בקבוק אנטי קוליק 0+ אפור,,0.00,0.00,false,1.00,39.90,0.00,true,0,
9001616703423,false,מאם מיני נשכן מרגיע שלב 2 - ורוד,אלפא,AT,מיני נשכן מרגיע שלב 2 - ורוד,,0.00,0.00,false,1.00,29.90,0.00,true,0,
9001616705335,false,מאם זוג פטמות מס 0 ניו בורן,General,,פטמה מס' 0 ניו בורן זרימה איטית במיוחד,,0.00,0.00,false,1.00,29.90,0.00,true,0,
9001616713859,false,מאם מוצץ קומפורט - תכלת,אלפא,,מוצץ קומפורט - תכלת,,0.00,0.00,false,1.00,49.90,0.00,true,0,
9001616713866,false,מאם מוצץ קומפורט - ורוד,אלפא,,מוצץ קומפורט - ורוד,,0.00,0.00,false,1.00,49.90,0.00,true,0,
9001616804564,false,מאם זוג ידיות לבקבוק יום ולילה תכלת,אלפא קוסמטיקה,AT,ידיות לבקבוק יום ולילה תכלת,,0.00,0.00,false,1.00,34.90,17.45,true,0,
9001616804571,false,מאם זוג ידיות לבקבוק יום ולילה ורוד,אלפא,AT,ידיות לבקבוק יום ולילה ורוד,,0.00,0.00,false,1.00,34.90,17.45,true,0,
9001616808609,false,מאם ערכה קטנה ליולדת כחול,אלפא,IL,ערכת לידה 2 בקבוקים + מוצץ - כחול,,0.00,0.00,false,1.00,64.90,64.90,true,0,
9001616808678,false,מאם ערכה קטנה ליולדת ורוד,אלפא,IL,ערכת לידה 2 בקבוקים + מוצץ - וורוד,,0.00,0.00,false,1.00,64.90,64.90,true,0,
9001616820687,false,זוג מוצצי סיליקון לילה 6+ורוד מאט,אלפא קוסמטיקה,AT,מוצץ סיליקון 6+ תכלת לבן,,0.00,0.00,false,1.00,39.90,19.95,true,0,
9002240001022,false,פיטדנט משחת הצמדה לתותבות,General,,משחת הצמדה לתותבות,,0.00,100.00,false,1.00,39.90,0.00,true,0,
9002240001138,false,פיטדנט רפידות הצמדה,General,,רפידות הצמדה לשיניים תותבות,,0.00,0.00,false,1.00,33.90,2.26,true,0,
9002490100490,false,"משקה אנרגיה רד בול מארז רביעייה*250 מ""ל",דיפלומט מפיצים (1968) בעמ**,IL,משקה אנרגיה מוגז בתוספת קפאין וטאורין,,0.00,100.00,false,1.00,28.90,0.00,true,0,
9005800317014,false,"ניוואה סקראב אורז עור עדין פטל 75 מ""ל",אלפא,DE,GLOW פילינג אורז לעור יבש,,0.00,100.00,false,1.00,29.90,0.00,true,0,
9006968013497,false,אנטיסטקס גל מרענן לרגליים 125 מל,פרמה שלום סלא,DE,ג'ל מרענן לרגליים,,0.00,100.00,false,1.00,79.90,0.00,true,0,
9310088007015,false,דיפנד תחבושות אוברנייט בלילה,קימברלי קלארק ישראל שיווק בעמ,VN,Comfort-protect תחבושות לבריחת שתן בלילה,,0.00,0.00,false,1.00,21.90,2.73,true,0,
9310088009514,false,דיפנד תחתון סופג ACTIVE FIT נשים M,חוגלה קימברלי,IL,"תחתונים סופגים לבריחת שתן Active Fit נשים, מידה 36-42 M",,0.00,0.00,false,1.00,44.90,5.61,true,0,
9310714206126,false,שוורצקופף - ג'ל צביעה לגבר חום בינוני,הנקל סוד,,שוורצקופף  ג'ל צביעה לשיער לגבר חום בינוני,,0.00,0.00,false,1.00,64.90,0.00,true,0,
9310714206133,false,שוורצקופף - ג'ל צביעה לגבר חום כהה,הנקל סוד,,שוורצקופף  ג'ל צביעה לשיער לגבר חום כהה,,0.00,0.00,false,1.00,64.90,0.00,true,0,
9310714206140,false,שוורצקופף - ג'ל צביעה לגבר חום שחור,הנקל סוד,,שוורצקופף  ג'ל צביעה שחור-חום למראה טבעי ללא אמוניה,,0.00,0.00,false,1.00,64.90,0.00,true,0,
9310714206157,false,מן פרפקט גל צביעה לגבר שחור טבעי,הנקל סוד,,שוורצקופף  ג'ל צביעה לשיער לגבר שחור טבעי,,0.00,0.00,false,1.00,64.90,0.00,true,0,
9312931720294,false,שיק אינטואישן נשים מכשיר+ 2 סכינים.,ש.שסטוביץ בעמ,CN,אינטואישן מכשיר גילוח רב פעמי + סכינים,,0.00,0.00,false,1.00,34.90,0.00,true,0,
9317129040314,false,פלקסיטול משחה לכף הרגל לטיפול בעור יבש,טעם טבע אלטמן,,משחה לכף הרגל,,0.00,100.00,false,1.00,54.90,0.00,true,0,
9317129040321,false,פלקסיטול משחה לכף רגל 112 גרם,טעם טבע אלטמן,AU,משחה לכף הרגל,,0.00,100.00,false,1.00,89.90,0.00,true,0,
9317129040352,false,פלקסיטול קרם ידיים לעור יבש מאוד,טעם טבע אלטמן,,קרם ידיים לעור יבש מאוד,,0.00,100.00,false,1.00,46.90,0.00,true,0,
9317129040529,false,פלקסיטול - משחה לשפתיים 10 גרם,טעם טבע אלטמן,,משחה לשפתיים יבשות,,0.00,100.00,false,1.00,35.90,0.03,true,0,
9317129040703,false,פלקסיטול קרם לטיפוח הציפורן 20 גרם,טעם טבע אלטמן,,קרם לטיפוח הציפורן,,0.00,0.00,false,1.00,54.90,0.00,true,0,
9317129040826,false,פלקסיטול קרם פנים לילדים,טעם טבע אלטמן,,קרם פנים לילדים,,0.00,100.00,false,1.00,60.90,0.01,true,0,
9317129042608,false,פלקסיטול משחה לשפתיים +SPF 50,טעם טבע אלטמן,AU,משחה לשפתיים +SPF 50,,0.00,100.00,false,1.00,39.90,0.03,true,0,
9317129042813,false,פלקסיטול תחליב גוף לעור יבש 250 מל,טעם טבע אלטמן,AU,תחליב גוף לעור יבש,,0.00,100.00,false,1.00,64.90,0.00,true,0,
9317129042820,false,פלקסיטול תרחיץ לעור יבש 250 מל,טעם טבע אלטמן,AU,תרחיץ נטול סבון לעור רגיש ויבש,,0.00,100.00,false,1.00,54.90,0.00,true,0,
9317129042837,false,פלקסיטול קרם מרגיע לעור מגורה 85 גרם,טעם טבע אלטמן,AU,קרם מרגיע לעור מגורה,,0.00,100.00,false,1.00,74.90,0.00,true,0,
9317129042844,false,פלקסיטול קרם ידיים אנטי אייג'ינג 40 גרם,טעם טבע אלטמן,AU,קרם ידיים אנטי אייג'ינג,,0.00,100.00,false,1.00,64.90,0.01,true,0,
9317129043063,false,פלקסיטול צנצנת משחה לשפתיים יבשות 10 גרם,טעם טבע אלטמן,AU,משחה לשפתיים יבשות וסדוקות במיוחד,,0.00,100.00,false,1.00,39.90,0.03,true,0,
9317129043070,false,"פלקסיטול - סרום מרגיע לקרקפת מגורה 60 מ""ל",טעם טבע אלטמן,AU,סרום מרגיע לקרקפת מגורה,,0.00,100.00,false,1.00,65.90,0.01,true,0,
9317129043087,false,פלקסיטול קרם פנים ועפעפיים 40 גרם,טעם טבע אלטמן,AU,קרם פנים ועפעפיים מרגיע ומזין,,0.00,100.00,false,1.00,69.90,0.01,true,0,
9317129043148,false,פלקסיטול קרם לעור יבש מאוד 125 גרם,טעם טבע אלטמן,AU,קרם לעור יבש מאוד,,0.00,100.00,false,1.00,69.90,0.00,true,0,
9317129043155,false,"פלקסיטול - שמפו וקונדישנר מרגיע לקרקפת 210 מ""ל",טעם טבע אלטמן,AU,שמפו וקונדישנר מרגיע לקרקפת,,0.00,100.00,false,1.00,65.90,0.00,true,0,
9317129043186,false,פלקסיטול משחה לשפתיים - מנטה,טעם טבע אלטמן,AU,משחה לשפתיים - מנטה,,0.00,100.00,false,1.00,35.90,0.03,true,0,
9317129043193,false,פלקסיטול משחה לשפתיים - פירות יער,טעם טבע אלטמן,AU,משחה לשפתיים - פירות יער,,0.00,100.00,false,1.00,35.90,0.03,true,0,
9319871000042,false,משחת שיניים מלבינה PROFESSIONAL CHOICE,כמיפל,CN,White Glo Professional Choice משחת שיניים מלבינה* הבחירה של המקצוענים,,0.00,0.00,false,1.00,29.90,0.29,true,0,
9319871000325,false,משחת שיניים מלבינה להסרת כתמי קפה ותה,כמיפל,CN,משחת שיניים מלבינה* להסרת כתמי קפה ותה White Coffee & Tea Glo,,0.00,0.00,false,1.00,29.90,0.29,true,0,
9319871000622,false,משחת שיניים מלבינה - הנוסחה למעשנים,כמיפל,CN,משחת שיניים מלבינה הנוסחה למעשנים White Glo Smokers Formula,,0.00,0.00,false,1.00,29.90,0.29,true,0,
9319871000660,false,משחת שיניים צמחית מלבינה הרבל וויט,כמיפל,CN,משחת שיניים צמחית מלבינה White Glo Herbal White,,0.00,0.00,false,1.00,34.90,0.34,true,0,
9319871000875,false,משחת שיניים מלבינה - להסרת כתמים ופלאק,כמיפל,CN,משחת שיניים מלבינה להסרת כתמים ופלאק White Glo Anti-Plaque,,0.00,0.00,false,1.00,29.90,0.29,true,0,
9319871000943,false,משחת שיניים מלבינה עם פחם פעיל להסרת כתמ,כמיפל,CN,משחת שיניים מלבינה* עם פחם פעיל להסרת כתמים יסודית White Glo DSR,,0.00,0.00,false,1.00,29.90,0.29,true,0,
9319871001018,false,משחת שיניים מלבינה עם פחם פעיל למניעת רי,כמיפל,CN,משחת שיניים מלבינה* עם פחם פעיל למניעת ריח רע מהפה White Glo BBE,,0.00,0.00,false,1.00,29.90,0.29,true,0,
9319871001056,false,שטיפת פה עם פחם פעיל לטיפול בריח רע מהפה,כמיפל,CN,שטיפת פה עם פחם פעיל לטיפול בריח רע מהפה  White Glo Mouth Wash BBE,,0.00,100.00,false,1.00,34.90,0.00,true,0,
9319871001230,false,משחת שיניים מלבינה עם שמן קוקוס,כמיפל,CN,White Glo with Coconut Oil משחת שיניים מלבינה עם שמן קוקוס,,0.00,0.00,false,1.00,29.90,0.24,true,0,
9319871001322,false,מברשת שיניים במבוק ידידותית לסביבה בודד,כמיפל,CN,מברשת שיניים במבוק ידידותית לסביבה,,0.00,0.00,false,1.00,14.90,14.90,true,0,
9319871001445,false,מברשות שיניים במבוק ידידותית לסביבה 4 יח,כמיפל,CN,מברשת שיניים במבוק ידידותית לסביבה - מארז,,0.00,0.00,false,1.00,49.90,12.47,true,0,
9319871001568,false,קיסמי שיניים עם חוט דנטלי - 100 יחידות,כמיפל,CN,קיסמי שיניים עם חוט דנטלי,,0.00,0.00,false,1.00,29.90,0.29,true,0,
9319871001582,false,קיסמי שיניים עם חוט דנטלי ידית אקולוגית,כמיפל,CN,קיסמי שיניים עם חוט דנטלי - ידית אקולוגית,,0.00,0.00,false,1.00,29.90,0.42,true,0,
9319871001711,false,משחת שיניים להלבנה עוצמתית שמן זרעי המפ,כמיפל,CN,משחת שיניים להלבנה עוצמתית עם שמן זרעי המפ,,0.00,0.00,false,1.00,39.90,0.39,true,0,
9324054906394,false,כלורוקס מגבוני ניקוי אקספרט פלופאק 30 יח,כלורקס,US,מגבוני ניקוי וחיטוי בניחוח מרענן,,0.00,0.00,false,1.00,9.00,0.00,true,0,
9324054906400,false,כלורוקס מגבוני ניקוי אקספרט במיכל 30 יח,כלורקס,US,מגבוני ניקוי וחיטוי בניחוח מרענן בקופסה נוחה לשליפה,,0.00,0.00,false,1.00,17.90,0.00,true,0,
9335782000025,false,ביורה מדבקות אף לניקוי נקבוביות עמוק ב,General,FR,מדבקות אף לניקוי נקבוביות עמוק במיוחד,,0.00,0.00,false,1.00,29.90,0.00,true,0,
9335782000094,false,ביורה מדבקות לניקוי נקבוביות,General,JP,מדבקות לניקוי נקבוביות,,0.00,0.00,false,1.00,42.90,0.00,true,0,
9335782003545,false,ביורה תרחיץ פנים מועשר בפחם לניקוי נקבוב,General,DE,תרחיץ פנים מועשר בפחם לניקוי נקבוביות עמוק,,0.00,100.00,false,1.00,39.90,0.00,true,0,
9336628003446,false,INTERPIK,סיראם,CN,INTERPIK קיסמים עם ציפוי גומי רך,,0.00,0.00,false,1.00,58.90,0.00,true,0,
9700000366182,false,ערכה ליולדת עיצוב חדש 2022,פיליפ חדד,,הערכה המושלמת לילד,,0.00,0.00,false,1.00,89.00,0.00,true,0,
