chain_id,store_id,price
7290027600007,185,46.90
